utcTimestampInMinutes,open,high,low,close,volume,deltaOpen,deltaHigh,deltaClose
29012046,8027844000,8038854000,8024174000,8025764000,178,3670000,14680000,1590000
29012047,8024814000,8025504000,8011284000,8014214000,172,13530000,14220000,2930000
29012048,8013594000,8014504000,7987374000,7991714000,170,26220000,27130000,4340000
29012049,7993064000,7993974000,7981704000,7986494000,168,11360000,12270000,4790000
29012050,7987294000,7998244000,7984985000,7994284000,149,2309000,13259000,9299000
29012051,7993794000,7994614000,7964704000,7975624000,166,29090000,29910000,10920000
29012052,7976204000,7976204000,7962100000,7967174000,155,14104000,14104000,5074000
29012053,7966804000,7969656000,7957774000,7966234000,163,9030000,11882000,8460000
29012054,7965984000,7969664000,7951894000,7952444000,124,14090000,17770000,550000
29012055,7952064000,7962974000,7951734000,7960174000,142,330000,11240000,8440000
29012056,7960137000,7967464000,7952974000,7965974000,163,7163000,14490000,13000000
29012057,7966374000,7984824000,7961653000,7965174000,181,4721000,23171000,3521000
29012058,7964704000,7964704000,7952764000,7957814000,156,11940000,11940000,5050000
29012059,7960964000,7965854000,7943514000,7945884000,157,17450000,22340000,2370000
29012060,7946014000,7950104000,7919610000,7929414000,188,26404000,30494000,9804000
29012061,7928184000,7947834000,7917884000,7947364000,206,10300000,29950000,29480000
29012062,7947306000,7947804000,7934204000,7947804000,188,13102000,13600000,13600000
29012063,7948104000,7952164000,7932312000,7937474000,183,15792000,19852000,5162000
29012064,7938824000,7943974000,7927784000,7935214000,150,11040000,16190000,7430000
29012065,7936034000,7955474000,7935454000,7955234000,133,580000,20020000,19780000
29012066,7955874000,7967144000,7946024000,7946024000,175,9850000,21120000,0
29012067,7941384000,7941384000,7931535000,7937304000,157,9849000,9849000,5769000
29012068,7936544000,7938274000,7924484000,7936137000,164,12060000,13790000,11653000
29012069,7936554000,7948974000,7935834000,7944524000,124,720000,13140000,8690000
29012070,7946674000,7957594000,7939584000,7956875000,183,7090000,18010000,17291000
29012071,7956984000,7965574000,7953234000,7958844000,172,3750000,12340000,5610000
29012072,7959384000,7973144000,7948004000,7972954000,164,11380000,25140000,24950000
29012073,7972974000,7977284000,7966984000,7970474000,153,5990000,10300000,3490000
29012074,7970474000,7975134000,7961354000,7964374000,142,9120000,13780000,3020000
29012075,7964984000,7974504000,7964984000,7971084000,128,0,9520000,6100000
29012076,7971764000,7981844000,7963904000,7963904000,129,7860000,17940000,0
29012077,7961764000,7961764000,7942325000,7944784000,182,19439000,19439000,2459000
29012078,7944534000,7951636000,7943004000,7946094000,150,1530000,8632000,3090000
29012079,7944294000,7951974000,7942564000,7942924000,135,1730000,9410000,360000
29012080,7943714000,7943714000,7928984000,7930684000,135,14730000,14730000,1700000
29012081,7931974000,7938074000,7925294000,7931747000,161,6680000,12780000,6453000
29012082,7931954000,7940734000,7930794000,7934054000,157,1160000,9940000,3260000
29012083,7934314000,7938874000,7930224000,7936984000,122,4090000,8650000,6760000
29012084,7937194000,7938974000,7928704000,7930414000,126,8490000,10270000,1710000
29012085,7929932000,7932954000,7923984000,7928974000,154,5948000,8970000,4990000
29012086,7929484000,7929714000,7891431000,7908871000,160,38053000,38283000,17440000
29012087,7908974000,7943974000,7907484000,7943874000,212,1490000,36490000,36390000
29012088,7943974000,7948874000,7919153000,7928984000,213,24821000,29721000,9831000
29012089,7928994000,7941754000,7911364000,7922424000,210,17630000,30390000,11060000
29012090,7922454000,7924314000,7898984000,7911243000,187,23470000,25330000,12259000
29012091,7910918000,7923534000,7903938000,7919344000,202,6980000,19596000,15406000
29012092,7919344000,7925684000,7911124000,7916114000,179,8220000,14560000,4990000
29012093,7914962000,7924974000,7908204000,7923134000,175,6758000,16770000,14930000
29012094,7923134000,7951294000,7918379000,7939014000,173,4755000,32915000,20635000
29012095,7936984000,7950154000,7932664000,7950154000,176,4320000,17490000,17490000
29012096,7950444000,7956924000,7941704000,7955841000,155,8740000,15220000,14137000
29012097,7955603000,7955603000,7942304000,7942304000,150,13299000,13299000,0
29012098,7940904000,7945774000,7934654000,7943484000,141,6250000,11120000,8830000
29012099,7943724000,7947194000,7930854000,7930854000,104,12870000,16340000,0
29012100,7929614000,7947284000,7925993000,7947054000,137,3621000,21291000,21061000
29012101,7947724000,7966474000,7947724000,7963914000,149,0,18750000,16190000
29012102,7965184000,7968984000,7959494000,7968984000,120,5690000,9490000,9490000
29012103,7969534000,7976264000,7966984000,7975954000,123,2550000,9280000,8970000
29012104,7974504000,7990164000,7974504000,7987684000,140,0,15660000,13180000
29012105,7989774000,7996374000,7981474000,7983714000,148,8300000,14900000,2240000
29012106,7983954000,7994514000,7978404000,7989854000,150,5550000,16110000,11450000
29012107,7989854000,7989854000,7973804000,7976794000,127,16050000,16050000,2990000
29012108,7975004000,7976824000,7963034000,7976164000,130,11970000,13790000,13130000
29012109,7975984000,7976974000,7964694000,7967884000,126,11290000,12280000,3190000
29012110,7968964000,7972764000,7959254000,7965654000,132,9710000,13510000,6400000
29012111,7965362000,7970244000,7959784000,7968554000,148,5578000,10460000,8770000
29012112,7969484000,7981984000,7966174000,7976684000,108,3310000,15810000,10510000
29012113,7978594000,7978594000,7967624000,7967954000,109,10970000,10970000,330000
29012114,7968914000,7972386000,7964471000,7970284000,124,4443000,7915000,5813000
29012115,7971014000,7976664000,7965114000,7976664000,115,5900000,11550000,11550000
29012116,7977574000,7983624000,7976664000,7983624000,115,910000,6960000,6960000
29012117,7983974000,7998474000,7982649000,7993236000,158,1325000,15825000,10587000
29012118,7993223000,8006974000,7987484000,8005550000,139,5739000,19490000,18066000
29012119,8006194000,8020814000,7998344000,8001584000,158,7850000,22470000,3240000
29012120,8001724000,8001724000,7984124000,7988974000,152,17600000,17600000,4850000
29012121,7989654000,7989654000,7975488000,7980954000,155,14166000,14166000,5466000
29012122,7980984000,7986059000,7971574000,7977234000,135,9410000,14485000,5660000
29012123,7977754000,7988324000,7973984000,7987584000,115,3770000,14340000,13600000
29012124,7988244000,7988584000,7963914000,7963914000,120,24330000,24670000,0
29012125,7963854000,7965084000,7954654000,7960174000,139,9200000,10430000,5520000
29012126,7960194000,7964474000,7945984000,7949444000,145,14210000,18490000,3460000
29012127,7949944000,7955974000,7943534000,7953484000,158,6410000,12440000,9950000
29012128,7953242000,7957244000,7933984000,7934484000,140,19258000,23260000,500000
29012129,7934894000,7950154000,7934884000,7946224000,123,10000,15270000,11340000
29012130,7945474000,7953134000,7940314000,7948574000,154,5160000,12820000,8260000
29012131,7949264000,7962414000,7949264000,7950724000,167,0,13150000,1460000
29012132,7951804000,7951974000,7936344000,7939574000,165,15460000,15630000,3230000
29012133,7939219000,7941974000,7920204000,7926564000,111,19015000,21770000,6360000
29012134,7927304000,7935824000,7919434000,7924984000,160,7870000,16390000,5550000
29012135,7924180000,7924704000,7914084000,7918074000,148,10096000,10620000,3990000
29012136,7917964000,7918974000,7887394000,7897704000,165,30570000,31580000,10310000
29012137,7898404000,7908974000,7893174000,7896844000,181,5230000,15800000,3670000
29012138,7897704000,7910974000,7897704000,7909914000,160,0,13270000,12210000
29012139,7909384000,7918964000,7905984000,7912724000,146,3400000,12980000,6740000
29012140,7912334000,7925234000,7908514000,7922184000,132,3820000,16720000,13670000
29012141,7924954000,7930054000,7917324000,7925004000,162,7630000,12730000,7680000
29012142,7927764000,7930484000,7918094000,7930274000,127,9670000,12390000,12180000
29012143,7931584000,7937414000,7912104000,7914574000,169,19480000,25310000,2470000
29012144,7915734000,7922994000,7914684000,7919904000,142,1050000,8310000,5220000
29012145,7919265000,7922874000,7908984000,7913154000,162,10281000,13890000,4170000
29012146,7913154000,7918304000,7907784000,7910494000,144,5370000,10520000,2710000
29012147,7913244000,7913244000,7892984000,7896424000,141,20260000,20260000,3440000
29012148,7898034000,7901924000,7889844000,7889844000,148,8190000,12080000,0
29012149,7890794000,7898583000,7879569000,7895454000,153,11225000,19014000,15885000
29012150,7895594000,7906984000,7889704000,7906984000,163,5890000,17280000,17280000
29012151,7907434000,7914774000,7898474000,7898474000,163,8960000,16300000,0
29012152,7902304000,7902304000,7895324000,7895814000,113,6980000,6980000,490000
29012153,7897344000,7901724000,7882524000,7886824000,150,14820000,19200000,4300000
29012154,7886974000,7898974000,7886974000,7895134000,148,0,12000000,8160000
29012155,7895564000,7903121000,7890982000,7890982000,114,4582000,12139000,0
29012156,7890581000,7901574000,7881364000,7900604000,151,9217000,20210000,19240000
29012157,7900334000,7918804000,7898574000,7917744000,129,1760000,20230000,19170000
29012158,7917564000,7922974000,7904794000,7908974000,142,12770000,18180000,4180000
29012159,7908894000,7917644000,7908244000,7914974000,96,650000,9400000,6730000
29012160,7914824000,7917974000,7899604000,7917554000,129,15220000,18370000,17950000
29012161,7917064000,7928854000,7912764000,7920724000,138,4300000,16090000,7960000
29012162,7920724000,7931684000,7916264000,7929414000,142,4460000,15420000,13150000
29012163,7929054000,7939796000,7925644000,7934784000,125,3410000,14152000,9140000
29012164,7935314000,7937974000,7927724000,7932284000,133,7590000,10250000,4560000
29012165,7932284000,7932974000,7908064000,7913664000,144,24220000,24910000,5600000
29012166,7914324000,7927494000,7909634000,7921924000,153,4690000,17860000,12290000
29012167,7922894000,7928364000,7912294000,7926524000,129,10600000,16070000,14230000
29012168,7927164000,7935374000,7925137000,7929274000,110,2027000,10237000,4137000
29012169,7928984000,7930654000,7925484000,7926724000,111,3500000,5170000,1240000
29012170,7925289000,7926374000,7911984000,7919664000,146,13305000,14390000,7680000
29012171,7920404000,7920404000,7889654000,7891964000,158,30750000,30750000,2310000
29012172,7891974000,7892054000,7870511000,7870511000,163,21463000,21543000,0
29012173,7869884000,7882664000,7864989000,7868304000,174,4895000,17675000,3315000
29012174,7868444000,7881124000,7858804000,7874734000,192,9640000,22320000,15930000
29012175,7875054000,7877454000,7857494000,7863144000,199,17560000,19960000,5650000
29012176,7863794000,7872474000,7849104000,7852384000,211,14690000,23370000,3280000
29012177,7852544000,7863184000,7835635000,7838235000,197,16909000,27549000,2600000
29012178,7838604000,7856974000,7835344000,7855224000,199,3260000,21630000,19880000
29012179,7855534000,7864864000,7847232000,7852254000,201,8302000,17632000,5022000
29012180,7852064000,7866914000,7845598000,7866114000,190,6466000,21316000,20516000
29012181,7866644000,7888534000,7865977000,7884164000,205,667000,22557000,18187000
29012182,7883105000,7883105000,7850874000,7854073000,188,32231000,32231000,3199000
29012183,7853850000,7855854000,7841344000,7841344000,163,12506000,14510000,0
29012184,7840404000,7850264000,7836984000,7848274000,189,3420000,13280000,11290000
29012185,7847734000,7853154000,7831644000,7853154000,193,16090000,21510000,21510000
29012186,7853654000,7861174000,7843104000,7855764000,182,10550000,18070000,12660000
29012187,7856704000,7858224000,7836414000,7846264000,177,20290000,21810000,9850000
29012188,7846924000,7870284000,7846924000,7866584000,178,0,23360000,19660000
29012189,7866834000,7887124000,7860514000,7882604000,174,6320000,26610000,22090000
29012190,7880905000,7891564000,7871813000,7871813000,194,9092000,19751000,0
29012191,7871689000,7902154000,7871341000,7900774000,185,348000,30813000,29433000
29012192,7899894000,7918034000,7898714000,7916884000,177,1180000,19320000,18170000
29012193,7916492000,7920454000,7888294000,7908254000,184,28198000,32160000,19960000
29012194,7908254000,7916974000,7894640000,7894640000,167,13614000,22334000,0
29012195,7894904000,7913454000,7890161000,7903984000,160,4743000,23293000,13823000
29012196,7903204000,7915144000,7901984000,7908104000,161,1220000,13160000,6120000
29012197,7908504000,7908726000,7888984000,7891664000,176,19520000,19742000,2680000
29012198,7892734000,7893634000,7878894000,7886004000,171,13840000,14740000,7110000
29012199,7886694000,7890774000,7879504000,7885224000,162,7190000,11270000,5720000
29012200,7885404000,7887974000,7870584000,7873974000,152,14820000,17390000,3390000
29012201,7873944000,7885834000,7870734000,7870754000,139,3210000,15100000,20000
29012202,7871504000,7872054000,7856204000,7856434000,139,15300000,15850000,230000
29012203,7856854000,7872424000,7855984000,7866264000,136,870000,16440000,10280000
29012204,7866604000,7869144000,7845974000,7845974000,144,20630000,23170000,0
29012205,7844784000,7861804000,7820904000,7838974000,196,23880000,40900000,18070000
29012206,7839224000,7847688000,7824434000,7831324000,185,14790000,23254000,6890000
29012207,7831584000,7843784000,7828154000,7836864000,199,3430000,15630000,8710000
29012208,7836754000,7858074000,7833721000,7840804000,181,3033000,24353000,7083000
29012209,7843094000,7853974000,7843094000,7851814000,170,0,10880000,8720000
29012210,7852734000,7863974000,7845629000,7862974000,167,7105000,18345000,17345000
29012211,7862990000,7865574000,7834904000,7836984000,168,28086000,30670000,2080000
29012212,7837634000,7856204000,7837634000,7854684000,170,0,18570000,17050000
29012213,7855134000,7868974000,7852264000,7868974000,145,2870000,16710000,16710000
29012214,7869654000,7873394000,7864454000,7872794000,143,5200000,8940000,8340000
29012215,7872124000,7892764000,7868084000,7892764000,123,4040000,24680000,24680000
29012216,7895284000,7906774000,7882950000,7906664000,158,12334000,23824000,23714000
29012217,7906784000,7906784000,7892304000,7893054000,133,14480000,14480000,750000
29012218,7893124000,7902784000,7893124000,7900894000,122,0,9660000,7770000
29012219,7900504000,7900504000,7893124000,7894554000,107,7380000,7380000,1430000
29012220,7893594000,7918974000,7887064000,7918974000,151,6530000,31910000,31910000
29012221,7919334000,7932254000,7913014000,7916974000,171,6320000,19240000,3960000
29012222,7916634000,7917634000,7905494000,7906184000,140,11140000,12140000,690000
29012223,7905582000,7921314000,7903874000,7910750000,137,1708000,17440000,6876000
29012224,7910364000,7920614000,7908194000,7908244000,158,2170000,12420000,50000
29012225,7907784000,7917884000,7906187000,7913984000,149,1597000,11697000,7797000
29012226,7913145000,7913968000,7901984000,7903144000,118,11161000,11984000,1160000
29012227,7903981000,7916974000,7903981000,7915304000,113,0,12993000,11323000
29012228,7916964000,7926634000,7913046000,7924049000,111,3918000,13588000,11003000
29012229,7922767000,7937454000,7922756000,7935692000,136,11000,14698000,12936000
29012230,7935694000,7941914000,7925154000,7926874000,126,10540000,16760000,1720000
29012231,7929434000,7938994000,7929074000,7931104000,157,360000,9920000,2030000
29012232,7930939000,7933974000,7921944000,7927984000,132,8995000,12030000,6040000
29012233,7929174000,7929384000,7916105000,7920894000,132,13069000,13279000,4789000
29012234,7918214000,7918214000,7907994000,7911264000,126,10220000,10220000,3270000
29012235,7910984000,7927604000,7908894000,7925854000,149,2090000,18710000,16960000
29012236,7926064000,7943974000,7925894000,7943694000,151,170000,18080000,17800000
29012237,7943934000,7950504000,7937424000,7944244000,170,6510000,13080000,6820000
29012238,7943724000,7945834000,7936684000,7939934000,129,7040000,9150000,3250000
29012239,7940704000,7940944000,7929484000,7930164000,128,11220000,11460000,680000
29012240,7931554000,7933194000,7926304000,7927814000,112,5250000,6890000,1510000
29012241,7927954000,7933544000,7920124000,7932364000,141,7830000,13420000,12240000
29012242,7932364000,7951364000,7929730000,7947304000,129,2634000,21634000,17574000
29012243,7947064000,7978284000,7945424000,7978284000,132,1640000,32860000,32860000
29012244,7979324000,7982714000,7956714000,7971204000,174,22610000,26000000,14490000
29012245,7971194000,7993694000,7958684000,7980964000,179,12510000,35010000,22280000
29012246,7980314000,7994734000,7976790000,7992717000,185,3524000,17944000,15927000
29012247,7992714000,8013974000,7992054000,8010154000,179,660000,21920000,18100000
29012248,8010014000,8037774000,8005234000,8028984000,178,4780000,32540000,23750000
29012249,8030874000,8043974000,8022339000,8037244000,183,8535000,21635000,14905000
29012250,8035454000,8064774000,8025784000,8061124000,188,9670000,38990000,35340000
29012251,8062840000,8067998000,8039201000,8052924000,199,23639000,28797000,13723000
29012252,8051974000,8061724000,8050974000,8059764000,154,1000000,10750000,8790000
29012253,8060504000,8062694000,8055534000,8058644000,142,4970000,7160000,3110000
29012254,8058884000,8059044000,8053824000,8056984000,145,5060000,5220000,3160000
29012255,8056316000,8065374000,8053740000,8059984000,139,2576000,11634000,6244000
29012256,8058604000,8065374000,8053704000,8059654000,120,4900000,11670000,5950000
29012257,8061214000,8062124000,8049864000,8055194000,118,11350000,12260000,5330000
29012258,8053984000,8055724000,8036484000,8036714000,160,17500000,19240000,230000
29012259,8037264000,8046194000,8036484000,8041574000,124,780000,9710000,5090000
29012260,8042374000,8046534000,8027224000,8027224000,140,15150000,19310000,0
29012261,8029224000,8029224000,8015854000,8015854000,136,13370000,13370000,0
29012262,8013984000,8028974000,8011474000,8028234000,151,2510000,17500000,16760000
29012263,8026384000,8028444000,8014503000,8014503000,127,11881000,13941000,0
29012264,8014484000,8015494000,8003400000,8008234000,160,11084000,12094000,4834000
29012265,8008694000,8020664000,7999580000,8019134000,153,9114000,21084000,19554000
29012266,8015802000,8023034000,8015650000,8023034000,112,152000,7384000,7384000
29012267,8023044000,8025974000,8012104000,8022844000,124,10940000,13870000,10740000
29012268,8021620000,8022123000,8009114000,8010584000,127,12506000,13009000,1470000
29012269,8010451000,8018874000,8009704000,8012774000,93,747000,9170000,3070000
29012270,8012974000,8021934000,8009614000,8020934000,104,3360000,12320000,11320000
29012271,8019847000,8035054000,8018874000,8033984000,129,973000,16180000,15110000
29012272,8034244000,8045774000,8029884000,8043994000,123,4360000,15890000,14110000
29012273,8041914000,8045184000,8034484000,8045184000,130,7430000,10700000,10700000
29012274,8045294000,8046314000,8026884000,8027734000,125,18410000,19430000,850000
29012275,8027734000,8032344000,8021314000,8026924000,135,6420000,11030000,5610000
29012276,8026924000,8032934000,8023094000,8030384000,124,3830000,9840000,7290000
29012277,8030474000,8030474000,8022974000,8026234000,106,7500000,7500000,3260000
29012278,8026854000,8032924000,8018434000,8030584000,116,8420000,14490000,12150000
29012279,8030054000,8030074000,8024004000,8028974000,77,6050000,6070000,4970000
29012280,8028514000,8041284000,8027724000,8036984000,112,790000,13560000,9260000
29012281,8038174000,8038174000,8027824000,8030124000,105,10350000,10350000,2300000
29012282,8029984000,8031264000,8014264000,8014264000,103,15720000,17000000,0
29012283,8014124000,8014124000,8003824000,8006524000,115,10300000,10300000,2700000
29012284,8005484000,8012384000,8003284000,8009354000,120,2200000,9100000,6070000
29012285,8009201000,8009201000,7991784000,7991784000,139,17417000,17417000,0
29012286,7989514000,7991164000,7971974000,7973604000,168,17540000,19190000,1630000
29012287,7974724000,7984554000,7969984000,7984554000,150,4740000,14570000,14570000
29012288,7983934000,7985734000,7968984000,7970394000,132,14950000,16750000,1410000
29012289,7970804000,7973474000,7961554000,7968974000,112,9250000,11920000,7420000
29012290,7968454000,7978284000,7967094000,7974974000,130,1360000,11190000,7880000
29012291,7974993000,7987194000,7974001000,7987194000,131,992000,13193000,13193000
29012292,7985984000,7988144000,7983308000,7986974000,135,2676000,4836000,3666000
29012293,7986904000,7988974000,7983614000,7988974000,97,3290000,5360000,5360000
29012294,7989594000,7997754000,7986744000,7990724000,106,2850000,11010000,3980000
29012295,7990709000,7992594000,7979094000,7979094000,123,11615000,13500000,0
29012296,7980724000,7987304000,7977654000,7983584000,102,3070000,9650000,5930000
29012297,7983794000,7997124000,7981834000,7996404000,107,1960000,15290000,14570000
29012298,7993113000,8007774000,7993014000,7995484000,95,99000,14760000,2470000
29012299,7997184000,7998744000,7985077000,7985974000,112,12107000,13667000,897000
29012300,7985942000,7986494000,7965304000,7972444000,130,20638000,21190000,7140000
29012301,7971764000,7971764000,7950524000,7963144000,148,21240000,21240000,12620000
29012302,7963116000,7973974000,7962494000,7971624000,110,622000,11480000,9130000
29012303,7972494000,7973284000,7967084000,7971854000,99,5410000,6200000,4770000
29012304,7972064000,7976674000,7967844000,7976674000,83,4220000,8830000,8830000
29012305,7975874000,7987284000,7972094000,7978404000,106,3780000,15190000,6310000
29012306,7978974000,7978974000,7971568000,7971734000,91,7406000,7406000,166000
29012307,7971894000,7978364000,7966984000,7977454000,113,4910000,11380000,10470000
29012308,7977005000,7984514000,7976075000,7984514000,91,930000,8439000,8439000
29012309,7983974000,7991274000,7983974000,7989904000,76,0,7300000,5930000
29012310,7990234000,7998964000,7987384000,7988164000,132,2850000,11580000,780000
29012311,7988734000,7988734000,7974984000,7976294000,100,13750000,13750000,1310000
29012312,7976834000,7980074000,7975384000,7975884000,84,1450000,4690000,500000
29012313,7975384000,7985454000,7975384000,7983174000,98,0,10070000,7790000
29012314,7982484000,7987904000,7975544000,7976974000,87,6940000,12360000,1430000
29012315,7976974000,7976974000,7969024000,7969984000,104,7950000,7950000,960000
29012316,7969024000,7975044000,7967614000,7969744000,92,1410000,7430000,2130000
29012317,7971644000,7971644000,7953074000,7965024000,132,18570000,18570000,11950000
29012318,7963966000,7971204000,7959184000,7967174000,97,4782000,12020000,7990000
29012319,7965304000,7975484000,7962854000,7970594000,110,2450000,12630000,7740000
29012320,7970674000,7978044000,7969234000,7976654000,88,1440000,8810000,7420000
29012321,7977964000,7983344000,7974664000,7982784000,94,3300000,8680000,8120000
29012322,7981944000,7981944000,7972674000,7976751000,87,9270000,9270000,4077000
29012323,7976198000,7984634000,7973031000,7981674000,94,3167000,11603000,8643000
29012324,7982374000,7987574000,7979104000,7982598000,106,3270000,8470000,3494000
29012325,7982509000,7993654000,7979484000,7991844000,118,3025000,14170000,12360000
29012326,7991234000,7998774000,7987512000,7996484000,106,3722000,11262000,8972000
29012327,7996244000,8001594000,7992124000,8000474000,88,4120000,9470000,8350000
29012328,7999954000,8018234000,7999195000,8016374000,145,759000,19039000,17179000
29012329,8016474000,8016474000,8008244000,8013174000,98,8230000,8230000,4930000
29012330,8012224000,8014341000,8006444000,8010274000,116,5780000,7897000,3830000
29012331,8009624000,8023634000,8004894000,8008809000,124,4730000,18740000,3915000
29012332,8008245000,8008245000,7997194000,7997194000,117,11051000,11051000,0
29012333,7998254000,8007334000,7994414000,8003734000,108,3840000,12920000,9320000
29012334,8003424000,8003424000,7996734000,7996734000,61,6690000,6690000,0
29012335,7996404000,7996404000,7980084000,7981784000,124,16320000,16320000,1700000
29012336,7981234000,7981234000,7974574000,7977754000,129,6660000,6660000,3180000
29012337,7978284000,7989644000,7977174000,7989644000,110,1110000,12470000,12470000
29012338,7989463000,7994984000,7985944000,7990284000,103,3519000,9040000,4340000
29012339,7990484000,8004504000,7990484000,7996234000,99,0,14020000,5750000
29012340,7995974000,8002524000,7993984000,7994473000,118,1990000,8540000,489000
29012341,7994544000,8016494000,7994422000,8014444000,141,122000,22072000,20022000
29012342,8015054000,8020424000,8013284000,8016364000,129,1770000,7140000,3080000
29012343,8014554000,8017284000,8002894000,8011141000,135,11660000,14390000,8247000
29012344,8011324000,8015074000,8006284000,8011744000,126,5040000,8790000,5460000
29012345,8010624000,8028944000,8007263000,8019184000,142,3361000,21681000,11921000
29012346,8015064000,8029774000,8013984000,8029774000,137,1080000,15790000,15790000
29012347,8029874000,8029944000,8018254000,8018254000,118,11620000,11690000,0
29012348,8020004000,8025764000,8004254000,8004804000,111,15750000,21510000,550000
29012349,8006824000,8007664000,7994614000,7995444000,106,12210000,13050000,830000
29012350,7995344000,8005584000,7992994000,7999174000,101,2350000,12590000,6180000
29012351,7998984000,8003234000,7993184000,8003234000,111,5800000,10050000,10050000
29012352,8003974000,8015874000,8003574000,8010354000,132,400000,12300000,6780000
29012353,8010354000,8021034000,8008224000,8020694000,109,2130000,12810000,12470000
29012354,8020214000,8024474000,8016984000,8024114000,86,3230000,7490000,7130000
29012355,8024474000,8024474000,8015867000,8024114000,109,8607000,8607000,8247000
29012356,8024114000,8036234000,8024114000,8035194000,130,0,12120000,11080000
29012357,8034234000,8040374000,8026264000,8029206000,129,7970000,14110000,2942000
29012358,8029504000,8029504000,8019784000,8020804000,86,9720000,9720000,1020000
29012359,8019994000,8021404000,8017604000,8018574000,92,2390000,3800000,970000
29012360,8017780000,8021474000,8017164000,8017974000,55,616000,4310000,810000
29012361,8018714000,8021474000,8015204000,8019724000,78,3510000,6270000,4520000
29012362,8019016000,8024774000,8015325000,8024474000,81,3691000,9449000,9149000
29012363,8024294000,8034474000,8024294000,8028974000,104,0,10180000,4680000
29012364,8029534000,8040364000,8027684000,8039724000,82,1850000,12680000,12040000
29012365,8040094000,8051574000,8039494000,8050964000,110,600000,12080000,11470000
29012366,8050711000,8060974000,8047484000,8055524000,131,3227000,13490000,8040000
29012367,8054864000,8057674000,8044134000,8044884000,110,10730000,13540000,750000
29012368,8045474000,8048854000,8040834000,8048474000,125,4640000,8020000,7640000
29012369,8048026000,8060964000,8046084000,8056974000,82,1942000,14880000,10890000
29012370,8056244000,8057384000,8046414000,8046704000,101,9830000,10970000,290000
29012371,8045784000,8054404000,8045044000,8054404000,119,740000,9360000,9360000
29012372,8053875000,8053875000,8043744000,8044184000,90,10131000,10131000,440000
29012373,8043384000,8055574000,8042164000,8055044000,80,1220000,13410000,12880000
29012374,8054234000,8065014000,8054234000,8055934000,95,0,10780000,1700000
29012375,8056294000,8068064000,8045524000,8047484000,123,10770000,22540000,1960000
29012376,8048274000,8052650000,8046864000,8049614000,83,1410000,5786000,2750000
29012377,8049984000,8061904000,8045104000,8045104000,127,4880000,16800000,0
29012378,8046304000,8051384000,8042074000,8043974000,97,4230000,9310000,1900000
29012379,8044404000,8054884000,8043864000,8054884000,69,540000,11020000,11020000
29012380,8055564000,8066844000,8051324000,8062754000,93,4240000,15520000,11430000
29012381,8063031000,8078974000,8063031000,8073974000,146,0,15943000,10943000
29012382,8073274000,8076674000,8063894000,8071124000,133,9380000,12780000,7230000
29012383,8071524000,8075794000,8060784000,8066104000,120,10740000,15010000,5320000
29012384,8065794000,8065794000,8052584000,8052584000,93,13210000,13210000,0
29012385,8052167000,8055917000,8043724000,8044984000,125,8443000,12193000,1260000
29012386,8044244000,8051414000,8044222000,8046104000,115,22000,7192000,1882000
29012387,8046464000,8064054000,8046464000,8064054000,102,0,17590000,17590000
29012388,8062824000,8071324000,8062824000,8070574000,113,0,8500000,7750000
29012389,8071974000,8072744000,8062454000,8065024000,75,9520000,10290000,2570000
29012390,8067025000,8072349000,8062574000,8064564000,95,4451000,9775000,1990000
29012391,8066504000,8071204000,8064514000,8064514000,73,1990000,6690000,0
29012392,8063904000,8070234000,8059424000,8069974000,84,4480000,10810000,10550000
29012393,8070574000,8072584000,8063234000,8063234000,57,7340000,9350000,0
29012394,8061082000,8061082000,8045874000,8047964000,105,15208000,15208000,2090000
29012395,8048974000,8054574000,8042284000,8043384000,83,6690000,12290000,1100000
29012396,8041784000,8045134000,8036069000,8036394000,81,5715000,9065000,325000
29012397,8038584000,8045134000,8038104000,8041484000,74,480000,7030000,3380000
29012398,8041974000,8043624000,8041084000,8041164000,39,890000,2540000,80000
29012399,8041564000,8048974000,8041564000,8048494000,38,0,7410000,6930000
29012400,8045034000,8048474000,8034614000,8035224000,108,10420000,13860000,610000
29012401,8034904000,8048654000,8029554000,8040994000,149,5350000,19100000,11440000
29012402,8042974000,8047934000,8028594000,8030184000,127,14380000,19340000,1590000
29012403,8030474000,8040124000,8025354000,8025354000,121,5120000,14770000,0
29012404,8025914000,8037254000,8025844000,8025844000,107,70000,11410000,0
29012405,8027694000,8028334000,8012924000,8019814000,122,14770000,15410000,6890000
29012406,8019374000,8028174000,8013984000,8020919000,150,5390000,14190000,6935000
29012407,8020914000,8028534000,8019234000,8020634000,143,1680000,9300000,1400000
29012408,8021864000,8027814000,8019894000,8024084000,110,1970000,7920000,4190000
29012409,8024084000,8036974000,8024084000,8034774000,98,0,12890000,10690000
29012410,8034977000,8038974000,8027984000,8030484000,110,6993000,10990000,2500000
29012411,8030154000,8045020000,8030154000,8043984000,117,0,14866000,13830000
29012412,8044604000,8049294000,8035974000,8037484000,107,8630000,13320000,1510000
29012413,8037774000,8038284000,8030934000,8032984000,84,6840000,7350000,2050000
29012414,8034224000,8036664000,8028984000,8029244000,89,5240000,7680000,260000
29012415,8029244000,8037774000,8024424000,8024974000,120,4820000,13350000,550000
29012416,8025584000,8037974000,8024614000,8037974000,145,970000,13360000,13360000
29012417,8036234000,8047214000,8036234000,8044804000,120,0,10980000,8570000
29012418,8043872000,8047774000,8034874000,8035564000,101,8998000,12900000,690000
29012419,8036974000,8043574000,8035194000,8041584000,99,1780000,8380000,6390000
29012420,8042004000,8044774000,8037774000,8040604000,129,4230000,7000000,2830000
29012421,8041564000,8045974000,8035044000,8036374000,88,6520000,10930000,1330000
29012422,8035684000,8042474000,8032404000,8036334000,106,3280000,10070000,3930000
29012423,8035704000,8038174000,8032364000,8033774000,120,3340000,5810000,1410000
29012424,8034574000,8041784000,8033244000,8039994000,73,1330000,8540000,6750000
29012425,8039612000,8044294000,8037074000,8037544000,95,2538000,7220000,470000
29012426,8038974000,8042724000,8029554000,8029554000,113,9420000,13170000,0
29012427,8028604000,8031284000,8024544000,8024544000,86,4060000,6740000,0
29012428,8024554000,8025984000,8022324000,8023414000,47,2230000,3660000,1090000
29012429,8022984000,8022984000,8013994000,8013994000,87,8990000,8990000,0
29012430,8015084000,8020894000,8002371000,8017384000,128,12713000,18523000,15013000
29012431,8018814000,8022974000,8015554000,8017554000,131,3260000,7420000,2000000
29012432,8018044000,8034094000,8017354000,8028844000,132,690000,16740000,11490000
29012433,8029294000,8031404000,8022874000,8026174000,135,6420000,8530000,3300000
29012434,8026174000,8031474000,8024070000,8025364000,122,2104000,7404000,1294000
29012435,8024324000,8026214000,8019144000,8021394000,102,5180000,7070000,2250000
29012436,8021924000,8027734000,8019484000,8027734000,99,2440000,8250000,8250000
29012437,8028494000,8031514000,8019574000,8023704000,98,8920000,11940000,4130000
29012438,8023253000,8028224000,8014334000,8021404000,102,8919000,13890000,7070000
29012439,8022604000,8024974000,8012934000,8015489000,104,9670000,12040000,2555000
29012440,8015714000,8016114000,8008184000,8010024000,112,7530000,7930000,1840000
29012441,8010644000,8013884000,8002680000,8009634000,129,7964000,11204000,6954000
29012442,8010784000,8014474000,8005792000,8012504000,109,4992000,8682000,6712000
29012443,8013204000,8017234000,8009984000,8012584000,121,3220000,7250000,2600000
29012444,8012974000,8016074000,8009984000,8014134000,72,2990000,6090000,4150000
29012445,8013334000,8024364000,8011784000,8020554000,121,1550000,12580000,8770000
29012446,8022481000,8028244000,8016334000,8021274000,140,6147000,11910000,4940000
29012447,8021274000,8027694000,8014504000,8015764000,118,6770000,13190000,1260000
29012448,8015835000,8020974000,8009084000,8009114000,105,6751000,11890000,30000
29012449,8009544000,8021824000,8009544000,8018974000,118,0,12280000,9430000
29012450,8017928000,8031574000,8015784000,8030984000,136,2144000,15790000,15200000
29012451,8030864000,8045474000,8030584000,8045164000,103,280000,14890000,14580000
29012452,8044794000,8056934000,8042984000,8048374000,123,1810000,13950000,5390000
29012453,8047093000,8047104000,8036749000,8038204000,105,10344000,10355000,1455000
29012454,8037784000,8051214000,8037784000,8051214000,94,0,13430000,13430000
29012455,8051544000,8061294000,8049784000,8049784000,101,1760000,11510000,0
29012456,8048984000,8065574000,8046184000,8065574000,119,2800000,19390000,19390000
29012457,8065924000,8071984000,8061624000,8067834000,118,4300000,10360000,6210000
29012458,8067037000,8073974000,8065224000,8072734000,95,1813000,8750000,7510000
29012459,8073154000,8078644000,8068844000,8073344000,96,4310000,9800000,4500000
29012460,8073724000,8076098000,8067324000,8072984000,130,6400000,8774000,5660000
29012461,8072374000,8072374000,8065044000,8065044000,109,7330000,7330000,0
29012462,8065704000,8070774000,8059484000,8070334000,110,6220000,11290000,10850000
29012463,8070564000,8078184000,8066804000,8078184000,110,3760000,11380000,11380000
29012464,8078974000,8093474000,8078974000,8093224000,146,0,14500000,14250000
29012465,8093094000,8096844000,8083004000,8092932000,144,10090000,13840000,9928000
29012466,8092232000,8101044000,8090424000,8091394000,134,1808000,10620000,970000
29012467,8091584000,8117934000,8091361000,8111084000,159,223000,26573000,19723000
29012468,8109874000,8115513000,8107444000,8113984000,131,2430000,8069000,6540000
29012469,8114634000,8126674000,8111394000,8120294000,173,3240000,15280000,8900000
29012470,8120187000,8135974000,8113974000,8113974000,193,6213000,22000000,0
29012471,8114974000,8117834000,8091234000,8098474000,176,23740000,26600000,7240000
29012472,8098384000,8110774000,8091474000,8092644000,168,6910000,19300000,1170000
29012473,8092364000,8102394000,8091984000,8098444000,131,380000,10410000,6460000
29012474,8098254000,8098254000,8083694000,8091534000,138,14560000,14560000,7840000
29012475,8091904000,8095654000,8080574000,8080574000,152,11330000,15080000,0
29012476,8080074000,8086484000,8074564000,8079454000,149,5510000,11920000,4890000
29012477,8079974000,8090334000,8078984000,8087384000,155,990000,11350000,8400000
29012478,8087644000,8089494000,8077484000,8082234000,147,10160000,12010000,4750000
29012479,8081180000,8087484000,8079452000,8083730000,145,1728000,8032000,4278000
29012480,8083201000,8097404000,8081984000,8088164000,123,1217000,15420000,6180000
29012481,8086702000,8106737000,8083724000,8102074000,165,2978000,23013000,18350000
29012482,8102174000,8106474000,8088984000,8088984000,140,13190000,17490000,0
29012483,8089984000,8096514000,8086204000,8086204000,98,3780000,10310000,0
29012484,8085654000,8097614000,8083876000,8083876000,112,1778000,13738000,0
29012485,8083867000,8084277000,8072694000,8074764000,146,11173000,11583000,2070000
29012486,8075334000,8078474000,8066016000,8068964000,123,9318000,12458000,2948000
29012487,8068404000,8070934000,8057774000,8062234000,131,10630000,13160000,4460000
29012488,8061604000,8066334000,8058484000,8063374000,135,3120000,7850000,4890000
29012489,8064234000,8072880000,8058314000,8070094000,144,5920000,14566000,11780000
29012490,8070094000,8144064000,8066984000,8125698000,209,3110000,77080000,58714000
29012491,8124852000,8133974000,8095794000,8111294000,229,29058000,38180000,15500000
29012492,8112384000,8116764000,8090641000,8104724000,223,21743000,26123000,14083000
29012493,8104974000,8105734000,8092204000,8094894000,201,12770000,13530000,2690000
29012494,8095174000,8117394000,8094504000,8116774000,185,670000,22890000,22270000
29012495,8116604000,8141754000,8108470000,8141014000,210,8134000,33284000,32544000
29012496,8141544000,8164454000,8136224000,8155544000,201,5320000,28230000,19320000
29012497,8155334000,8170084000,8148854000,8163044000,192,6480000,21230000,14190000
29012498,8163407000,8169714000,8146234000,8146294000,194,17173000,23480000,60000
29012499,8145754000,8150617000,8129368000,8129368000,182,16386000,21249000,0
29012500,8129394000,8151274000,8126334000,8148824000,197,3060000,24940000,22490000
29012501,8150654000,8166174000,8148254000,8158664000,157,2400000,17920000,10410000
29012502,8157254000,8165634000,8151484000,8157224000,177,5770000,14150000,5740000
29012503,8156994000,8156994000,8138984000,8138984000,164,18010000,18010000,0
29012504,8138894000,8147774000,8134564000,8144814000,147,4330000,13210000,10250000
29012505,8145660000,8145660000,8130394000,8130394000,177,15266000,15266000,0
29012506,8130834000,8140944000,8125344000,8130724000,165,5490000,15600000,5380000
29012507,8129868000,8149604000,8127624000,8148974000,168,2244000,21980000,21350000
29012508,8149174000,8167444000,8146484000,8157624000,154,2690000,20960000,11140000
29012509,8157611000,8167474000,8157574000,8163984000,142,37000,9900000,6410000
29012510,8164394000,8166834000,8155464000,8155464000,133,8930000,11370000,0
29012511,8155514000,8167444000,8149084000,8164684000,149,6430000,18360000,15600000
29012512,8164124000,8169354000,8160884000,8165714000,136,3240000,8470000,4830000
29012513,8165128000,8166914000,8158644000,8164765000,139,6484000,8270000,6121000
29012514,8164984000,8164984000,8153004000,8154474000,125,11980000,11980000,1470000
29012515,8153174000,8153174000,8134144000,8134481000,165,19030000,19030000,337000
29012516,8134454000,8148334000,8132984000,8145404000,122,1470000,15350000,12420000
29012517,8145244000,8145244000,8138259000,8142484000,103,6985000,6985000,4225000
29012518,8143534000,8150074000,8140084000,8147964000,84,3450000,9990000,7880000
29012519,8147994000,8149874000,8144474000,8145204000,96,3520000,5400000,730000
29012520,8147724000,8170074000,8146150000,8166329000,158,1574000,23924000,20179000
29012521,8167124000,8170474000,8157004000,8163664000,187,10120000,13470000,6660000
29012522,8162284000,8169824000,8162284000,8168674000,171,0,7540000,6390000
29012523,8168964000,8169474000,8163104000,8166884000,154,5860000,6370000,3780000
29012524,8166187000,8186884000,8166187000,8185444000,133,0,20697000,19257000
29012525,8185004000,8194094000,8180812000,8190314000,173,4192000,13282000,9502000
29012526,8191614000,8198864000,8187804000,8198864000,150,3810000,11060000,11060000
29012527,8198874000,8217744000,8198874000,8217744000,175,0,18870000,18870000
29012528,8217234000,8232274000,8217234000,8227884000,183,0,15040000,10650000
29012529,8226360000,8230964000,8214634000,8215574000,181,11726000,16330000,940000
29012530,8216974000,8216974000,8200184000,8210334000,180,16790000,16790000,10150000
29012531,8210414000,8213594000,8195724000,8195854000,175,14690000,17870000,130000
29012532,8193558000,8202084000,8185984000,8193674000,154,7574000,16100000,7690000
29012533,8194614000,8195174000,8179574000,8179594000,153,15040000,15600000,20000
29012534,8179954000,8193704000,8176734000,8190134000,147,3220000,16970000,13400000
29012535,8190904000,8193214000,8177094000,8180674000,158,13810000,16120000,3580000
29012536,8179784000,8196974000,8179784000,8192704000,162,0,17190000,12920000
29012537,8193384000,8213784000,8193384000,8202224000,168,0,20400000,8840000
29012538,8201204000,8205634000,8194484000,8194484000,160,6720000,11150000,0
29012539,8194343000,8194343000,8179324000,8186744000,167,15019000,15019000,7420000
29012540,8187574000,8189164000,8178804000,8182574000,152,8770000,10360000,3770000
29012541,8182542000,8182634000,8164315000,8173750000,163,18227000,18319000,9435000
29012542,8173784000,8184454000,8173334000,8177394000,119,450000,11120000,4060000
29012543,8177014000,8183714000,8171054000,8172724000,129,5960000,12660000,1670000
29012544,8173744000,8174244000,8160734000,8166624000,122,13010000,13510000,5890000
29012545,8164134000,8171874000,8157584000,8167474000,133,6550000,14290000,9890000
29012546,8167474000,8175554000,8165354000,8175554000,135,2120000,10200000,10200000
29012547,8176194000,8176264000,8157884000,8158974000,119,18310000,18380000,1090000
29012548,8157784000,8173294000,8157784000,8165204000,122,0,15510000,7420000
29012549,8164874000,8180434000,8164484000,8180434000,121,390000,15950000,15950000
29012550,8180484000,8184364000,8165654000,8165704000,216,14830000,18710000,50000
29012551,8165394000,8165394000,8125268000,8131714000,200,40126000,40126000,6446000
29012552,8127854000,8156354000,8124006000,8129214000,200,3848000,32348000,5208000
29012553,8129214000,8139624000,8110530000,8122984000,211,18684000,29094000,12454000
29012554,8122984000,8124484000,8103834000,8108554000,207,19150000,20650000,4720000
29012555,8107734000,8148934000,8106034000,8137534000,217,1700000,42900000,31500000
29012556,8139084000,8178974000,8138224000,8178164000,206,860000,40750000,39940000
29012557,8177194000,8185414000,8152884000,8176074000,213,24310000,32530000,23190000
29012558,8176714000,8192444000,8164714000,8184104000,212,12000000,27730000,19390000
29012559,8185834000,8198854000,8176714000,8186184000,196,9120000,22140000,9470000
29012560,8184258000,8204834000,8175594000,8187754000,192,8664000,29240000,12160000
29012561,8186824000,8223294000,8186824000,8215544000,199,0,36470000,28720000
29012562,8214487000,8230154000,8205764000,8226174000,204,8723000,24390000,20410000
29012563,8226174000,8235694000,8217206000,8221864000,209,8968000,18488000,4658000
29012564,8221234000,8237774000,8215084000,8226414000,199,6150000,22690000,11330000
29012565,8224960000,8240794000,8220744000,8239404000,203,4216000,20050000,18660000
29012566,8238384000,8247064000,8227637000,8228684000,206,10747000,19427000,1047000
29012567,8228094000,8228774000,8203924000,8207884000,216,24170000,24850000,3960000
29012568,8205135000,8248474000,8205135000,8246494000,206,0,43339000,41359000
29012569,8245814000,8248974000,8231984000,8233334000,207,13830000,16990000,1350000
29012570,8234794000,8242263000,8219624000,8220984000,191,15170000,22639000,1360000
29012571,8219944000,8230864000,8215194000,8223064000,207,4750000,15670000,7870000
29012572,8223064000,8227264000,8199454000,8202284000,210,23610000,27810000,2830000
29012573,8202284000,8204264000,8191394000,8195824000,172,10890000,12870000,4430000
29012574,8195904000,8205964000,8192184000,8205964000,177,3720000,13780000,13780000
29012575,8206464000,8210474000,8175724000,8183864000,188,30740000,34750000,8140000
29012576,8184974000,8193481000,8179655000,8185704000,197,5319000,13826000,6049000
29012577,8185062000,8198214000,8178984000,8179121000,184,6078000,19230000,137000
29012578,8179414000,8192494000,8178575000,8187324000,187,839000,13919000,8749000
29012579,8188724000,8209164000,8188724000,8205544000,179,0,20440000,16820000
29012580,8202590000,8217619000,8193665000,8216474000,188,8925000,23954000,22809000
29012581,8216474000,8221474000,8199839000,8219704000,194,16635000,21635000,19865000
29012582,8218984000,8243974000,8218984000,8239144000,194,0,24990000,20160000
29012583,8239514000,8239514000,8209894000,8216184000,193,29620000,29620000,6290000
29012584,8216784000,8237014000,8211347000,8233424000,187,5437000,25667000,22077000
29012585,8233424000,8242584000,8232208000,8237074000,182,1216000,10376000,4866000
29012586,8237006000,8273454000,8235512000,8264934000,189,1494000,37942000,29422000
29012587,8265724000,8277774000,8263634000,8275174000,169,2090000,14140000,11540000
29012588,8275171000,8284474000,8270074000,8279154000,191,5097000,14400000,9080000
29012589,8278954000,8288974000,8276674000,8284694000,175,2280000,12300000,8020000
29012590,8285174000,8295894000,8281695000,8295894000,178,3479000,14199000,14199000
29012591,8295934000,8311434000,8291074000,8291884000,185,4860000,20360000,810000
29012592,8290634000,8302374000,8285624000,8298405000,165,5010000,16750000,12781000
29012593,8298394000,8311014000,8296784000,8306134000,155,1610000,14230000,9350000
29012594,8305034000,8328864000,8301384000,8325564000,175,3650000,27480000,24180000
29012595,8325914000,8337864000,8312734000,8337274000,188,13180000,25130000,24540000
29012596,8337754000,8362764000,8333044000,8354694000,198,4710000,29720000,21650000
29012597,8354024000,8368794000,8339484000,8356804000,196,14540000,29310000,17320000
29012598,8355794000,8359364000,8330494000,8345581000,192,25300000,28870000,15087000
29012599,8346574000,8354984000,8334584000,8334584000,189,11990000,20400000,0
29012600,8334754000,8357884000,8332884000,8348034000,181,1870000,25000000,15150000
29012601,8345309000,8358774000,8338984000,8354974000,179,6325000,19790000,15990000
29012602,8356974000,8373974000,8354044000,8368114000,169,2930000,19930000,14070000
29012603,8368974000,8387504000,8367734000,8382154000,155,1240000,19770000,14420000
29012604,8384174000,8397774000,8377334000,8394074000,159,6840000,20440000,16740000
29012605,8394154000,8416554000,8389994000,8415694000,178,4160000,26560000,25700000
29012606,8413854000,8414804000,8396574000,8397184000,175,17280000,18230000,610000
29012607,8397544000,8406644000,8389524000,8402564000,164,8020000,17120000,13040000
29012608,8402084000,8407364000,8399724000,8407364000,143,2360000,7640000,7640000
29012609,8407654000,8425454000,8405844000,8424464000,143,1810000,19610000,18620000
29012610,8424654000,8425084000,8413344000,8413344000,161,11310000,11740000,0
29012611,8413504000,8435774000,8413074000,8417524000,172,430000,22700000,4450000
29012612,8415984000,8421084000,8400334000,8406864000,186,15650000,20750000,6530000
29012613,8405354000,8413414000,8394214000,8395874000,177,11140000,19200000,1660000
29012614,8394664000,8397554000,8382034000,8382034000,199,12630000,15520000,0
29012615,8382304000,8393724000,8378244000,8388504000,175,4060000,15480000,10260000
29012616,8388264000,8397474000,8375944000,8378794000,177,12320000,21530000,2850000
29012617,8378384000,8390844000,8371684000,8390844000,172,6700000,19160000,19160000
29012618,8391564000,8411244000,8387334000,8390564000,162,4230000,23910000,3230000
29012619,8392674000,8393234000,8367874000,8367874000,181,24800000,25360000,0
29012620,8366275000,8381594000,8365414000,8379964000,182,861000,16180000,14550000
29012621,8380094000,8387994000,8376884000,8377934000,158,3210000,11110000,1050000
29012622,8378374000,8381654000,8370594000,8375224000,166,7780000,11060000,4630000
29012623,8373304000,8378698000,8369180000,8369544000,131,4124000,9518000,364000
29012624,8369284000,8378974000,8367274000,8367984000,130,2010000,11700000,710000
29012625,8368714000,8393234000,8366984000,8393234000,151,1730000,26250000,26250000
29012626,8391364000,8398874000,8378504000,8393564000,166,12860000,20370000,15060000
29012627,8394186000,8402804000,8379714000,8380384000,173,14472000,23090000,670000
29012628,8380474000,8391474000,8373984000,8381134000,166,6490000,17490000,7150000
29012629,8381133000,8385474000,8372374000,8384674000,144,8759000,13100000,12300000
29012630,8384784000,8401744000,8381934000,8396484000,163,2850000,19810000,14550000
29012631,8394244000,8416442000,8391617000,8410554000,155,2627000,24825000,18937000
29012632,8411734000,8414474000,8397284000,8400404000,140,14450000,17190000,3120000
29012633,8399084000,8406304000,8396534000,8398974000,146,2550000,9770000,2440000
29012634,8398918000,8410874000,8394509000,8394509000,143,4409000,16365000,0
29012635,8394277000,8394277000,8380084000,8381384000,123,14193000,14193000,1300000
29012636,8382074000,8385564000,8372661000,8373664000,115,9413000,12903000,1003000
29012637,8373204000,8382984000,8371484000,8378374000,125,1720000,11500000,6890000
29012638,8380494000,8388974000,8379274000,8388974000,123,1220000,9700000,9700000
29012639,8388774000,8398514000,8388636000,8395104000,120,138000,9878000,6468000
29012640,8393794000,8396964000,8385274000,8389814000,155,8520000,11690000,4540000
29012641,8387974000,8403774000,8383984000,8400544000,165,3990000,19790000,16560000
29012642,8401074000,8403874000,8384484000,8395621000,151,16590000,19390000,11137000
29012643,8395854000,8399544000,8383984000,8383984000,134,11870000,15560000,0
29012644,8382884000,8382884000,8370274000,8380234000,144,12610000,12610000,9960000
29012645,8378944000,8391504000,8375158000,8390274000,137,3786000,16346000,15116000
29012646,8389984000,8393974000,8383194000,8387154000,144,6790000,10780000,3960000
29012647,8386814000,8388074000,8375674000,8378734000,142,11140000,12400000,3060000
29012648,8377558000,8377558000,8366974000,8377344000,139,10584000,10584000,10370000
29012649,8378013000,8378124000,8364634000,8366274000,126,13379000,13490000,1640000
29012650,8366894000,8368784000,8354484000,8366384000,157,12410000,14300000,11900000
29012651,8366804000,8371754000,8345584000,8345984000,156,21220000,26170000,400000
29012652,8346374000,8353644000,8345084000,8345084000,162,1290000,8560000,0
29012653,8345804000,8351544000,8344314000,8351154000,138,1490000,7230000,6840000
29012654,8351364000,8358494000,8350338000,8355484000,98,1026000,8156000,5146000
29012655,8357964000,8364274000,8353884000,8364274000,114,4080000,10390000,10390000
29012656,8361994000,8362624000,8346374000,8352304000,143,15620000,16250000,5930000
29012657,8353834000,8363844000,8351144000,8362094000,145,2690000,12700000,10950000
29012658,8361104000,8368974000,8354019000,8360734000,170,7085000,14955000,6715000
29012659,8360964000,8366974000,8359054000,8361364000,124,1910000,7920000,2310000
29012660,8360974000,8379714000,8360974000,8375844000,142,0,18740000,14870000
29012661,8375554000,8383224000,8370874000,8382974000,139,4680000,12350000,12100000
29012662,8381854000,8382984000,8367614000,8373504000,110,14240000,15370000,5890000
29012663,8373644000,8376024000,8362024000,8364514000,120,11620000,14000000,2490000
29012664,8363826000,8372565000,8356694000,8361634000,149,7132000,15871000,4940000
29012665,8361634000,8365754000,8357014000,8357014000,136,4620000,8740000,0
29012666,8355054000,8363074000,8345206000,8356374000,109,9848000,17868000,11168000
29012667,8356974000,8363634000,8356974000,8361934000,83,0,6660000,4960000
29012668,8362434000,8368774000,8357144000,8357794000,121,5290000,11630000,650000
29012669,8358434000,8362814000,8357304000,8357624000,132,1130000,5510000,320000
29012670,8355590000,8360004000,8355590000,8356054000,121,0,4414000,464000
29012671,8356874000,8370574000,8356874000,8369854000,159,0,13700000,12980000
29012672,8369544000,8379244000,8369224000,8375099000,147,320000,10020000,5875000
29012673,8374749000,8388274000,8374614000,8388274000,130,135000,13660000,13660000
29012674,8389434000,8389784000,8374834000,8383384000,115,14600000,14950000,8550000
29012675,8383994000,8387134000,8376094000,8385254000,107,7900000,11040000,9160000
29012676,8386714000,8409744000,8385984000,8409744000,138,730000,23760000,23760000
29012677,8409974000,8427664000,8409974000,8427664000,147,0,17690000,17690000
29012678,8427014000,8446784000,8426614000,8446784000,161,400000,20170000,20170000
29012679,8447474000,8468984000,8444286000,8468274000,166,3188000,24698000,23988000
29012680,8468074000,8483154000,8448424000,8483154000,172,19650000,34730000,34730000
29012681,8483154000,8487124000,8469116000,8469584000,192,14038000,18008000,468000
29012682,8469654000,8478364000,8461264000,8472784000,163,8390000,17100000,11520000
29012683,8472784000,8475414000,8457474000,8468974000,160,15310000,17940000,11500000
29012684,8469784000,8469784000,8455054000,8462264000,121,14730000,14730000,7210000
29012685,8463134000,8471874000,8447984000,8447984000,142,15150000,23890000,0
29012686,8449114000,8455974000,8439384000,8446654000,161,9730000,16590000,7270000
29012687,8448294000,8448784000,8437534000,8442074000,176,10760000,11250000,4540000
29012688,8444514000,8449774000,8435194000,8443694000,147,9320000,14580000,8500000
29012689,8443694000,8444474000,8419234000,8430974000,169,24460000,25240000,11740000
29012690,8429484000,8429484000,8399614000,8413674000,189,29870000,29870000,14060000
29012691,8414254000,8425884000,8413434000,8421204000,154,820000,12450000,7770000
29012692,8420174000,8445814000,8420174000,8444914000,140,0,25640000,24740000
29012693,8444696000,8444724000,8436024000,8438284000,141,8672000,8700000,2260000
29012694,8437701000,8455964000,8437701000,8452064000,134,0,18263000,14363000
29012695,8452754000,8453524000,8437434000,8440984000,120,15320000,16090000,3550000
29012696,8444684000,8445414000,8433168000,8437624000,138,11516000,12246000,4456000
29012697,8437495000,8437495000,8423814000,8433844000,141,13681000,13681000,10030000
29012698,8434554000,8438454000,8427594000,8437464000,115,6960000,10860000,9870000
29012699,8439504000,8440094000,8423284000,8430196000,131,16220000,16810000,6912000
29012700,8430184000,8434204000,8414404000,8415394000,143,15780000,19800000,990000
29012701,8416174000,8427574000,8410624000,8418364000,149,5550000,16950000,7740000
29012702,8418374000,8418974000,8409984000,8409984000,114,8390000,8990000,0
29012703,8410524000,8410554000,8405114000,8408144000,119,5410000,5440000,3030000
29012704,8406564000,8412524000,8405654000,8409264000,96,910000,6870000,3610000
29012705,8408504000,8412524000,8405988000,8412254000,104,2516000,6536000,6266000
29012706,8411244000,8412974000,8389084000,8392334000,149,22160000,23890000,3250000
29012707,8392012000,8412094000,8390514000,8412094000,126,1498000,21580000,21580000
29012708,8411474000,8412974000,8399914000,8404014000,147,11560000,13060000,4100000
29012709,8404354000,8408664000,8397484000,8408234000,101,6870000,11180000,10750000
29012710,8406325000,8419651000,8406234000,8414454000,111,91000,13417000,8220000
29012711,8414914000,8421174000,8408494000,8413934000,130,6420000,12680000,5440000
29012712,8412594000,8417634000,8408874000,8417304000,119,3720000,8760000,8430000
29012713,8418324000,8418474000,8398074000,8401184000,117,20250000,20400000,3110000
29012714,8400224000,8414174000,8399414000,8413384000,126,810000,14760000,13970000
29012715,8413384000,8417294000,8403124000,8403124000,131,10260000,14170000,0
29012716,8404174000,8405854000,8398017000,8399804000,133,6157000,7837000,1787000
29012717,8399156000,8414164000,8398974000,8413624000,128,182000,15190000,14650000
29012718,8414734000,8417284000,8409004000,8416264000,120,5730000,8280000,7260000
29012719,8418974000,8432724000,8418974000,8429054000,132,0,13750000,10080000
29012720,8428204000,8428484000,8419576000,8421974000,123,8628000,8908000,2398000
29012721,8420106000,8420106000,8404694000,8407864000,135,15412000,15412000,3170000
29012722,8408474000,8421634000,8405014000,8405014000,132,3460000,16620000,0
29012723,8406084000,8406564000,8390414000,8394434000,147,15670000,16150000,4020000
29012724,8393084000,8393334000,8379406000,8384354000,152,13678000,13928000,4948000
29012725,8383674000,8393054000,8383674000,8389584000,153,0,9380000,5910000
29012726,8389584000,8404024000,8388484000,8399534000,129,1100000,15540000,11050000
29012727,8398474000,8404094000,8397586000,8401574000,125,888000,6508000,3988000
29012728,8401024000,8412834000,8400634000,8406014000,113,390000,12200000,5380000
29012729,8406274000,8416954000,8406204000,8413074000,104,70000,10750000,6870000
29012730,8412604000,8423394000,8412604000,8415514000,125,0,10790000,2910000
29012731,8415434000,8415434000,8402814000,8410514000,141,12620000,12620000,7700000
29012732,8411714000,8413834000,8398984000,8402154000,131,12730000,14850000,3170000
29012733,8401944000,8403984000,8391004000,8394514000,122,10940000,12980000,3510000
29012734,8392984000,8396414000,8386564000,8394734000,111,6420000,9850000,8170000
29012735,8394294000,8405974000,8393114000,8393254000,101,1180000,12860000,140000
29012736,8393594000,8398904000,8386124000,8387524000,111,7470000,12780000,1400000
29012737,8386124000,8389494000,8384354000,8387704000,110,1770000,5140000,3350000
29012738,8388334000,8389164000,8378214000,8379914000,125,10120000,10950000,1700000
29012739,8380464000,8385234000,8376384000,8376984000,93,4080000,8850000,600000
29012740,8377234000,8382914000,8375084000,8377134000,108,2150000,7830000,2050000
29012741,8376594000,8381144000,8375084000,8375604000,104,1510000,6060000,520000
29012742,8378244000,8381034000,8368984000,8368984000,109,9260000,12050000,0
29012743,8368284000,8369524000,8356984000,8360974000,138,11300000,12540000,3990000
29012744,8361974000,8366944000,8356984000,8360244000,114,4990000,9960000,3260000
29012745,8361604000,8370774000,8361604000,8366974000,143,0,9170000,5370000
29012746,8366274000,8372814000,8356484000,8358584000,110,9790000,16330000,2100000
29012747,8357424000,8363624000,8355764000,8363624000,125,1660000,7860000,7860000
29012748,8364114000,8364224000,8355714000,8355834000,94,8400000,8510000,120000
29012749,8355714000,8359054000,8355534000,8355534000,80,180000,3520000,0
29012750,8355794000,8362594000,8355714000,8358724000,102,80000,6880000,3010000
29012751,8361294000,8374054000,8361194000,8362204000,125,100000,12860000,1010000
29012752,8363714000,8378614000,8362444000,8377114000,135,1270000,16170000,14670000
29012753,8377664000,8388974000,8377664000,8383984000,82,0,11310000,6320000
29012754,8384414000,8385614000,8372004000,8376064000,91,12410000,13610000,4060000
29012755,8374674000,8377234000,8369234000,8375004000,127,5440000,8000000,5770000
29012756,8374334000,8378974000,8368204000,8368204000,138,6130000,10770000,0
29012757,8368974000,8371134000,8363194000,8363194000,104,5780000,7940000,0
29012758,8364484000,8367524000,8357638000,8357924000,97,6846000,9886000,286000
29012759,8357934000,8361614000,8355534000,8356114000,97,2400000,6080000,580000
29012760,8355534000,8371714000,8355534000,8369957000,136,0,16180000,14423000
29012761,8370004000,8370734000,8357534000,8368574000,146,12470000,13200000,11040000
29012762,8368314000,8381454000,8368314000,8374934000,130,0,13140000,6620000
29012763,8375454000,8375454000,8361304000,8362724000,122,14150000,14150000,1420000
29012764,8362724000,8364714000,8358734000,8361194000,95,3990000,5980000,2460000
29012765,8360074000,8373394000,8359664000,8372104000,97,410000,13730000,12440000
29012766,8371314000,8378404000,8368804000,8378404000,124,2510000,9600000,9600000
29012767,8378914000,8382414000,8364984000,8369734000,117,13930000,17430000,4750000
29012768,8369214000,8375924000,8368154000,8374904000,83,1060000,7770000,6750000
29012769,8373234000,8376874000,8370424000,8375424000,76,2810000,6450000,5000000
29012770,8374974000,8376064000,8368314000,8374984000,63,6660000,7750000,6670000
29012771,8374584000,8374584000,8364334000,8368974000,88,10250000,10250000,4640000
29012772,8371984000,8380624000,8369014000,8377774000,102,2970000,11610000,8760000
29012773,8377624000,8380624000,8375124000,8375124000,87,2500000,5500000,0
29012774,8376174000,8386274000,8374394000,8386274000,69,1780000,11880000,11880000
29012775,8386274000,8402734000,8386274000,8399924000,113,0,16460000,13650000
29012776,8400544000,8407954000,8372484000,8375394000,166,28060000,35470000,2910000
29012777,8376284000,8378404000,8362974000,8362974000,172,13310000,15430000,0
29012778,8362284000,8367574000,8355644000,8356084000,154,6640000,11930000,440000
29012779,8355644000,8356084000,8324974000,8330484000,175,30670000,31110000,5510000
29012780,8329904000,8341074000,8329904000,8331084000,165,0,11170000,1180000
29012781,8330824000,8339974000,8322984000,8324234000,152,7840000,16990000,1250000
29012782,8324974000,8335604000,8320494000,8335234000,162,4480000,15110000,14740000
29012783,8335424000,8344594000,8331324000,8332974000,148,4100000,13270000,1650000
29012784,8333584000,8333584000,8314314000,8315637000,146,19270000,19270000,1323000
29012785,8315603000,8333274000,8315603000,8332197000,164,0,17671000,16594000
29012786,8332234000,8339294000,8321714000,8338144000,150,10520000,17580000,16430000
29012787,8338534000,8357614000,8338184000,8345484000,169,350000,19430000,7300000
29012788,8344984000,8352554000,8344424000,8348454000,140,560000,8130000,4030000
29012789,8347584000,8380554000,8345484000,8380554000,136,2100000,35070000,35070000
29012790,8380544000,8394094000,8364584000,8382224000,164,15960000,29510000,17640000
29012791,8384224000,8405934000,8381974000,8405934000,150,2250000,23960000,23960000
29012792,8407474000,8407474000,8386264000,8387874000,151,21210000,21210000,1610000
29012793,8387004000,8412394000,8385984000,8412394000,139,1020000,26410000,26410000
29012794,8409921000,8431984000,8406804000,8425844000,168,3117000,25180000,19040000
29012795,8425024000,8430974000,8416294000,8427874000,138,8730000,14680000,11580000
29012796,8425644000,8454474000,8425644000,8452054000,130,0,28830000,26410000
29012797,8450734000,8484974000,8450334000,8474834000,190,400000,34640000,24500000
29012798,8475474000,8475964000,8443684000,8448314000,160,31790000,32280000,4630000
29012799,8446914000,8458974000,8443284000,8450994000,152,3630000,15690000,7710000
29012800,8451344000,8468494000,8447264000,8449484000,160,4080000,21230000,2220000
29012801,8449524000,8454054000,8437644000,8441684000,157,11880000,16410000,4040000
29012802,8441684000,8444974000,8429984000,8436324000,137,11700000,14990000,6340000
29012803,8436974000,8441064000,8427304000,8427884000,113,9670000,13760000,580000
29012804,8426234000,8442674000,8426234000,8435574000,143,0,16440000,9340000
29012805,8434974000,8445574000,8432384000,8441274000,164,2590000,13190000,8890000
29012806,8440984000,8452684000,8438494000,8452684000,167,2490000,14190000,14190000
29012807,8452464000,8460724000,8449384000,8451764000,151,3080000,11340000,2380000
29012808,8450514000,8460454000,8445954000,8449254000,155,4560000,14500000,3300000
29012809,8451734000,8454734000,8444071000,8453604000,153,7663000,10663000,9533000
29012810,8454154000,8463464000,8448554000,8460374000,158,5600000,14910000,11820000
29012811,8461144000,8480964000,8457414000,8480964000,144,3730000,23550000,23550000
29012812,8478472000,8507034000,8477874000,8485784000,182,598000,29160000,7910000
29012813,8485954000,8490724000,8471892000,8474724000,177,14062000,18832000,2832000
29012814,8475414000,8491474000,8475414000,8487534000,157,0,16060000,12120000
29012815,8488974000,8492964000,8457954000,8457954000,166,31020000,35010000,0
29012816,8457964000,8470264000,8445344000,8452974000,164,12620000,24920000,7630000
29012817,8453694000,8458974000,8438984000,8438984000,154,14710000,19990000,0
29012818,8438941000,8440054000,8427524000,8430374000,150,11417000,12530000,2850000
29012819,8430894000,8447284000,8430894000,8439253000,133,0,16390000,8359000
29012820,8439007000,8452974000,8437814000,8452974000,160,1193000,15160000,15160000
29012821,8451626000,8470094000,8449924000,8463574000,169,1702000,20170000,13650000
29012822,8463544000,8463544000,8448984000,8461624000,156,14560000,14560000,12640000
29012823,8462244000,8462311000,8440194000,8440694000,166,22050000,22117000,500000
29012824,8440274000,8449324000,8433515000,8440184000,163,6759000,15809000,6669000
29012825,8441624000,8457224000,8438064000,8445814000,170,3560000,19160000,7750000
29012826,8446464000,8446464000,8428994000,8441024000,169,17470000,17470000,12030000
29012827,8440368000,8449274000,8433984000,8433984000,147,6384000,15290000,0
29012828,8434794000,8442234000,8419974000,8428974000,152,14820000,22260000,9000000
29012829,8429724000,8438014000,8425424000,8433104000,133,4300000,12590000,7680000
29012830,8434294000,8434714000,8420184000,8428524000,148,14110000,14530000,8340000
29012831,8428217000,8434974000,8415284000,8422444000,114,12933000,19690000,7160000
29012832,8422464000,8434634000,8417432000,8432584000,142,5032000,17202000,15152000
29012833,8431794000,8431954000,8416964000,8416964000,141,14830000,14990000,0
29012834,8416624000,8431224000,8416624000,8424474000,138,0,14600000,7850000
29012835,8423224000,8443554000,8422954000,8442694000,171,270000,20600000,19740000
29012836,8443974000,8445394000,8426605000,8430374000,146,17369000,18789000,3769000
29012837,8430274000,8442974000,8429204000,8440024000,125,1070000,13770000,10820000
29012838,8440224000,8459844000,8440224000,8456124000,129,0,19620000,15900000
29012839,8456414000,8461024000,8447221000,8460084000,132,9193000,13803000,12863000
29012840,8459844000,8461474000,8446655000,8449124000,166,13189000,14819000,2469000
29012841,8448314000,8448524000,8433974000,8436394000,155,14340000,14550000,2420000
29012842,8436394000,8441124000,8427484000,8433634000,139,8910000,13640000,6150000
29012843,8434164000,8444384000,8433654000,8433984000,116,510000,10730000,330000
29012844,8433954000,8442044000,8430898000,8439814000,129,3056000,11146000,8916000
29012845,8440384000,8444964000,8434754000,8437614000,108,5630000,10210000,2860000
29012846,8438635000,8443564000,8429924000,8436234000,121,8711000,13640000,6310000
29012847,8436234000,8444334000,8436234000,8439554000,112,0,8100000,3320000
29012848,8440484000,8447534000,8437624000,8439684000,109,2860000,9910000,2060000
29012849,8440974000,8442974000,8436818000,8442974000,80,4156000,6156000,6156000
29012850,8442974000,8457194000,8437164000,8457194000,126,5810000,20030000,20030000
29012851,8454014000,8459434000,8450527000,8455443000,128,3487000,8907000,4916000
29012852,8454901000,8462664000,8449184000,8462414000,121,5717000,13480000,13230000
29012853,8464284000,8464944000,8459234000,8463244000,115,5050000,5710000,4010000
29012854,8461279000,8461279000,8449094000,8450234000,111,12185000,12185000,1140000
29012855,8450434000,8452404000,8441274000,8451445000,119,9160000,11130000,10171000
29012856,8451474000,8458074000,8446164000,8451974000,131,5310000,11910000,5810000
29012857,8451980000,8459224000,8447740000,8455174000,120,4240000,11484000,7434000
29012858,8454984000,8460584000,8449084000,8455584000,102,5900000,11500000,6500000
29012859,8456044000,8462704000,8454034000,8460374000,90,2010000,8670000,6340000
29012860,8462224000,8462224000,8445184000,8445184000,102,17040000,17040000,0
29012861,8445514000,8457974000,8442187000,8454724000,106,3327000,15787000,12537000
29012862,8454724000,8462984000,8454724000,8460644000,93,0,8260000,5920000
29012863,8460314000,8474974000,8458604000,8474974000,115,1710000,16370000,16370000
29012864,8473754000,8474154000,8467874000,8468424000,87,5880000,6280000,550000
29012865,8467894000,8469394000,8463074000,8466384000,129,4820000,6320000,3310000
29012866,8468104000,8468724000,8462244000,8462984000,78,5860000,6480000,740000
29012867,8464974000,8467374000,8450926000,8455014000,95,14048000,16448000,4088000
29012868,8456324000,8467204000,8456004000,8464174000,114,320000,11200000,8170000
29012869,8464194000,8464194000,8451924000,8451924000,88,12270000,12270000,0
29012870,8451944000,8453794000,8442182000,8447174000,97,9762000,11612000,4992000
29012871,8446464000,8448394000,8439754000,8444704000,120,6710000,8640000,4950000
29012872,8445354000,8445354000,8432674000,8438584000,120,12680000,12680000,5910000
29012873,8436557000,8438484000,8424914000,8431294000,109,11643000,13570000,6380000
29012874,8432174000,8441074000,8431182000,8432984000,82,992000,9892000,1802000
29012875,8433174000,8436414000,8429284000,8429284000,86,3890000,7130000,0
29012876,8430974000,8437614000,8427624000,8437614000,96,3350000,9990000,9990000
29012877,8437924000,8441194000,8431984000,8435484000,108,5940000,9210000,3500000
29012878,8436374000,8436374000,8429184000,8429644000,92,7190000,7190000,460000
29012879,8430144000,8444364000,8429644000,8438314000,103,500000,14720000,8670000
29012880,8436644000,8444364000,8435604000,8437704000,126,1040000,8760000,2100000
29012881,8436064000,8439154000,8427264000,8429724000,127,8800000,11890000,2460000
29012882,8429346000,8445244000,8427064000,8445044000,109,2282000,18180000,17980000
29012883,8444507000,8457434000,8443384000,8450724000,151,1123000,14050000,7340000
29012884,8450884000,8462834000,8449474000,8460874000,122,1410000,13360000,11400000
29012885,8461504000,8461894000,8451974000,8456024000,122,9530000,9920000,4050000
29012886,8456294000,8463194000,8452634000,8460294000,125,3660000,10560000,7660000
29012887,8460554000,8460554000,8453014000,8453014000,127,7540000,7540000,0
29012888,8451974000,8466864000,8451494000,8466374000,107,480000,15370000,14880000
29012889,8466864000,8473354000,8466264000,8471984000,76,600000,7090000,5720000
29012890,8473214000,8473214000,8457074000,8458014000,90,16140000,16140000,940000
29012891,8455786000,8463384000,8454514000,8462514000,107,1272000,8870000,8000000
29012892,8461364000,8463984000,8449714000,8454034000,120,11650000,14270000,4320000
29012893,8454414000,8459574000,8452398000,8452474000,114,2016000,7176000,76000
29012894,8451974000,8451974000,8440574000,8443654000,87,11400000,11400000,3080000
29012895,8442324000,8445874000,8433374000,8433984000,103,8950000,12500000,610000
29012896,8436274000,8437974000,8421784000,8421784000,103,14490000,16190000,0
29012897,8420924000,8420924000,8394194000,8396656000,144,26730000,26730000,2462000
29012898,8396664000,8404944000,8394484000,8404944000,126,2180000,10460000,10460000
29012899,8405484000,8409474000,8382989000,8388364000,140,22495000,26485000,5375000
29012900,8386841000,8394604000,8384683000,8391444000,120,2158000,9921000,6761000
29012901,8390474000,8391254000,8368984000,8368984000,117,21490000,22270000,0
29012902,8369424000,8372444000,8355154000,8360574000,152,14270000,17290000,5420000
29012903,8360774000,8367684000,8357704000,8359784000,110,3070000,9980000,2080000
29012904,8358994000,8369924000,8354484000,8369924000,112,4510000,15440000,15440000
29012905,8369585000,8377774000,8366974000,8370664000,140,2611000,10800000,3690000
29012906,8369944000,8373974000,8362234000,8370864000,106,7710000,11740000,8630000
29012907,8372774000,8384424000,8372774000,8379984000,93,0,11650000,7210000
29012908,8379684000,8384674000,8376987000,8377099000,127,2697000,7687000,112000
29012909,8376984000,8390154000,8376984000,8386784000,117,0,13170000,9800000
29012910,8387194000,8388874000,8375564000,8378714000,146,11630000,13310000,3150000
29012911,8377024000,8381244000,8371764000,8376724000,106,5260000,9480000,4960000
29012912,8376729000,8380474000,8365474000,8365474000,104,11255000,15000000,0
29012913,8365844000,8374794000,8363454000,8374074000,109,2390000,11340000,10620000
29012914,8373084000,8373974000,8359084000,8359094000,94,14000000,14890000,10000
29012915,8357674000,8366614000,8356034000,8358974000,129,1640000,10580000,2940000
29012916,8359774000,8372044000,8359774000,8365234000,136,0,12270000,5460000
29012917,8367334000,8376974000,8362624000,8372654000,126,4710000,14350000,10030000
29012918,8372604000,8382304000,8365854000,8381504000,118,6750000,16450000,15650000
29012919,8382894000,8387824000,8375654000,8379454000,130,7240000,12170000,3800000
29012920,8379674000,8388244000,8376984000,8385824000,134,2690000,11260000,8840000
29012921,8384714000,8385844000,8370853000,8379444000,135,13861000,14991000,8591000
29012922,8380444000,8380974000,8366004000,8366414000,141,14440000,14970000,410000
29012923,8366724000,8376884000,8364214000,8373574000,129,2510000,12670000,9360000
29012924,8373974000,8383424000,8373374000,8382684000,130,600000,10050000,9310000
29012925,8381083000,8381684000,8361284000,8364184000,143,19799000,20400000,2900000
29012926,8364404000,8370944000,8360434000,8368214000,165,3970000,10510000,7780000
29012927,8365861000,8375394000,8359883000,8375394000,153,5978000,15511000,15511000
29012928,8376704000,8380774000,8367384000,8371784000,132,9320000,13390000,4400000
29012929,8370974000,8377184000,8367374000,8376234000,120,3600000,9810000,8860000
29012930,8378404000,8385474000,8375155000,8383724000,155,3249000,10319000,8569000
29012931,8383724000,8411274000,8382544000,8402434000,156,1180000,28730000,19890000
29012932,8403692000,8410184000,8400453000,8407534000,118,3239000,9731000,7081000
29012933,8408954000,8423984000,8408954000,8413214000,150,0,15030000,4260000
29012934,8414444000,8415854000,8403984000,8412214000,140,10460000,11870000,8230000
29012935,8413464000,8430574000,8410314000,8428744000,139,3150000,20260000,18430000
29012936,8428533000,8429944000,8414694000,8418014000,147,13839000,15250000,3320000
29012937,8415124000,8426774000,8414074000,8425334000,114,1050000,12700000,11260000
29012938,8424494000,8433184000,8424494000,8425734000,91,0,8690000,1240000
29012939,8425714000,8425974000,8406064000,8412484000,161,19650000,19910000,6420000
29012940,8413154000,8414484000,8399860000,8411554000,150,13294000,14624000,11694000
29012941,8410994000,8413554000,8403984000,8407614000,120,7010000,9570000,3630000
29012942,8409484000,8413964000,8400754000,8400754000,95,8730000,13210000,0
29012943,8402014000,8405104000,8397584000,8398164000,92,4430000,7520000,580000
29012944,8397634000,8406824000,8397634000,8403954000,103,0,9190000,6320000
29012945,8401929000,8407374000,8401929000,8406734000,105,0,5445000,4805000
29012946,8407374000,8418214000,8405884000,8417364000,111,1490000,12330000,11480000
29012947,8417085000,8422624000,8414914000,8416844000,93,2171000,7710000,1930000
29012948,8417774000,8423854000,8417774000,8420814000,80,0,6080000,3040000
29012949,8421334000,8430894000,8421334000,8428364000,56,0,9560000,7030000
29012950,8428974000,8440884000,8428974000,8440884000,68,0,11910000,11910000
29012951,8442034000,8442034000,8429596000,8438174000,82,12438000,12438000,8578000
29012952,8438974000,8448724000,8438974000,8446334000,51,0,9750000,7360000
29012953,8446874000,8447334000,8438204000,8440974000,66,8670000,9130000,2770000
29012954,8440384000,8441504000,8432924000,8436704000,61,7460000,8580000,3780000
29012955,8436184000,8443834000,8433714000,8443834000,80,2470000,10120000,10120000
29012956,8443834000,8453974000,8443474000,8448984000,53,360000,10500000,5510000
29012957,8446156000,8450984000,8437334000,8437334000,93,8822000,13650000,0
29012958,8436374000,8436934000,8429475000,8433364000,94,6899000,7459000,3889000
29012959,8434984000,8437604000,8432284000,8436184000,70,2700000,5320000,3900000
29012960,8436974000,8438774000,8430554000,8430554000,67,6420000,8220000,0
29012961,8432364000,8442604000,8432364000,8437044000,81,0,10240000,4680000
29012962,8436510000,8436874000,8434234000,8435234000,40,2276000,2640000,1000000
29012963,8435584000,8436704000,8428984000,8428984000,40,6600000,7720000,0
29012964,8428834000,8435224000,8428834000,8428885000,44,0,6390000,51000
29012965,8428795000,8428795000,8418984000,8421374000,69,9811000,9811000,2390000
29012966,8420779000,8422974000,8416124000,8419244000,105,4655000,6850000,3120000
29012967,8419244000,8419814000,8413608000,8417644000,66,5636000,6206000,4036000
29012968,8418714000,8422914000,8418714000,8422914000,30,0,4200000,4200000
29012969,8422475000,8422914000,8417974000,8418284000,46,4501000,4940000,310000
29012970,8418684000,8421954000,8410094000,8411115000,88,8590000,11860000,1021000
29012971,8410357000,8411984000,8397984000,8400664000,111,12373000,14000000,2680000
29012972,8400664000,8417734000,8400034000,8416334000,78,630000,17700000,16300000
29012973,8415830000,8416987000,8411044000,8412134000,72,4786000,5943000,1090000
29012974,8411354000,8416974000,8406324000,8415054000,75,5030000,10650000,8730000
29012975,8414524000,8414524000,8403624000,8404074000,56,10900000,10900000,450000
29012976,8404524000,8407384000,8396225000,8396225000,77,8299000,11159000,0
29012977,8396094000,8402484000,8394454000,8400054000,98,1640000,8030000,5600000
29012978,8401264000,8405474000,8398984000,8404954000,62,2280000,6490000,5970000
29012979,8404974000,8405550000,8401264000,8401264000,56,3710000,4286000,0
29012980,8401104000,8407694000,8399704000,8405958000,75,1400000,7990000,6254000
29012981,8405966000,8407584000,8401084000,8401084000,55,4882000,6500000,0
29012982,8400144000,8412114000,8400144000,8412114000,73,0,11970000,11970000
29012983,8413934000,8418104000,8413754000,8416085000,43,180000,4350000,2331000
29012984,8416086000,8423114000,8416074000,8420504000,67,12000,7040000,4430000
29012985,8419234000,8421614000,8417064000,8419724000,68,2170000,4550000,2660000
29012986,8420204000,8429444000,8419754000,8429444000,95,450000,9690000,9690000
29012987,8429634000,8436194000,8429634000,8434184000,77,0,6560000,4550000
29012988,8434173000,8436274000,8424334000,8424334000,85,9839000,11940000,0
29012989,8423054000,8423944000,8418584000,8419064000,67,4470000,5360000,480000
29012990,8420314000,8430874000,8418984000,8426694000,70,1330000,11890000,7710000
29012991,8427414000,8427414000,8418994000,8418994000,90,8420000,8420000,0
29012992,8418054000,8418744000,8412374000,8412484000,75,5680000,6370000,110000
29012993,8412469000,8413614000,8405914000,8410984000,85,6555000,7700000,5070000
29012994,8411334000,8413654000,8408984000,8413654000,50,2350000,4670000,4670000
29012995,8414744000,8424774000,8414234000,8416614000,75,510000,10540000,2380000
29012996,8416904000,8422224000,8415480000,8421814000,66,1424000,6744000,6334000
29012997,8418747000,8421594000,8417744000,8420934000,64,1003000,3850000,3190000
29012998,8419764000,8420924000,8417734000,8420374000,46,2030000,3190000,2640000
29012999,8416728000,8426574000,8413987000,8422234000,71,2741000,12587000,8247000
29013000,8420384000,8426264000,8416424000,8416994000,90,3960000,9840000,570000
29013001,8417574000,8422564000,8417574000,8420974000,50,0,4990000,3400000
29013002,8422204000,8431834000,8421404000,8428814000,63,800000,10430000,7410000
29013003,8430034000,8435054000,8428254000,8434945000,48,1780000,6800000,6691000
29013004,8434946000,8443094000,8432984000,8435974000,88,1962000,10110000,2990000
29013005,8434190000,8436934000,8430504000,8430504000,86,3686000,6430000,0
29013006,8430503000,8432854000,8429114000,8432544000,37,1389000,3740000,3430000
29013007,8426654000,8430254000,8425314000,8430254000,35,1340000,4940000,4940000
29013008,8428514000,8429484000,8424323000,8424484000,41,4191000,5161000,161000
29013009,8425314000,8426314000,8422264000,8426314000,41,3050000,4050000,4050000
29013010,8423984000,8425044000,8414694000,8415004000,60,9290000,10350000,310000
29013011,8416574000,8420574000,8416404000,8418974000,55,170000,4170000,2570000
29013012,8420024000,8423944000,8420024000,8421724000,64,0,3920000,1700000
29013013,8422394000,8423704000,8418384000,8418874000,51,4010000,5320000,490000
29013014,8419214000,8421484000,8419214000,8421484000,24,0,2270000,2270000
29013015,8421184000,8423574000,8416054000,8416054000,48,5130000,7520000,0
29013016,8419374000,8421394000,8418984000,8420724000,22,390000,2410000,1740000
29013017,8419001000,8419674000,8416032000,8418204000,44,2969000,3642000,2172000
29013018,8419504000,8436584000,8419504000,8435814000,75,0,17080000,16310000
29013019,8435474000,8438314000,8427044000,8431914000,93,8430000,11270000,4870000
29013020,8432414000,8432414000,8431054000,8431064000,10,1360000,1360000,10000
29013021,8430985000,8430985000,8418984000,8418984000,32,12001000,12001000,0
29013022,8418503000,8418506000,8414670000,8416364000,36,3833000,3836000,1694000
29013023,8417044000,8426284000,8412614000,8412614000,71,4430000,13670000,0
29013024,8414808000,8421444000,8411704000,8411704000,71,3104000,9740000,0
29013025,8411094000,8414364000,8407011000,8407011000,39,4083000,7353000,0
29013026,8407024000,8407024000,8405734000,8405734000,18,1290000,1290000,0
29013027,8406244000,8417424000,8406244000,8410244000,72,0,11180000,4000000
29013028,8409974000,8409974000,8405304000,8408684000,42,4670000,4670000,3380000
29013029,8407894000,8413144000,8407894000,8411144000,26,0,5250000,3250000
29013030,8411474000,8415364000,8411474000,8415364000,14,0,3890000,3890000
29013031,8414724000,8414724000,8402264000,8402824000,62,12460000,12460000,560000
29013032,8402264000,8402264000,8387864000,8397604000,64,14400000,14400000,9740000
29013033,8398154000,8403844000,8382304000,8392184000,102,15850000,21540000,9880000
29013034,8389934000,8400504000,8387084000,8392600000,106,2850000,13420000,5516000
29013035,8392524000,8399854000,8385692000,8393984000,121,6832000,14162000,8292000
29013036,8395074000,8402814000,8386525000,8398444000,113,8549000,16289000,11919000
29013037,8398444000,8400444000,8391234000,8392384000,78,7210000,9210000,1150000
29013038,8392384000,8398774000,8384304000,8390564000,102,8080000,14470000,6260000
29013039,8391214000,8396974000,8390234000,8396974000,43,980000,6740000,6740000
29013040,8397234000,8398974000,8395005000,8395044000,36,2229000,3969000,39000
29013041,8398634000,8416494000,8394474000,8416494000,93,4160000,22020000,22020000
29013042,8416854000,8424984000,8412484000,8421234000,127,4370000,12500000,8750000
29013043,8422974000,8428714000,8419301000,8419304000,89,3673000,9413000,3000
29013044,8417014000,8417254000,8409684000,8409684000,75,7330000,7570000,0
29013045,8410094000,8416094000,8410094000,8416094000,34,0,6000000,6000000
29013046,8413759000,8414024000,8410124000,8414024000,43,3635000,3900000,3900000
29013047,8414464000,8414464000,8406964000,8406964000,13,7500000,7500000,0
29013048,8406487000,8406664000,8404784000,8404784000,45,1703000,1880000,0
29013049,8404794000,8405164000,8404794000,8405164000,12,0,370000,370000
29013050,8405174000,8407594000,8402574000,8402574000,39,2600000,5020000,0
29013051,8402474000,8403724000,8393984000,8393984000,58,8490000,9740000,0
29013052,8393954000,8393954000,8385074000,8385074000,42,8880000,8880000,0
29013053,8385042000,8405474000,8384284000,8398784000,100,758000,21190000,14500000
29013054,8399274000,8400414000,8388739000,8392984000,80,10535000,11675000,4245000
29013055,8391296000,8406474000,8390084000,8406474000,89,1212000,16390000,16390000
29013056,8405314000,8413804000,8405314000,8413804000,74,0,8490000,8490000
29013057,8414094000,8419824000,8414094000,8419824000,49,0,5730000,5730000
29013058,8420244000,8421644000,8407414000,8407414000,63,12830000,14230000,0
29013059,8407198000,8416204000,8405024000,8409734000,120,2174000,11180000,4710000
29013060,8410334000,8416324000,8405184000,8416324000,129,5150000,11140000,11140000
29013061,8416664000,8421574000,8415484000,8421494000,75,1180000,6090000,6010000
29013062,8422554000,8422674000,8408324000,8408324000,120,14230000,14350000,0
29013063,8408133000,8409724000,8404589000,8407464000,70,3544000,5135000,2875000
29013064,8406980000,8416974000,8406628000,8412554000,109,352000,10346000,5926000
29013065,8411954000,8412594000,8406354000,8406824000,63,5600000,6240000,470000
29013066,8407884000,8410254000,8406364000,8410254000,62,1520000,3890000,3890000
29013067,8409313000,8409474000,8407384000,8407384000,21,1929000,2090000,0
29013068,8406492000,8406492000,8399684000,8400284000,46,6808000,6808000,600000
29013069,8400744000,8405224000,8399994000,8405224000,65,750000,5230000,5230000
29013070,8405974000,8405974000,8398984000,8398984000,57,6990000,6990000,0
29013071,8399454000,8402824000,8399185000,8399634000,60,269000,3639000,449000
29013072,8400624000,8400624000,8395854000,8397664000,55,4770000,4770000,1810000
29013073,8398294000,8398453000,8396494000,8397324000,18,1800000,1959000,830000
29013074,8398984000,8403314000,8398984000,8400724000,31,0,4330000,1740000
29013075,8400384000,8400634000,8398794000,8400634000,24,1590000,1840000,1840000
29013076,8400644000,8403454000,8398804000,8400234000,77,1840000,4650000,1430000
29013077,8399654000,8399894000,8398984000,8399894000,18,670000,910000,910000
29013078,8399384000,8399384000,8398984000,8398984000,5,400000,400000,0
29013079,8399374000,8400594000,8399374000,8399844000,13,0,1220000,470000
29013080,8399584000,8402974000,8399084000,8402974000,36,500000,3890000,3890000
29013081,8401134000,8404184000,8401034000,8402334000,35,100000,3150000,1300000
29013082,8402424000,8403724000,8400004000,8401924000,36,2420000,3720000,1920000
29013083,8402084000,8402084000,8399254000,8399254000,13,2830000,2830000,0
29013084,8399010000,8400954000,8398994000,8400954000,14,16000,1960000,1960000
29013085,8400974000,8403874000,8400954000,8403874000,16,20000,2920000,2920000
29013086,8402274000,8402834000,8401314000,8402834000,20,960000,1520000,1520000
29013087,8402914000,8409554000,8402914000,8409214000,65,0,6640000,6300000
29013088,8410384000,8412914000,8410384000,8411754000,14,0,2530000,1370000
29013089,8412104000,8414634000,8411854000,8411854000,28,250000,2780000,0
29013090,8411854000,8414604000,8411854000,8413754000,28,0,2750000,1900000
29013091,8414604000,8416924000,8413864000,8416374000,37,740000,3060000,2510000
29013092,8416974000,8418244000,8413924000,8414604000,38,3050000,4320000,680000
29013093,8414904000,8416704000,8411854000,8412104000,33,3050000,4850000,250000
29013094,8411854000,8414604000,8411854000,8414604000,16,0,2750000,2750000
29013095,8414814000,8414864000,8411547000,8411614000,23,3267000,3317000,67000
29013096,8410324000,8410574000,8407804000,8410574000,23,2520000,2770000,2770000
29013097,8409864000,8409864000,8409864000,8409864000,2,0,0,0
29013098,8409954000,8416284000,8409954000,8416284000,28,0,6330000,6330000
29013099,8415834000,8420334000,8415834000,8420334000,25,0,4500000,4500000
29013100,8420564000,8424974000,8420564000,8424714000,47,0,4410000,4150000
29013101,8422644000,8426664000,8421404000,8425814000,30,1240000,5260000,4410000
29013102,8426324000,8438264000,8426324000,8435984000,76,0,11940000,9660000
29013103,8432892000,8434774000,8430434000,8430974000,46,2458000,4340000,540000
29013104,8430434000,8436534000,8430434000,8436404000,52,0,6100000,5970000
29013105,8435554000,8440654000,8434054000,8434054000,45,1500000,6600000,0
29013106,8432384000,8434044000,8429131000,8433774000,47,3253000,4913000,4643000
29013107,8434894000,8445974000,8433034000,8442254000,68,1860000,12940000,9220000
29013108,8442036000,8448974000,8440434000,8444974000,74,1602000,8540000,4540000
29013109,8444253000,8445824000,8443069000,8445824000,38,1184000,2755000,2755000
29013110,8445174000,8445174000,8435964000,8436964000,35,9210000,9210000,1000000
29013111,8437384000,8442224000,8436014000,8440434000,77,1370000,6210000,4420000
29013112,8442274000,8449974000,8439183000,8449974000,60,3091000,10791000,10791000
29013113,8449964000,8449964000,8443964000,8444564000,51,6000000,6000000,600000
29013114,8444564000,8446574000,8443174000,8443174000,33,1390000,3400000,0
29013115,8442744000,8442744000,8437437000,8437437000,51,5307000,5307000,0
29013116,8437484000,8437744000,8436734000,8437574000,19,750000,1010000,840000
29013117,8436744000,8436744000,8432874000,8433294000,40,3870000,3870000,420000
29013118,8434394000,8435784000,8434394000,8435784000,8,0,1390000,1390000
29013119,8435794000,8436534000,8428264000,8428264000,39,7530000,8270000,0
29013120,8428944000,8432524000,8425784000,8427274000,61,3160000,6740000,1490000
29013121,8426413000,8426604000,8420934000,8422084000,43,5479000,5670000,1150000
29013122,8422494000,8422974000,8420484000,8420984000,22,2010000,2490000,500000
29013123,8420258000,8425274000,8419674000,8425274000,23,584000,5600000,5600000
29013124,8426884000,8428934000,8423184000,8423184000,52,3700000,5750000,0
29013125,8423974000,8428934000,8423974000,8426854000,63,0,4960000,2880000
29013126,8426734000,8435674000,8426734000,8435674000,52,0,8940000,8940000
29013127,8434308000,8434308000,8429355000,8430384000,51,4953000,4953000,1029000
29013128,8429374000,8435034000,8429374000,8433264000,36,0,5660000,3890000
29013129,8432814000,8435154000,8432144000,8432984000,42,670000,3010000,840000
29013130,8434224000,8435384000,8431924000,8434884000,27,2300000,3460000,2960000
29013131,8436654000,8438414000,8435564000,8437664000,59,1090000,2850000,2100000
29013132,8437894000,8439474000,8436881000,8439474000,65,1013000,2593000,2593000
29013133,8439544000,8440454000,8439464000,8440244000,16,80000,990000,780000
29013134,8440454000,8447714000,8440454000,8447714000,50,0,7260000,7260000
29013135,8448034000,8454654000,8448034000,8454654000,63,0,6620000,6620000
29013136,8456154000,8456974000,8442224000,8444214000,87,13930000,14750000,1990000
29013137,8444264000,8448974000,8444264000,8446134000,63,0,4710000,1870000
29013138,8445634000,8445814000,8440574000,8440784000,52,5060000,5240000,210000
29013139,8440767000,8444254000,8439684000,8440604000,39,1083000,4570000,920000
29013140,8440604000,8440604000,8435884000,8435884000,21,4720000,4720000,0
29013141,8436544000,8442834000,8436244000,8437234000,80,300000,6590000,990000
29013142,8437894000,8437894000,8432324000,8434254000,50,5570000,5570000,1930000
29013143,8434274000,8439144000,8434274000,8439144000,42,0,4870000,4870000
29013144,8439574000,8440414000,8433984000,8433984000,58,5590000,6430000,0
29013145,8433637000,8433984000,8432168000,8432184000,42,1469000,1816000,16000
29013146,8431656000,8433984000,8428604000,8429084000,42,3052000,5380000,480000
29013147,8428424000,8428424000,8425404000,8427444000,31,3020000,3020000,2040000
29013148,8427634000,8428214000,8423244000,8423884000,38,4390000,4970000,640000
29013149,8423884000,8426044000,8421284000,8422064000,38,2600000,4760000,780000
29013150,8422074000,8423894000,8417984000,8419664000,33,4090000,5910000,1680000
29013151,8418984000,8419654000,8418144000,8418714000,22,840000,1510000,570000
29013152,8419474000,8419474000,8413954000,8415214000,38,5520000,5520000,1260000
29013153,8415634000,8418804000,8412864000,8412864000,57,2770000,5940000,0
29013154,8411863000,8415194000,8409844000,8411834000,38,2019000,5350000,1990000
29013155,8412784000,8421474000,8412784000,8418984000,82,0,8690000,6200000
29013156,8418304000,8418304000,8415464000,8415464000,28,2840000,2840000,0
29013157,8416404000,8416404000,8409034000,8409034000,35,7370000,7370000,0
29013158,8410087000,8411054000,8408984000,8408984000,35,1103000,2070000,0
29013159,8408067000,8409474000,8405884000,8406484000,37,2183000,3590000,600000
29013160,8406315000,8406484000,8404804000,8404854000,24,1511000,1680000,50000
29013161,8405434000,8405974000,8402084000,8402084000,28,3350000,3890000,0
29013162,8401604000,8401604000,8398984000,8400434000,47,2620000,2620000,1450000
29013163,8399657000,8405424000,8398984000,8405284000,44,673000,6440000,6300000
29013164,8404166000,8411714000,8403935000,8411714000,31,231000,7779000,7779000
29013165,8412502000,8412674000,8411714000,8412624000,17,788000,960000,910000
29013166,8411940000,8413354000,8408244000,8413354000,42,3696000,5110000,5110000
29013167,8414284000,8414464000,8410114000,8412784000,39,4170000,4350000,2670000
29013168,8411394000,8411394000,8402384000,8404584000,86,9010000,9010000,2200000
29013169,8403244000,8403484000,8400184000,8400184000,31,3060000,3300000,0
29013170,8400354000,8401614000,8400354000,8400384000,19,0,1260000,30000
29013171,8399784000,8399784000,8387784000,8387784000,43,12000000,12000000,0
29013172,8386744000,8392484000,8385884000,8387074000,68,860000,6600000,1190000
29013173,8387604000,8389564000,8385394000,8385394000,39,2210000,4170000,0
29013174,8385134000,8386944000,8382604000,8382604000,65,2530000,4340000,0
29013175,8383194000,8383954000,8380484000,8380484000,26,2710000,3470000,0
29013176,8381984000,8381984000,8377154000,8378954000,48,4830000,4830000,1800000
29013177,8379794000,8385934000,8379794000,8383424000,57,0,6140000,3630000
29013178,8383194000,8384394000,8379904000,8383764000,44,3290000,4490000,3860000
29013179,8382763000,8384674000,8382213000,8382213000,25,550000,2461000,0
29013180,8381609000,8386684000,8380564000,8386024000,57,1045000,6120000,5460000
29013181,8385154000,8392324000,8384861000,8388604000,67,293000,7463000,3743000
29013182,8388074000,8393874000,8387094000,8393874000,48,980000,6780000,6780000
29013183,8393974000,8394384000,8388224000,8388974000,68,5750000,6160000,750000
29013184,8389974000,8393304000,8388974000,8393304000,68,1000000,4330000,4330000
29013185,8393474000,8398294000,8393474000,8397824000,80,0,4820000,4350000
29013186,8397817000,8402064000,8394674000,8396654000,75,3143000,7390000,1980000
29013187,8396654000,8398224000,8386984000,8389144000,76,9670000,11240000,2160000
29013188,8388928000,8388974000,8384474000,8385974000,67,4454000,4500000,1500000
29013189,8387164000,8392834000,8386234000,8390464000,62,930000,6600000,4230000
29013190,8391224000,8396014000,8390514000,8393384000,79,710000,5500000,2870000
29013191,8393834000,8398234000,8393394000,8398234000,31,440000,4840000,4840000
29013192,8398754000,8398954000,8398063000,8398814000,19,691000,891000,751000
29013193,8397992000,8397992000,8393924000,8395694000,42,4068000,4068000,1770000
29013194,8395224000,8396714000,8392234000,8394854000,58,2990000,4480000,2620000
29013195,8395694000,8401974000,8395694000,8401974000,39,0,6280000,6280000
29013196,8401200000,8401404000,8396984000,8397704000,50,4216000,4420000,720000
29013197,8397153000,8400974000,8396234000,8400424000,53,919000,4740000,4190000
29013198,8399664000,8400414000,8397294000,8398084000,47,2370000,3120000,790000
29013199,8397594000,8401774000,8397594000,8401774000,33,0,4180000,4180000
29013200,8403084000,8405444000,8403084000,8405444000,50,0,2360000,2360000
29013201,8405464000,8407234000,8398764000,8398764000,60,6700000,8470000,0
29013202,8397984000,8398484000,8394690000,8394974000,47,3294000,3794000,284000
29013203,8395374000,8401314000,8395374000,8400264000,41,0,5940000,4890000
29013204,8399425000,8402454000,8399094000,8400224000,50,331000,3360000,1130000
29013205,8399474000,8399474000,8390984000,8390984000,48,8490000,8490000,0
29013206,8390800000,8390984000,8384084000,8384084000,70,6716000,6900000,0
29013207,8383984000,8383984000,8380284000,8382314000,73,3700000,3700000,2030000
29013208,8382574000,8386674000,8379804000,8386674000,59,2770000,6870000,6870000
29013209,8386944000,8392904000,8386424000,8392904000,52,520000,6480000,6480000
29013210,8392267000,8393324000,8386706000,8387184000,39,5561000,6618000,478000
29013211,8387058000,8391134000,8384984000,8390924000,49,2074000,6150000,5940000
29013212,8390023000,8390084000,8387294000,8390084000,29,2729000,2790000,2790000
29013213,8387984000,8393094000,8387984000,8393094000,47,0,5110000,5110000
29013214,8393274000,8397784000,8393274000,8397784000,35,0,4510000,4510000
29013215,8396869000,8398614000,8396474000,8398594000,26,395000,2140000,2120000
29013216,8398234000,8400754000,8394204000,8400754000,42,4030000,6550000,6550000
29013217,8400784000,8403974000,8396314000,8397904000,58,4470000,7660000,1590000
29013218,8398034000,8398034000,8395644000,8396494000,35,2390000,2390000,850000
29013219,8397294000,8403314000,8397294000,8403314000,46,0,6020000,6020000
29013220,8401515000,8405534000,8400284000,8405234000,36,1231000,5250000,4950000
29013221,8405544000,8417974000,8405544000,8417804000,78,0,12430000,12260000
29013222,8417194000,8439754000,8416854000,8439504000,134,340000,22900000,22650000
29013223,8439204000,8439204000,8423424000,8432274000,89,15780000,15780000,8850000
29013224,8432304000,8448024000,8430754000,8448024000,88,1550000,17270000,17270000
29013225,8447614000,8447614000,8435524000,8440214000,80,12090000,12090000,4690000
29013226,8440214000,8449704000,8439074000,8449324000,78,1140000,10630000,10250000
29013227,8449354000,8451474000,8443294000,8450534000,85,6060000,8180000,7240000
29013228,8448974000,8448974000,8440984000,8446234000,89,7990000,7990000,5250000
29013229,8445264000,8445264000,8439934000,8441504000,61,5330000,5330000,1570000
29013230,8441384000,8452814000,8439644000,8452814000,67,1740000,13170000,13170000
29013231,8452284000,8455474000,8445204000,8448974000,94,7080000,10270000,3770000
29013232,8448334000,8454704000,8448334000,8454704000,61,0,6370000,6370000
29013233,8455794000,8458974000,8449394000,8452354000,63,6400000,9580000,2960000
29013234,8451634000,8455404000,8449674000,8451834000,86,1960000,5730000,2160000
29013235,8452724000,8452724000,8448984000,8450194000,59,3740000,3740000,1210000
29013236,8450964000,8464804000,8449904000,8464684000,76,1060000,14900000,14780000
29013237,8464667000,8482874000,8462854000,8473974000,103,1813000,20020000,11120000
29013238,8474434000,8474434000,8462984000,8463864000,126,11450000,11450000,880000
29013239,8463904000,8464984000,8459914000,8460494000,61,3990000,5070000,580000
29013240,8461264000,8461264000,8453224000,8453444000,91,8040000,8040000,220000
29013241,8453774000,8453774000,8437064000,8437784000,107,16710000,16710000,720000
29013242,8437074000,8438564000,8430764000,8438154000,128,6310000,7800000,7390000
29013243,8436374000,8447824000,8435424000,8443774000,96,950000,12400000,8350000
29013244,8444104000,8445784000,8440022000,8441004000,75,4082000,5762000,982000
29013245,8440004000,8440474000,8436984000,8438974000,55,3020000,3490000,1990000
29013246,8438317000,8439494000,8438317000,8438984000,7,0,1177000,667000
29013247,8439684000,8439684000,8432314000,8433644000,43,7370000,7370000,1330000
29013248,8434054000,8435774000,8430244000,8430854000,40,3810000,5530000,610000
29013249,8431664000,8437264000,8430854000,8437264000,28,810000,6410000,6410000
29013250,8437624000,8448064000,8434764000,8446974000,99,2860000,13300000,12210000
29013251,8448004000,8461174000,8448004000,8456004000,118,0,13170000,8000000
29013252,8456424000,8472554000,8455804000,8463649000,129,620000,16750000,7845000
29013253,8463244000,8468304000,8462520000,8467954000,102,724000,5784000,5434000
29013254,8467404000,8472214000,8464254000,8464254000,82,3150000,7960000,0
29013255,8463345000,8475164000,8462444000,8471294000,103,901000,12720000,8850000
29013256,8470234000,8470234000,8459424000,8463714000,62,10810000,10810000,4290000
29013257,8462183000,8462183000,8452969000,8458564000,77,9214000,9214000,5595000
29013258,8456935000,8459294000,8449784000,8452454000,105,7151000,9510000,2670000
29013259,8453314000,8463974000,8451054000,8462764000,85,2260000,12920000,11710000
29013260,8463944000,8469354000,8463944000,8465134000,73,0,5410000,1190000
29013261,8468274000,8474674000,8468274000,8474254000,75,0,6400000,5980000
29013262,8477774000,8478974000,8472754000,8478974000,73,5020000,6220000,6220000
29013263,8477424000,8477424000,8471984000,8472724000,74,5440000,5440000,740000
29013264,8472294000,8472724000,8469284000,8471534000,52,3010000,3440000,2250000
29013265,8472704000,8472704000,8470398000,8470654000,36,2306000,2306000,256000
29013266,8470774000,8478974000,8470774000,8478974000,81,0,8200000,8200000
29013267,8479164000,8498974000,8476774000,8493634000,149,2390000,22200000,16860000
29013268,8493630000,8496984000,8489307000,8490334000,117,4323000,7677000,1027000
29013269,8491614000,8502574000,8490633000,8501854000,75,981000,11941000,11221000
29013270,8502574000,8502574000,8489648000,8500184000,112,12926000,12926000,10536000
29013271,8501314000,8527604000,8493744000,8508984000,155,7570000,33860000,15240000
29013272,8508906000,8519934000,8501904000,8519373000,148,7002000,18030000,17469000
29013273,8519264000,8538964000,8518254000,8531484000,192,1010000,20710000,13230000
29013274,8531184000,8540284000,8524384000,8539004000,156,6800000,15900000,14620000
29013275,8537834000,8537834000,8523724000,8528984000,135,14110000,14110000,5260000
29013276,8528534000,8535114000,8521194000,8533871000,135,7340000,13920000,12677000
29013277,8533654000,8535974000,8528214000,8530644000,124,5440000,7760000,2430000
29013278,8531244000,8532104000,8522084000,8522784000,96,9160000,10020000,700000
29013279,8522284000,8527114000,8521714000,8522334000,69,570000,5400000,620000
29013280,8522784000,8523214000,8510184000,8514924000,91,12600000,13030000,4740000
29013281,8514530000,8525884000,8514530000,8525484000,110,0,11354000,10954000
29013282,8524694000,8526974000,8519504000,8521834000,75,5190000,7470000,2330000
29013283,8523844000,8529624000,8523844000,8529124000,77,0,5780000,5280000
29013284,8530074000,8544124000,8530074000,8543834000,92,0,14050000,13760000
29013285,8543259000,8543259000,8537024000,8542334000,105,6235000,6235000,5310000
29013286,8542354000,8547254000,8536194000,8536194000,99,6160000,11060000,0
29013287,8535278000,8535334000,8528444000,8531737000,89,6834000,6890000,3293000
29013288,8531334000,8531334000,8527774000,8528824000,70,3560000,3560000,1050000
29013289,8527724000,8537654000,8527204000,8537334000,56,520000,10450000,10130000
29013290,8536250000,8537124000,8528254000,8534444000,68,7996000,8870000,6190000
29013291,8535254000,8535254000,8528254000,8528254000,66,7000000,7000000,0
29013292,8528214000,8536904000,8526514000,8535764000,35,1700000,10390000,9250000
29013293,8536334000,8562744000,8536334000,8557784000,106,0,26410000,21450000
29013294,8557784000,8558664000,8543584000,8544194000,125,14200000,15080000,610000
29013295,8543734000,8543734000,8528564000,8531724000,89,15170000,15170000,3160000
29013296,8533864000,8534344000,8520694000,8520694000,95,13170000,13650000,0
29013297,8520054000,8522974000,8516254000,8522974000,63,3800000,6720000,6720000
29013298,8521637000,8521637000,8514134000,8514204000,59,7503000,7503000,70000
29013299,8514574000,8518614000,8514574000,8516834000,48,0,4040000,2260000
29013300,8517724000,8521424000,8516824000,8517014000,72,900000,4600000,190000
29013301,8517314000,8522484000,8515944000,8522484000,81,1370000,6540000,6540000
29013302,8522974000,8526094000,8519274000,8519414000,51,3700000,6820000,140000
29013303,8520814000,8524524000,8519274000,8524524000,21,1540000,5250000,5250000
29013304,8524714000,8530834000,8523974000,8526874000,55,740000,6860000,2900000
29013305,8525143000,8526704000,8515623000,8516084000,106,9520000,11081000,461000
29013306,8514584000,8514584000,8499884000,8501294000,114,14700000,14700000,1410000
29013307,8500024000,8504104000,8493724000,8502474000,99,6300000,10380000,8750000
29013308,8501104000,8502744000,8492234000,8493204000,90,8870000,10510000,970000
29013309,8494214000,8497174000,8492254000,8496974000,66,1960000,4920000,4720000
29013310,8494774000,8498184000,8491944000,8497688000,67,2830000,6240000,5744000
29013311,8497324000,8506524000,8495734000,8499184000,108,1590000,10790000,3450000
29013312,8499604000,8505754000,8499604000,8504614000,54,0,6150000,5010000
29013313,8503714000,8508814000,8498245000,8498974000,52,5469000,10569000,729000
29013314,8498444000,8501482000,8496384000,8496384000,54,2060000,5098000,0
29013315,8495394000,8502434000,8493724000,8501504000,82,1670000,8710000,7780000
29013316,8501514000,8501894000,8493984000,8494934000,72,7530000,7910000,950000
29013317,8495214000,8498974000,8492904000,8496974000,58,2310000,6070000,4070000
29013318,8497704000,8499664000,8492204000,8492234000,73,5500000,7460000,30000
29013319,8492205000,8494404000,8489904000,8491274000,46,2301000,4500000,1370000
29013320,8491274000,8495244000,8491274000,8493004000,36,0,3970000,1730000
29013321,8492374000,8500974000,8492374000,8494984000,76,0,8600000,2610000
29013322,8494354000,8495454000,8490814000,8490814000,33,3540000,4640000,0
29013323,8493034000,8494634000,8489014000,8492424000,50,4020000,5620000,3410000
29013324,8493484000,8493484000,8490984000,8490984000,32,2500000,2500000,0
29013325,8492344000,8494954000,8490744000,8493814000,45,1600000,4210000,3070000
29013326,8493394000,8498634000,8491433000,8491454000,76,1961000,7201000,21000
29013327,8491434000,8492024000,8489894000,8490444000,24,1540000,2130000,550000
29013328,8490174000,8492804000,8490174000,8491684000,14,0,2630000,1510000
29013329,8490644000,8495434000,8488994000,8495434000,33,1650000,6440000,6440000
29013330,8493064000,8501974000,8492734000,8495654000,67,330000,9240000,2920000
29013331,8497484000,8512234000,8497484000,8508404000,98,0,14750000,10920000
29013332,8508394000,8508404000,8502447000,8505024000,77,5947000,5957000,2577000
29013333,8505874000,8513964000,8505554000,8512224000,84,320000,8410000,6670000
29013334,8511185000,8521874000,8510157000,8518514000,98,1028000,11717000,8357000
29013335,8518506000,8533164000,8515464000,8530844000,133,3042000,17700000,15380000
29013336,8529975000,8529975000,8517474000,8521834000,120,12501000,12501000,4360000
29013337,8521834000,8526974000,8517404000,8522974000,84,4430000,9570000,5570000
29013338,8521794000,8533424000,8521794000,8532984000,85,0,11630000,11190000
29013339,8533034000,8545224000,8533034000,8539824000,87,0,12190000,6790000
29013340,8539824000,8542684000,8532614000,8538974000,96,7210000,10070000,6360000
29013341,8538282000,8538282000,8528784000,8530084000,108,9498000,9498000,1300000
29013342,8529574000,8531974000,8525824000,8528874000,66,3750000,6150000,3050000
29013343,8527824000,8528974000,8513484000,8514014000,63,14340000,15490000,530000
29013344,8513464000,8514294000,8507964000,8514141000,57,5500000,6330000,6177000
29013345,8514344000,8514344000,8506484000,8510295000,75,7860000,7860000,3811000
29013346,8510274000,8512404000,8508984000,8512404000,73,1290000,3420000,3420000
29013347,8512834000,8518614000,8510984000,8516615000,68,1850000,7630000,5631000
29013348,8516624000,8523964000,8516124000,8523964000,75,500000,7840000,7840000
29013349,8523604000,8524344000,8519734000,8521984000,69,3870000,4610000,2250000
29013350,8522224000,8524814000,8521484000,8523454000,56,740000,3330000,1970000
29013351,8522484000,8523414000,8519684000,8523414000,23,2800000,3730000,3730000
29013352,8526024000,8537634000,8526024000,8534474000,90,0,11610000,8450000
29013353,8534474000,8537134000,8529524000,8536164000,101,4950000,7610000,6640000
29013354,8534814000,8538974000,8532402000,8535804000,79,2412000,6572000,3402000
29013355,8535533000,8535944000,8529174000,8534341000,94,6359000,6770000,5167000
29013356,8533869000,8533869000,8522281000,8523094000,108,11588000,11588000,813000
29013357,8523224000,8524384000,8522034000,8523934000,38,1190000,2350000,1900000
29013358,8523234000,8523234000,8515744000,8515744000,67,7490000,7490000,0
29013359,8515404000,8527074000,8515404000,8527074000,52,0,11670000,11670000
29013360,8526799000,8532604000,8524744000,8527350000,71,2055000,7860000,2606000
29013361,8526634000,8533604000,8524834000,8531968000,106,1800000,8770000,7134000
29013362,8531865000,8531865000,8525984000,8527154000,52,5881000,5881000,1170000
29013363,8527614000,8535814000,8527024000,8535394000,78,590000,8790000,8370000
29013364,8534984000,8542664000,8534984000,8541594000,56,0,7680000,6610000
29013365,8541526000,8541526000,8535234000,8536874000,66,6292000,6292000,1640000
29013366,8536874000,8536874000,8533984000,8533984000,44,2890000,2890000,0
29013367,8534554000,8540367000,8534554000,8539364000,68,0,5813000,4810000
29013368,8539714000,8545344000,8539714000,8544984000,59,0,5630000,5270000
29013369,8546974000,8551614000,8543974000,8551154000,57,3000000,7640000,7180000
29013370,8552054000,8562024000,8551504000,8559354000,78,550000,10520000,7850000
29013371,8559584000,8576948000,8558984000,8573984000,104,600000,17964000,15000000
29013372,8575214000,8587774000,8574064000,8581740000,100,1150000,13710000,7676000
29013373,8582394000,8585784000,8572754000,8575774000,101,9640000,13030000,3020000
29013374,8580604000,8588154000,8580604000,8583984000,104,0,7550000,3380000
29013375,8583038000,8583114000,8574544000,8574544000,93,8494000,8570000,0
29013376,8574994000,8576924000,8573994000,8575084000,42,1000000,2930000,1090000
29013377,8576074000,8578924000,8574984000,8575444000,67,1090000,3940000,460000
29013378,8575274000,8576094000,8574394000,8575484000,36,880000,1700000,1090000
29013379,8574984000,8582064000,8574354000,8582064000,44,630000,7710000,7710000
29013380,8583974000,8592554000,8580264000,8592554000,102,3710000,12290000,12290000
29013381,8592574000,8593074000,8587024000,8591284000,92,5550000,6050000,4260000
29013382,8590375000,8591274000,8585984000,8588974000,68,4391000,5290000,2990000
29013383,8589564000,8591964000,8585984000,8585984000,67,3580000,5980000,0
29013384,8586884000,8589554000,8583984000,8583984000,48,2900000,5570000,0
29013385,8582164000,8582164000,8578984000,8580114000,65,3180000,3180000,1130000
29013386,8579514000,8583974000,8576984000,8583304000,63,2530000,6990000,6320000
29013387,8583854000,8589664000,8583854000,8588984000,55,0,5810000,5130000
29013388,8589854000,8589854000,8586844000,8587404000,34,3010000,3010000,560000
29013389,8587025000,8592824000,8583984000,8591684000,48,3041000,8840000,7700000
29013390,8590964000,8593384000,8588984000,8592104000,38,1980000,4400000,3120000
29013391,8592124000,8592704000,8590194000,8590514000,37,1930000,2510000,320000
29013392,8590974000,8621174000,8590974000,8592644000,158,0,30200000,1670000
29013393,8592410000,8592410000,8585004000,8585674000,95,7406000,7406000,670000
29013394,8585174000,8592974000,8583984000,8592234000,117,1190000,8990000,8250000
29013395,8591790000,8605594000,8589854000,8601694000,107,1936000,15740000,11840000
29013396,8601649000,8611864000,8597002000,8609244000,129,4647000,14862000,12242000
29013397,8621384000,8634984000,8617974000,8629934000,138,3410000,17010000,11960000
29013398,8627635000,8645044000,8627484000,8642814000,156,151000,17560000,15330000
29013399,8641974000,8642424000,8635474000,8639314000,110,6500000,6950000,3840000
29013400,8640254000,8640974000,8636056000,8638084000,109,4198000,4918000,2028000
29013401,8637674000,8644634000,8636204000,8644634000,88,1470000,8430000,8430000
29013402,8643014000,8643474000,8638314000,8643474000,62,4700000,5160000,5160000
29013403,8643974000,8650624000,8643284000,8648474000,94,690000,7340000,5190000
29013404,8649634000,8650424000,8647114000,8648494000,98,2520000,3310000,1380000
29013405,8648974000,8649584000,8646484000,8646984000,61,2490000,3100000,500000
29013406,8646704000,8646884000,8630014000,8630014000,91,16690000,16870000,0
29013407,8630204000,8630204000,8617844000,8620434000,143,12360000,12360000,2590000
29013408,8619943000,8627074000,8619943000,8624284000,79,0,7131000,4341000
29013409,8623674000,8623674000,8610934000,8613324000,80,12740000,12740000,2390000
29013410,8614134000,8620224000,8608384000,8616504000,101,5750000,11840000,8120000
29013411,8614334000,8616524000,8599144000,8599324000,115,15190000,17380000,180000
29013412,8599144000,8604194000,8595184000,8603524000,86,3960000,9010000,8340000
29013413,8604194000,8604194000,8598654000,8601484000,47,5540000,5540000,2830000
29013414,8602694000,8612354000,8602694000,8609414000,44,0,9660000,6720000
29013415,8608974000,8619464000,8608974000,8608984000,84,0,10490000,10000
29013416,8609724000,8613984000,8609724000,8611974000,67,0,4260000,2250000
29013417,8615674000,8618904000,8610729000,8616154000,65,4945000,8175000,5425000
29013418,8615574000,8618804000,8615574000,8617544000,43,0,3230000,1970000
29013419,8617434000,8618874000,8611984000,8611984000,40,5450000,6890000,0
29013420,8610514000,8614564000,8609554000,8610084000,48,960000,5010000,530000
29013421,8610664000,8611504000,8607624000,8607624000,38,3040000,3880000,0
29013422,8608174000,8610804000,8600483000,8604484000,70,7691000,10321000,4001000
29013423,8604644000,8606994000,8602144000,8605044000,59,2500000,4850000,2900000
29013424,8603814000,8605054000,8602154000,8602584000,49,1660000,2900000,430000
29013425,8602244000,8603614000,8599544000,8600184000,52,2700000,4070000,640000
29013426,8599544000,8605244000,8598134000,8604204000,42,1410000,7110000,6070000
29013427,8604384000,8605824000,8601924000,8601924000,44,2460000,3900000,0
29013428,8602414000,8616204000,8602414000,8616204000,82,0,13790000,13790000
29013429,8616874000,8620474000,8614484000,8614484000,68,2390000,5990000,0
29013430,8613984000,8613984000,8603764000,8604794000,114,10220000,10220000,1030000
29013431,8605204000,8607574000,8599604000,8601344000,94,5600000,7970000,1740000
29013432,8602824000,8602824000,8597344000,8602174000,74,5480000,5480000,4830000
29013433,8601924000,8601924000,8591374000,8593394000,65,10550000,10550000,2020000
29013434,8592384000,8592434000,8583516000,8585214000,75,8868000,8918000,1698000
29013435,8584654000,8587774000,8584654000,8585074000,75,0,3120000,420000
29013436,8583874000,8593364000,8582889000,8590024000,81,985000,10475000,7135000
29013437,8590684000,8592814000,8589364000,8590404000,79,1320000,3450000,1040000
29013438,8590954000,8593964000,8590954000,8592444000,53,0,3010000,1490000
29013439,8591534000,8592654000,8582684000,8584954000,84,8850000,9970000,2270000
29013440,8584954000,8585424000,8582864000,8584644000,41,2090000,2560000,1780000
29013441,8585174000,8585364000,8573444000,8575324000,94,11730000,11920000,1880000
29013442,8575164000,8576524000,8572504000,8575894000,76,2660000,4020000,3390000
29013443,8574789000,8574789000,8569604000,8570724000,66,5185000,5185000,1120000
29013444,8571274000,8575444000,8563984000,8575444000,94,7290000,11460000,11460000
29013445,8576794000,8582704000,8576114000,8577674000,81,680000,6590000,1560000
29013446,8578054000,8582974000,8577484000,8582174000,49,570000,5490000,4690000
29013447,8581300000,8584984000,8576174000,8576414000,57,5126000,8810000,240000
29013448,8577334000,8577334000,8573504000,8575394000,34,3830000,3830000,1890000
29013449,8575704000,8577944000,8575704000,8577144000,49,0,2240000,1440000
29013450,8576594000,8576594000,8571364000,8571364000,64,5230000,5230000,0
29013451,8571984000,8573214000,8571134000,8571794000,30,850000,2080000,660000
29013452,8571894000,8572974000,8567064000,8568974000,45,4830000,5910000,1910000
29013453,8570604000,8571884000,8567064000,8567214000,54,3540000,4820000,150000
29013454,8567214000,8568234000,8567064000,8567484000,35,150000,1170000,420000
29013455,8566054000,8568814000,8566054000,8567104000,47,0,2760000,1050000
29013456,8566781000,8570104000,8566274000,8570104000,29,507000,3830000,3830000
29013457,8570264000,8579148000,8570264000,8578974000,50,0,8884000,8710000
29013458,8579074000,8582794000,8578984000,8582034000,36,90000,3810000,3050000
29013459,8581944000,8584974000,8581944000,8583974000,28,0,3030000,2030000
29013460,8583142000,8583304000,8570464000,8570974000,68,12678000,12840000,510000
29013461,8571224000,8574170000,8568984000,8570414000,66,2240000,5186000,1430000
29013462,8570794000,8570794000,8567888000,8568544000,43,2906000,2906000,656000
29013463,8568944000,8570634000,8566844000,8569584000,35,2100000,3790000,2740000
29013464,8568984000,8570174000,8567922000,8568434000,40,1062000,2252000,512000
29013465,8568294000,8568464000,8566844000,8567984000,27,1450000,1620000,1140000
29013466,8568474000,8568474000,8565414000,8565414000,24,3060000,3060000,0
29013467,8566044000,8566464000,8561984000,8563174000,37,4060000,4480000,1190000
29013468,8562614000,8562614000,8558984000,8559784000,26,3630000,3630000,800000
29013469,8560184000,8562704000,8558994000,8562234000,52,1190000,3710000,3240000
29013470,8562474000,8565004000,8562474000,8563714000,35,0,2530000,1240000
29013471,8562994000,8569374000,8562034000,8566904000,65,960000,7340000,4870000
29013472,8566214000,8566214000,8563394000,8565184000,35,2820000,2820000,1790000
29013473,8564724000,8566904000,8564724000,8566904000,22,0,2180000,2180000
29013474,8566794000,8566904000,8564614000,8565664000,22,2180000,2290000,1050000
29013475,8564984000,8564984000,8562744000,8562744000,19,2240000,2240000,0
29013476,8562364000,8562584000,8557784000,8557784000,28,4580000,4800000,0
29013477,8558774000,8558974000,8558774000,8558974000,4,0,200000,200000
29013478,8559404000,8560974000,8556984000,8556984000,32,2420000,3990000,0
29013479,8556684000,8556684000,8551764000,8551864000,41,4920000,4920000,100000
29013480,8553974000,8556144000,8546984000,8546984000,52,6990000,9160000,0
29013481,8547984000,8550974000,8544514000,8544514000,48,3470000,6460000,0
29013482,8544404000,8548974000,8543984000,8547984000,26,420000,4990000,4000000
29013483,8548524000,8549824000,8543124000,8543124000,50,5400000,6700000,0
29013484,8543824000,8547974000,8543824000,8547974000,39,0,4150000,4150000
29013485,8548974000,8552324000,8548974000,8552324000,60,0,3350000,3350000
29013486,8551504000,8556474000,8551504000,8554804000,44,0,4970000,3300000
29013487,8554974000,8560874000,8553554000,8557874000,57,1420000,7320000,4320000
29013488,8558164000,8558164000,8551872000,8551914000,39,6292000,6292000,42000
29013489,8551194000,8553314000,8545534000,8547604000,56,5660000,7780000,2070000
29013490,8547774000,8548034000,8543984000,8546094000,20,3790000,4050000,2110000
29013491,8545484000,8546094000,8539037000,8539244000,45,6447000,7057000,207000
29013492,8537984000,8542974000,8536974000,8537724000,60,1010000,6000000,750000
29013493,8536984000,8538974000,8536984000,8538274000,32,0,1990000,1290000
29013494,8537984000,8538974000,8534784000,8538974000,38,3200000,4190000,4190000
29013495,8537774000,8538624000,8533484000,8534424000,48,4290000,5140000,940000
29013496,8536164000,8538974000,8530084000,8538524000,87,6080000,8890000,8440000
29013497,8537984000,8538974000,8534994000,8536114000,56,2990000,3980000,1120000
29013498,8536714000,8537134000,8533994000,8533994000,40,2720000,3140000,0
29013499,8534414000,8534414000,8522474000,8523724000,70,11940000,11940000,1250000
29013500,8524354000,8524354000,8514984000,8519294000,80,9370000,9370000,4310000
29013501,8519314000,8523474000,8518914000,8520974000,32,400000,4560000,2060000
29013502,8521704000,8530204000,8521704000,8530054000,58,0,8500000,8350000
29013503,8529264000,8533234000,8527565000,8532364000,70,1699000,5669000,4799000
29013504,8533234000,8541811000,8531337000,8538969000,62,1897000,10474000,7632000
29013505,8538968000,8538968000,8532134000,8532134000,38,6834000,6834000,0
29013506,8531994000,8531994000,8523984000,8523984000,57,8010000,8010000,0
29013507,8521504000,8526734000,8519284000,8526014000,80,2220000,7450000,6730000
29013508,8525414000,8525414000,8521634000,8521884000,51,3780000,3780000,250000
29013509,8521974000,8522404000,8520984000,8520984000,20,990000,1420000,0
29013510,8521524000,8523724000,8520984000,8520984000,52,540000,2740000,0
29013511,8519435000,8519484000,8498784000,8498974000,96,20651000,20700000,190000
29013512,8498684000,8506254000,8494374000,8505484000,88,4310000,11880000,11110000
29013513,8505654000,8505654000,8493984000,8493984000,78,11670000,11670000,0
29013514,8494484000,8500974000,8477984000,8478974000,69,16500000,22990000,990000
29013515,8480384000,8492134000,8480384000,8488974000,83,0,11750000,8590000
29013516,8490074000,8501284000,8490074000,8497984000,88,0,11210000,7910000
29013517,8497724000,8498444000,8486644000,8497424000,102,11080000,11800000,10780000
29013518,8498444000,8499564000,8495584000,8495584000,92,2860000,3980000,0
29013519,8493644000,8499554000,8493644000,8494834000,58,0,5910000,1190000
29013520,8495434000,8498574000,8495434000,8497824000,51,0,3140000,2390000
29013521,8498344000,8498974000,8494294000,8496754000,48,4050000,4680000,2460000
29013522,8498224000,8499954000,8495744000,8496754000,65,2480000,4210000,1010000
29013523,8497984000,8499934000,8496754000,8496754000,69,1230000,3180000,0
29013524,8497184000,8501284000,8497184000,8500054000,56,0,4100000,2870000
29013525,8500044000,8503974000,8500044000,8502715000,41,0,3930000,2671000
29013526,8502004000,8504404000,8499244000,8503354000,67,2760000,5160000,4110000
29013527,8503394000,8503394000,8497094000,8497964000,63,6300000,6300000,870000
29013528,8498964000,8499454000,8496184000,8496974000,19,2780000,3270000,790000
29013529,8497514000,8498514000,8493224000,8494974000,42,4290000,5290000,1750000
29013530,8494684000,8496974000,8494044000,8495144000,24,640000,2930000,1100000
29013531,8495874000,8497974000,8495734000,8497054000,37,140000,2240000,1320000
29013532,8497054000,8497174000,8493104000,8493104000,34,3950000,4070000,0
29013533,8493974000,8495884000,8493094000,8494984000,18,880000,2790000,1890000
29013534,8494944000,8497744000,8494944000,8495884000,22,0,2800000,940000
29013535,8495144000,8495974000,8490264000,8494984000,44,4880000,5710000,4720000
29013536,8496974000,8496974000,8493764000,8493764000,10,3210000,3210000,0
29013537,8494344000,8496974000,8491984000,8496974000,45,2360000,4990000,4990000
29013538,8497374000,8501974000,8497374000,8498794000,32,0,4600000,1420000
29013539,8498314000,8501824000,8498314000,8501364000,25,0,3510000,3050000
29013540,8500924000,8500924000,8497784000,8497784000,16,3140000,3140000,0
29013541,8497208000,8497284000,8494144000,8494554000,39,3064000,3140000,410000
29013542,8494144000,8494554000,8493394000,8493394000,12,750000,1160000,0
29013543,8493084000,8493664000,8491714000,8493084000,15,1370000,1950000,1370000
29013544,8492224000,8494694000,8491864000,8494694000,11,360000,2830000,2830000
29013545,8495004000,8495814000,8492524000,8492524000,34,2480000,3290000,0
29013546,8489696000,8494594000,8488984000,8491074000,76,712000,5610000,2090000
29013547,8490574000,8492504000,8490574000,8492504000,17,0,1930000,1930000
29013548,8493564000,8495964000,8489784000,8492944000,24,3780000,6180000,3160000
29013549,8493714000,8493714000,8492114000,8493024000,20,1600000,1600000,910000
29013550,8493914000,8494594000,8493024000,8493024000,12,890000,1570000,0
29013551,8491555000,8497124000,8491414000,8493904000,28,141000,5710000,2490000
29013552,8492934000,8492934000,8492914000,8492914000,6,20000,20000,0
29013554,8491334000,8493624000,8489874000,8492594000,18,1460000,3750000,2720000
29013555,8492914000,8495634000,8492604000,8493574000,34,310000,3030000,970000
29013556,8493914000,8493914000,8491614000,8492624000,19,2300000,2300000,1010000
29013557,8492484000,8492484000,8492474000,8492474000,4,10000,10000,0
29013558,8492656000,8493254000,8492656000,8493254000,6,0,598000,598000
29013559,8492794000,8492794000,8489315000,8492214000,30,3479000,3479000,2899000
29013560,8493104000,8497124000,8492214000,8497124000,23,890000,4910000,4910000
29013561,8496224000,8496224000,8493314000,8494564000,30,2910000,2910000,1250000
29013562,8493393000,8493634000,8490214000,8492654000,21,3179000,3420000,2440000
29013563,8495724000,8496784000,8495724000,8496414000,12,0,1060000,690000
29013564,8497124000,8498524000,8495224000,8495224000,19,1900000,3300000,0
29013565,8494804000,8497054000,8493984000,8496634000,22,820000,3070000,2650000
29013566,8496224000,8496224000,8495904000,8495904000,4,320000,320000,0
29013567,8497254000,8499974000,8497254000,8499124000,29,0,2720000,1870000
29013568,8498804000,8498804000,8495624000,8495804000,16,3180000,3180000,180000
29013569,8495484000,8495484000,8494974000,8494974000,4,510000,510000,0
29013570,8494142000,8494974000,8493804000,8494724000,11,338000,1170000,920000
29013571,8493124000,8495804000,8493124000,8494544000,20,0,2680000,1420000
29013572,8493914000,8493914000,8489984000,8492904000,33,3930000,3930000,2920000
29013573,8493014000,8493124000,8490304000,8490304000,10,2710000,2820000,0
29013574,8491354000,8494174000,8491354000,8492974000,18,0,2820000,1620000
29013575,8493514000,8493514000,8492194000,8492194000,10,1320000,1320000,0
29013576,8493404000,8496114000,8490734000,8490734000,31,2670000,5380000,0
29013577,8490144000,8490144000,8479174000,8479644000,53,10970000,10970000,470000
29013578,8479114000,8479114000,8469994000,8471414000,92,9120000,9120000,1420000
29013579,8471444000,8474974000,8471444000,8473684000,44,0,3530000,2240000
29013580,8474094000,8479554000,8474094000,8479554000,39,0,5460000,5460000
29013581,8478324000,8479634000,8472804000,8479634000,58,5520000,6830000,6830000
29013582,8480054000,8482194000,8480054000,8481694000,20,0,2140000,1640000
29013583,8482134000,8482134000,8479344000,8481474000,36,2790000,2790000,2130000
29013584,8480760000,8480984000,8477424000,8478524000,24,3336000,3560000,1100000
29013585,8477804000,8482054000,8475384000,8478984000,40,2420000,6670000,3600000
29013586,8477864000,8478974000,8476344000,8478974000,40,1520000,2630000,2630000
29013587,8480174000,8483774000,8480174000,8483774000,14,0,3600000,3600000
29013588,8483624000,8484404000,8479732000,8483844000,32,3892000,4672000,4112000
29013589,8485084000,8486304000,8479484000,8481024000,32,5600000,6820000,1540000
29013590,8481064000,8487984000,8480574000,8487984000,23,490000,7410000,7410000
29013591,8487104000,8488174000,8487104000,8487124000,21,0,1070000,20000
29013592,8487013000,8487034000,8482984000,8482984000,23,4029000,4050000,0
29013593,8482434000,8483474000,8480824000,8483334000,30,1610000,2650000,2510000
29013594,8483004000,8483004000,8474554000,8474554000,29,8450000,8450000,0
29013595,8475084000,8476944000,8474544000,8475174000,30,540000,2400000,630000
29013596,8474547000,8476024000,8473994000,8473994000,31,553000,2030000,0
29013597,8473404000,8473404000,8471454000,8472044000,30,1950000,1950000,590000
29013598,8471894000,8472224000,8471454000,8472054000,14,440000,770000,600000
29013599,8471904000,8471904000,8468864000,8469704000,23,3040000,3040000,840000
29013600,8469804000,8476364000,8469804000,8476154000,61,0,6560000,6350000
29013601,8476344000,8481804000,8476344000,8481234000,37,0,5460000,4890000
29013602,8480834000,8484254000,8480834000,8481694000,15,0,3420000,860000
29013603,8483134000,8490204000,8482804000,8487064000,46,330000,7400000,4260000
29013604,8486004000,8492914000,8484557000,8492674000,37,1447000,8357000,8117000
29013605,8492184000,8493914000,8490416000,8493914000,28,1768000,3498000,3498000
29013606,8494164000,8494164000,8492654000,8492984000,14,1510000,1510000,330000
29013607,8492994000,8497774000,8492994000,8497774000,26,0,4780000,4780000
29013608,8497054000,8497054000,8495584000,8495984000,18,1470000,1470000,400000
29013609,8495964000,8495964000,8495964000,8495964000,2,0,0,0
29013610,8494934000,8494934000,8493285000,8493314000,25,1649000,1649000,29000
29013611,8493304000,8494154000,8493304000,8494154000,8,0,850000,850000
29013613,8494974000,8496604000,8494974000,8496044000,23,0,1630000,1070000
29013614,8496594000,8497524000,8494594000,8496204000,26,2000000,2930000,1610000
29013615,8496724000,8501874000,8496724000,8501874000,16,0,5150000,5150000
29013616,8502144000,8510564000,8500864000,8506984000,68,1280000,9700000,6120000
29013617,8506874000,8511864000,8505784000,8511094000,57,1090000,6080000,5310000
29013618,8511074000,8515744000,8508374000,8514084000,76,2700000,7370000,5710000
29013619,8514574000,8517784000,8514004000,8515044000,54,570000,3780000,1040000
29013620,8514527000,8514527000,8507984000,8508734000,61,6543000,6543000,750000
29013621,8508546000,8508546000,8504424000,8506824000,39,4122000,4122000,2400000
29013622,8506284000,8510444000,8505984000,8509474000,26,300000,4460000,3490000
29013623,8511764000,8518654000,8511764000,8518654000,53,0,6890000,6890000
29013624,8518684000,8521974000,8518684000,8519884000,47,0,3290000,1200000
29013625,8519234000,8519234000,8513454000,8517694000,69,5780000,5780000,4240000
29013626,8518434000,8524784000,8518434000,8524024000,94,0,6350000,5590000
29013627,8523048000,8523194000,8518944000,8521184000,45,4104000,4250000,2240000
29013628,8520724000,8520724000,8517834000,8517834000,13,2890000,2890000,0
29013629,8517804000,8517804000,8513434000,8513964000,28,4370000,4370000,530000
29013630,8514464000,8514464000,8510984000,8511864000,29,3480000,3480000,880000
29013631,8512584000,8518054000,8512584000,8517314000,38,0,5470000,4730000
29013632,8516634000,8517834000,8514314000,8516334000,42,2320000,3520000,2020000
29013633,8515884000,8518974000,8515194000,8518974000,24,690000,3780000,3780000
29013634,8521504000,8524014000,8521394000,8524014000,37,110000,2620000,2620000
29013635,8523174000,8527814000,8523174000,8523984000,32,0,4640000,810000
29013636,8524014000,8525254000,8523984000,8524584000,14,30000,1270000,600000
29013637,8520334000,8522314000,8520334000,8520994000,39,0,1980000,660000
29013638,8519884000,8519884000,8514354000,8518974000,49,5530000,5530000,4620000
29013639,8518362000,8518524000,8515504000,8515534000,39,2858000,3020000,30000
29013640,8514954000,8514954000,8509854000,8510284000,38,5100000,5100000,430000
29013641,8511474000,8514284000,8508984000,8508984000,56,2490000,5300000,0
29013642,8508444000,8508784000,8501334000,8502464000,54,7110000,7450000,1130000
29013643,8502464000,8504394000,8501564000,8502914000,40,900000,2830000,1350000
29013644,8503924000,8506854000,8503924000,8504374000,31,0,2930000,450000
29013645,8504864000,8508384000,8504170000,8505384000,52,694000,4214000,1214000
29013646,8505374000,8505384000,8499794000,8499794000,48,5580000,5590000,0
29013647,8498984000,8501274000,8496594000,8501274000,32,2390000,4680000,4680000
29013648,8501484000,8504974000,8500074000,8503974000,61,1410000,4900000,3900000
29013649,8504184000,8511684000,8504184000,8510944000,35,0,7500000,6760000
29013650,8511364000,8517364000,8511364000,8516984000,60,0,6000000,5620000
29013651,8517284000,8526004000,8517078000,8517194000,79,206000,8926000,116000
29013652,8517954000,8521974000,8517354000,8521974000,48,600000,4620000,4620000
29013653,8521814000,8523574000,8519064000,8521474000,49,2750000,4510000,2410000
29013654,8520454000,8521236000,8518074000,8518644000,37,2380000,3162000,570000
29013655,8519374000,8524454000,8518644000,8524094000,51,730000,5810000,5450000
29013656,8523928000,8524974000,8522534000,8524974000,31,1394000,2440000,2440000
29013657,8525994000,8527974000,8523984000,8527234000,42,2010000,3990000,3250000
29013658,8527574000,8527974000,8527574000,8527574000,9,0,400000,0
29013659,8527264000,8527974000,8524329000,8524984000,29,2935000,3645000,655000
29013660,8525474000,8525474000,8521394000,8521394000,44,4080000,4080000,0
29013661,8521084000,8523724000,8520984000,8523404000,30,100000,2740000,2420000
29013662,8523734000,8527544000,8523494000,8524114000,56,240000,4050000,620000
29013663,8522454000,8522454000,8520724000,8520724000,25,1730000,1730000,0
29013664,8521404000,8521774000,8518984000,8520174000,16,2420000,2790000,1190000
29013665,8520125000,8521774000,8519654000,8521774000,18,471000,2120000,2120000
29013666,8522874000,8526554000,8522874000,8524864000,46,0,3680000,1990000
29013667,8524773000,8525974000,8523604000,8525974000,31,1169000,2370000,2370000
29013668,8526554000,8526974000,8525474000,8526974000,12,1080000,1500000,1500000
29013669,8528104000,8531754000,8528104000,8529184000,16,0,3650000,1080000
29013670,8529034000,8536544000,8528494000,8536044000,32,540000,8050000,7550000
29013671,8536544000,8538534000,8535684000,8535684000,38,860000,2850000,0
29013672,8534774000,8534774000,8530886000,8532804000,40,3888000,3888000,1918000
29013673,8532544000,8532544000,8527984000,8529174000,50,4560000,4560000,1190000
29013674,8528504000,8530814000,8528504000,8529404000,35,0,2310000,900000
29013675,8528484000,8532514000,8528484000,8531684000,53,0,4030000,3200000
29013676,8531284000,8534384000,8531284000,8534384000,26,0,3100000,3100000
29013677,8533524000,8537164000,8533524000,8536184000,28,0,3640000,2660000
29013678,8535774000,8542374000,8533484000,8538884000,74,2290000,8890000,5400000
29013679,8539474000,8543374000,8537974000,8543374000,56,1500000,5400000,5400000
29013680,8542994000,8543974000,8542994000,8543644000,14,0,980000,650000
29013681,8544074000,8544074000,8537836000,8537894000,22,6238000,6238000,58000
29013682,8537914000,8538974000,8536124000,8536124000,49,1790000,2850000,0
29013683,8536274000,8538974000,8536134000,8536614000,43,140000,2840000,480000
29013684,8536504000,8536504000,8531489000,8536074000,52,5015000,5015000,4585000
29013685,8535551000,8538974000,8532594000,8538974000,40,2957000,6380000,6380000
29013686,8538949000,8542604000,8537074000,8537074000,57,1875000,5530000,0
29013687,8536014000,8543784000,8534684000,8543784000,41,1330000,9100000,9100000
29013688,8542594000,8543784000,8540029000,8541114000,78,2565000,3755000,1085000
29013689,8542254000,8544214000,8539544000,8539544000,48,2710000,4670000,0
29013690,8539534000,8541807000,8536014000,8536664000,67,3520000,5793000,650000
29013691,8537704000,8537704000,8533044000,8533594000,38,4660000,4660000,550000
29013692,8533584000,8536974000,8533584000,8535634000,32,0,3390000,2050000
29013693,8535244000,8535244000,8529594000,8529594000,40,5650000,5650000,0
29013694,8529574000,8531434000,8527466000,8530504000,38,2108000,3968000,3038000
29013695,8529724000,8531434000,8527564000,8528914000,60,2160000,3870000,1350000
29013696,8529144000,8529774000,8525344000,8525344000,20,3800000,4430000,0
29013697,8525724000,8526224000,8522474000,8525444000,50,3250000,3750000,2970000
29013698,8526434000,8531634000,8526434000,8528974000,52,0,5200000,2540000
29013699,8529764000,8530304000,8526694000,8526974000,41,3070000,3610000,280000
29013700,8527334000,8528904000,8522123000,8522123000,63,5211000,6781000,0
29013701,8522127000,8522127000,8519524000,8519524000,17,2603000,2603000,0
29013702,8519674000,8521234000,8517784000,8517784000,47,1890000,3450000,0
29013703,8517984000,8517984000,8515444000,8515974000,36,2540000,2540000,530000
29013704,8515444000,8515444000,8512954000,8514154000,27,2490000,2490000,1200000
29013705,8514174000,8514174000,8511244000,8511594000,16,2930000,2930000,350000
29013706,8511494000,8512094000,8507514000,8508014000,30,3980000,4580000,500000
29013707,8507614000,8507614000,8506064000,8507594000,36,1550000,1550000,1530000
29013708,8506574000,8516144000,8506574000,8515642000,58,0,9570000,9068000
29013709,8515645000,8518414000,8513984000,8518414000,60,1661000,4430000,4430000
29013710,8518414000,8526064000,8518414000,8526064000,49,0,7650000,7650000
29013711,8526074000,8529124000,8525404000,8527334000,59,670000,3720000,1930000
29013712,8526224000,8526614000,8523514000,8525474000,55,2710000,3100000,1960000
29013713,8525474000,8528974000,8525474000,8528974000,23,0,3500000,3500000
29013714,8527734000,8528974000,8527084000,8528974000,16,650000,1890000,1890000
29013715,8528214000,8528554000,8525914000,8528134000,32,2300000,2640000,2220000
29013716,8528474000,8528634000,8528474000,8528634000,4,0,160000,160000
29013717,8528774000,8531174000,8528774000,8530304000,24,0,2400000,1530000
29013718,8529524000,8530134000,8527354000,8529524000,26,2170000,2780000,2170000
29013719,8529084000,8534904000,8528214000,8532747000,40,870000,6690000,4533000
29013720,8532474000,8538474000,8532474000,8534934000,48,0,6000000,2460000
29013721,8534744000,8535404000,8529984000,8529994000,44,4760000,5420000,10000
29013722,8530314000,8530404000,8524284000,8524284000,48,6030000,6120000,0
29013723,8523984000,8524284000,8518984000,8518984000,32,5000000,5300000,0
29013724,8518794000,8518794000,8510144000,8510394000,76,8650000,8650000,250000
29013725,8510974000,8515894000,8504984000,8504984000,53,5990000,10910000,0
29013726,8504484000,8508574000,8503634000,8506694000,57,850000,4940000,3060000
29013727,8507524000,8513774000,8507524000,8513774000,45,0,6250000,6250000
29013728,8513974000,8513974000,8509994000,8510494000,28,3980000,3980000,500000
29013729,8508464000,8508464000,8503864000,8506715000,49,4600000,4600000,2851000
29013730,8506344000,8507754000,8506334000,8507754000,20,10000,1420000,1420000
29013731,8505984000,8506364000,8501274000,8502164000,26,4710000,5090000,890000
29013732,8502814000,8506974000,8502814000,8506974000,16,0,4160000,4160000
29013733,8505184000,8511704000,8504995000,8510234000,67,189000,6709000,5239000
29013734,8510974000,8516004000,8510974000,8516004000,28,0,5030000,5030000
29013735,8515104000,8518064000,8510984000,8510984000,77,4120000,7080000,0
29013736,8511264000,8511534000,8507924000,8509984000,69,3340000,3610000,2060000
29013737,8510764000,8510974000,8507324000,8507324000,43,3440000,3650000,0
29013738,8507314000,8509434000,8504794000,8504984000,45,2520000,4640000,190000
29013739,8504794000,8505644000,8501764000,8502974000,43,3030000,3880000,1210000
29013740,8503974000,8505244000,8502518000,8502584000,45,1456000,2726000,66000
29013741,8503384000,8508844000,8501984000,8502614000,49,1400000,6860000,630000
29013742,8502094000,8502604000,8483654000,8494724000,90,18440000,18950000,11070000
29013743,8494734000,8497224000,8486084000,8496584000,63,8650000,11140000,10500000
29013744,8496524000,8504244000,8495584000,8504244000,68,940000,8660000,8660000
29013745,8504714000,8509474000,8504714000,8507384000,70,0,4760000,2670000
29013746,8508744000,8518864000,8507984000,8518864000,75,760000,10880000,10880000
29013747,8518364000,8523874000,8518364000,8520174000,35,0,5510000,1810000
29013748,8520344000,8529644000,8519454000,8528704000,69,890000,10190000,9250000
29013749,8527774000,8528174000,8524254000,8524504000,43,3520000,3920000,250000
29013750,8524394000,8524394000,8512504000,8516874000,83,11890000,11890000,4370000
29013751,8515153000,8518454000,8511554000,8515414000,88,3599000,6900000,3860000
29013752,8515424000,8519984000,8508984000,8512314000,104,6440000,11000000,3330000
29013753,8512864000,8513954000,8506574000,8513524000,102,6290000,7380000,6950000
29013754,8512584000,8513384000,8506954000,8509434000,68,5630000,6430000,2480000
29013755,8507974000,8512304000,8507952000,8510754000,67,22000,4352000,2802000
29013756,8510094000,8512474000,8501264000,8502014000,74,8830000,11210000,750000
29013757,8501260000,8502044000,8497114000,8499264000,95,4146000,4930000,2150000
29013758,8499254000,8499724000,8497304000,8499724000,52,1950000,2420000,2420000
29013759,8499724000,8500184000,8495784000,8500184000,65,3940000,4400000,4400000
29013760,8499714000,8499714000,8493504000,8494044000,56,6210000,6210000,540000
29013761,8493564000,8495644000,8491835000,8493574000,32,1729000,3809000,1739000
29013762,8493974000,8496494000,8493874000,8496074000,44,100000,2620000,2200000
29013763,8493747000,8499874000,8493004000,8499874000,60,743000,6870000,6870000
29013764,8499354000,8501794000,8499354000,8500474000,27,0,2440000,1120000
29013765,8500754000,8505204000,8500754000,8501984000,69,0,4450000,1230000
29013766,8502684000,8502904000,8493684000,8494784000,61,9000000,9220000,1100000
29013767,8494044000,8499334000,8493684000,8499334000,58,360000,5650000,5650000
29013768,8498974000,8503974000,8498974000,8498974000,52,0,5000000,0
29013769,8497944000,8497944000,8489714000,8493724000,43,8230000,8230000,4010000
29013770,8493314000,8495124000,8491974000,8493594000,34,1340000,3150000,1620000
29013771,8493014000,8494814000,8486164000,8486164000,52,6850000,8650000,0
29013772,8484984000,8490194000,8484984000,8490184000,60,0,5210000,5200000
29013773,8489374000,8491374000,8487794000,8490144000,38,1580000,3580000,2350000
29013774,8489654000,8490674000,8485074000,8485074000,31,4580000,5600000,0
29013775,8485484000,8487824000,8479654000,8482994000,65,5830000,8170000,3340000
29013776,8482984000,8482984000,8473984000,8473984000,63,9000000,9000000,0
29013777,8474904000,8482514000,8474904000,8476614000,82,0,7610000,1710000
29013778,8476764000,8476974000,8476764000,8476974000,7,0,210000,210000
29013779,8480664000,8486774000,8480664000,8483834000,59,0,6110000,3170000
29013780,8484024000,8491464000,8481954000,8484104000,78,2070000,9510000,2150000
29013781,8484514000,8488764000,8479574000,8479574000,75,4940000,9190000,0
29013782,8478344000,8478344000,8466564000,8473034000,95,11780000,11780000,6470000
29013783,8473754000,8475644000,8464044000,8464044000,82,9710000,11600000,0
29013784,8464444000,8472624000,8463844000,8468504000,90,600000,8780000,4660000
29013785,8469574000,8476634000,8467794000,8468974000,52,1780000,8840000,1180000
29013786,8468108000,8468108000,8463984000,8465064000,36,4124000,4124000,1080000
29013787,8465654000,8467674000,8460494000,8465478000,90,5160000,7180000,4984000
29013788,8465594000,8468544000,8464434000,8468544000,50,1160000,4110000,4110000
29013789,8468674000,8473164000,8468074000,8468664000,60,600000,5090000,590000
29013790,8469774000,8475384000,8462634000,8463774000,95,7140000,12750000,1140000
29013791,8464794000,8468974000,8461274000,8463844000,77,3520000,7700000,2570000
29013792,8464464000,8467654000,8461794000,8465194000,70,2670000,5860000,3400000
29013793,8464464000,8464464000,8456184000,8458154000,67,8280000,8280000,1970000
29013794,8458294000,8458774000,8449584000,8451854000,83,8710000,9190000,2270000
29013795,8451854000,8455854000,8441794000,8443684000,91,10060000,14060000,1890000
29013796,8443434000,8454524000,8443084000,8454524000,88,350000,11440000,11440000
29013797,8454814000,8455364000,8442564000,8445604000,61,12250000,12800000,3040000
29013798,8444301000,8444394000,8435694000,8436684000,92,8607000,8700000,990000
29013799,8435694000,8442244000,8433284000,8435994000,69,2410000,8960000,2710000
29013800,8437304000,8440484000,8436042000,8440484000,41,1262000,4442000,4442000
29013801,8440244000,8448534000,8439636000,8446794000,54,608000,8898000,7158000
29013802,8447364000,8454374000,8447364000,8453504000,55,0,7010000,6140000
29013803,8453401000,8453404000,8442824000,8446814000,73,10577000,10580000,3990000
29013804,8446039000,8450974000,8442594000,8450974000,60,3445000,8380000,8380000
29013805,8448788000,8453874000,8445884000,8445884000,63,2904000,7990000,0
29013806,8446724000,8448974000,8446724000,8446984000,42,0,2250000,260000
29013807,8447494000,8448974000,8443984000,8443984000,45,3510000,4990000,0
29013808,8444554000,8445244000,8441144000,8442534000,66,3410000,4100000,1390000
29013809,8440984000,8441714000,8440984000,8441664000,14,0,730000,680000
29013810,8441454000,8446474000,8436434000,8446474000,78,5020000,10040000,10040000
29013811,8446474000,8457794000,8446204000,8454794000,105,270000,11590000,8590000
29013812,8454379000,8458344000,8451678000,8452254000,105,2701000,6666000,576000
29013813,8451640000,8454344000,8450824000,8452184000,50,816000,3520000,1360000
29013814,8452664000,8457434000,8452664000,8453274000,59,0,4770000,610000
29013815,8453924000,8455974000,8443814000,8455314000,53,10110000,12160000,11500000
29013816,8455314000,8463724000,8454920000,8463134000,67,394000,8804000,8214000
29013817,8463614000,8463614000,8454474000,8455454000,52,9140000,9140000,980000
29013818,8456514000,8456974000,8455154000,8456414000,34,1360000,1820000,1260000
29013819,8455394000,8459834000,8455394000,8458984000,49,0,4440000,3590000
29013820,8458984000,8460804000,8458984000,8458994000,27,0,1820000,10000
29013821,8459084000,8460974000,8458994000,8458994000,16,90000,1980000,0
29013822,8458984000,8463044000,8458984000,8462944000,23,0,4060000,3960000
29013823,8462104000,8463044000,8462104000,8463044000,24,0,940000,940000
29013824,8462864000,8462864000,8461304000,8461984000,10,1560000,1560000,680000
29013825,8461974000,8461974000,8455154000,8455634000,34,6820000,6820000,480000
29013826,8457404000,8460794000,8456984000,8459974000,50,420000,3810000,2990000
29013827,8460284000,8462774000,8456984000,8457654000,45,3300000,5790000,670000
29013828,8458004000,8458824000,8455784000,8456494000,36,2220000,3040000,710000
29013829,8456664000,8456984000,8455154000,8456814000,24,1510000,1830000,1660000
29013830,8457974000,8462294000,8456094000,8456984000,48,1880000,6200000,890000
29013831,8458184000,8458944000,8455454000,8455454000,26,2730000,3490000,0
29013832,8455714000,8458334000,8455714000,8457474000,32,0,2620000,1760000
29013833,8456984000,8458944000,8456984000,8458054000,17,0,1960000,1070000
29013834,8456864000,8456864000,8455154000,8455444000,20,1710000,1710000,290000
29013836,8454554000,8455444000,8454544000,8455444000,8,10000,900000,900000
29013837,8456814000,8462554000,8456814000,8460764000,59,0,5740000,3950000
29013838,8460174000,8460174000,8456444000,8456444000,44,3730000,3730000,0
29013839,8456444000,8458314000,8455454000,8458314000,29,990000,2860000,2860000
29013840,8458334000,8462444000,8458334000,8460544000,56,0,4110000,2210000
29013841,8460374000,8460744000,8456104000,8456484000,42,4270000,4640000,380000
29013842,8455454000,8456144000,8454914000,8456144000,10,540000,1230000,1230000
29013843,8456424000,8459144000,8454304000,8454304000,53,2120000,4840000,0
29013844,8454304000,8455074000,8452414000,8453974000,38,1890000,2660000,1560000
29013845,8453494000,8458584000,8452474000,8453074000,60,1020000,6110000,600000
29013846,8453794000,8454204000,8453794000,8454204000,4,0,410000,410000
29013853,8454594000,8455164000,8454594000,8454594000,6,0,570000,0
29013854,8453794000,8454524000,8453144000,8453144000,16,650000,1380000,0
29013855,8451988000,8454374000,8450754000,8454374000,46,1234000,3620000,3620000
29013856,8455174000,8457684000,8455174000,8457684000,40,0,2510000,2510000
29013857,8456564000,8458584000,8455694000,8458584000,19,870000,2890000,2890000
29013858,8458634000,8463044000,8458634000,8463044000,43,0,4410000,4410000
29013859,8463054000,8477644000,8463054000,8470704000,85,0,14590000,7650000
29013860,8469434000,8470384000,8467864000,8469814000,44,1570000,2520000,1950000
29013861,8469234000,8471674000,8460484000,8464494000,56,8750000,11190000,4010000
29013862,8463864000,8465044000,8459374000,8461134000,48,4490000,5670000,1760000
29013863,8461134000,8466374000,8461134000,8466374000,42,0,5240000,5240000
29013864,8466824000,8468324000,8464354000,8465694000,34,2470000,3970000,1340000
29013865,8465602000,8465602000,8459464000,8459484000,49,6138000,6138000,20000
29013866,8459874000,8459874000,8452864000,8452864000,49,7010000,7010000,0
29013867,8453134000,8453134000,8445704000,8446274000,43,7430000,7430000,570000
29013868,8446884000,8448974000,8444244000,8444254000,33,2640000,4730000,10000
29013869,8445094000,8447084000,8443984000,8443984000,29,1110000,3100000,0
29013870,8444474000,8450224000,8444474000,8450224000,33,0,5750000,5750000
29013871,8449304000,8449304000,8441234000,8442204000,58,8070000,8070000,970000
29013872,8442724000,8451624000,8442724000,8451624000,56,0,8900000,8900000
29013873,8451874000,8456574000,8450620000,8452664000,54,1254000,5954000,2044000
29013874,8451704000,8458724000,8450784000,8458724000,51,920000,7940000,7940000
29013875,8458054000,8458054000,8453984000,8456134000,65,4070000,4070000,2150000
29013876,8456134000,8456134000,8449004000,8455394000,62,7130000,7130000,6390000
29013877,8454766000,8455484000,8449784000,8455484000,66,4982000,5700000,5700000
29013878,8455474000,8458924000,8453994000,8458404000,38,1480000,4930000,4410000
29013879,8457984000,8461434000,8457984000,8460514000,46,0,3450000,2530000
29013880,8460254000,8465834000,8459208000,8465514000,46,1046000,6626000,6306000
29013881,8466424000,8466424000,8463244000,8463244000,17,3180000,3180000,0
29013882,8462103000,8463224000,8460694000,8461687000,46,1409000,2530000,993000
29013883,8461678000,8466724000,8459384000,8465954000,39,2294000,7340000,6570000
29013884,8466724000,8467574000,8462384000,8463574000,30,4340000,5190000,1190000
29013885,8462954000,8467454000,8462954000,8467454000,34,0,4500000,4500000
29013886,8468074000,8468674000,8464474000,8467164000,71,3600000,4200000,2690000
29013887,8467664000,8473244000,8467664000,8473244000,33,0,5580000,5580000
29013888,8473254000,8475164000,8470454000,8475164000,34,2800000,4710000,4710000
29013889,8475274000,8478574000,8471064000,8471484000,45,4210000,7510000,420000
29013890,8471484000,8473224000,8470694000,8472584000,20,790000,2530000,1890000
29013891,8473174000,8476414000,8470984000,8476414000,42,2190000,5430000,5430000
29013892,8476614000,8478644000,8476414000,8476414000,37,200000,2230000,0
29013893,8477304000,8479974000,8477304000,8479974000,33,0,2670000,2670000
29013894,8479144000,8486854000,8478324000,8478794000,65,820000,8530000,470000
29013895,8479984000,8483974000,8479984000,8482834000,42,0,3990000,2850000
29013896,8482914000,8489454000,8482884000,8482884000,66,30000,6570000,0
29013897,8482824000,8482824000,8478984000,8478984000,29,3840000,3840000,0
29013898,8478434000,8478434000,8472024000,8472984000,28,6410000,6410000,960000
29013899,8473084000,8474654000,8468524000,8470264000,33,4560000,6130000,1740000
29013900,8471364000,8477944000,8468664000,8477944000,50,2700000,9280000,9280000
29013901,8478644000,8478644000,8474364000,8478324000,46,4280000,4280000,3960000
29013902,8478484000,8482584000,8478484000,8481634000,43,0,4100000,3150000
29013903,8482284000,8488574000,8479554000,8483984000,71,2730000,9020000,4430000
29013904,8484564000,8488784000,8483668000,8487744000,53,896000,5116000,4076000
29013905,8488344000,8488344000,8482584000,8482584000,42,5760000,5760000,0
29013906,8482562000,8482562000,8475644000,8476574000,72,6918000,6918000,930000
29013907,8476214000,8476214000,8466094000,8467544000,69,10120000,10120000,1450000
29013908,8465984000,8471634000,8465984000,8470854000,73,0,5650000,4870000
29013909,8469584000,8469984000,8463704000,8463704000,48,5880000,6280000,0
29013910,8463874000,8468474000,8463524000,8468474000,30,350000,4950000,4950000
29013911,8467534000,8467534000,8459514000,8461504000,58,8020000,8020000,1990000
29013912,8460714000,8462354000,8453974000,8461154000,83,6740000,8380000,7180000
29013913,8461614000,8463974000,8456824000,8456824000,54,4790000,7150000,0
29013914,8457654000,8458914000,8451644000,8453134000,44,6010000,7270000,1490000
29013915,8453334000,8453974000,8446968000,8446968000,70,6366000,7006000,0
29013916,8446654000,8451634000,8430494000,8431784000,116,16160000,21140000,1290000
29013917,8431974000,8441484000,8429284000,8440074000,116,2690000,12200000,10790000
29013918,8442844000,8445214000,8438234000,8442884000,88,4610000,6980000,4650000
29013919,8443974000,8460104000,8443974000,8451604000,111,0,16130000,7630000
29013920,8450854000,8452574000,8442674000,8444034000,93,8180000,9900000,1360000
29013921,8442481000,8448854000,8438984000,8448854000,100,3497000,9870000,9870000
29013922,8450684000,8450744000,8450684000,8450744000,5,0,60000,60000
29013925,8430934000,8431099000,8429984000,8429984000,17,950000,1115000,0
29013926,8429984000,8434044000,8427985000,8430674000,99,1999000,6059000,2689000
29013927,8430134000,8437484000,8430134000,8437034000,87,0,7350000,6900000
29013928,8437794000,8442304000,8436384000,8436434000,67,1410000,5920000,50000
29013929,8436414000,8440194000,8435454000,8439414000,73,960000,4740000,3960000
29013930,8439604000,8441374000,8434490000,8434984000,72,5114000,6884000,494000
29013931,8433537000,8435984000,8430684000,8434774000,56,2853000,5300000,4090000
29013932,8437604000,8437804000,8432984000,8435014000,60,4620000,4820000,2030000
29013933,8435804000,8447774000,8435024000,8445894000,107,780000,12750000,10870000
29013934,8445894000,8450474000,8445894000,8449034000,64,0,4580000,3140000
29013935,8449664000,8455014000,8449664000,8454874000,66,0,5350000,5210000
29013936,8453884000,8456364000,8453884000,8454474000,36,0,2480000,590000
29013937,8455984000,8456364000,8451014000,8453974000,40,4970000,5350000,2960000
29013938,8452996000,8452996000,8448984000,8450524000,48,4012000,4012000,1540000
29013939,8450734000,8452174000,8443990000,8444024000,48,6744000,8184000,34000
29013940,8444874000,8449104000,8443684000,8446324000,94,1190000,5420000,2640000
29013941,8445804000,8447094000,8441184000,8444454000,50,4620000,5910000,3270000
29013942,8444474000,8447494000,8442358000,8442924000,96,2116000,5136000,566000
29013943,8443654000,8443654000,8436604000,8437694000,26,7050000,7050000,1090000
29013944,8438974000,8444644000,8438494000,8444644000,52,480000,6150000,6150000
29013945,8445374000,8453664000,8444984000,8448324000,96,390000,8680000,3340000
29013946,8448324000,8449874000,8441704000,8445734000,108,6620000,8170000,4030000
29013947,8444230000,8444230000,8433864000,8434754000,114,10366000,10366000,890000
29013948,8435124000,8436194000,8432984000,8434384000,88,2140000,3210000,1400000
29013949,8435354000,8435504000,8432314000,8435284000,56,3040000,3190000,2970000
29013950,8434274000,8436534000,8431484000,8432164000,53,2790000,5050000,680000
29013951,8433394000,8435324000,8431544000,8433894000,58,1850000,3780000,2350000
29013952,8435694000,8444304000,8435694000,8442414000,70,0,8610000,6720000
29013953,8441125000,8442094000,8434524000,8434524000,50,6601000,7570000,0
29013954,8435224000,8437724000,8433904000,8434504000,76,1320000,3820000,600000
29013955,8434096000,8437424000,8431564000,8436974000,76,2532000,5860000,5410000
29013956,8436484000,8441974000,8436484000,8440454000,53,0,5490000,3970000
29013957,8440464000,8441974000,8439169000,8439169000,22,1295000,2805000,0
29013958,8438984000,8447724000,8437984000,8447724000,52,1000000,9740000,9740000
29013959,8447244000,8447774000,8445504000,8447464000,45,1740000,2270000,1960000
29013960,8447764000,8448774000,8442384000,8444984000,54,5380000,6390000,2600000
29013961,8444434000,8450974000,8444434000,8450624000,55,0,6540000,6190000
29013962,8449744000,8456054000,8448984000,8455154000,57,760000,7070000,6170000
29013963,8454804000,8456974000,8448984000,8450504000,68,5820000,7990000,1520000
29013964,8448984000,8457774000,8448784000,8457774000,59,200000,8990000,8990000
29013965,8457114000,8462974000,8456584000,8462604000,41,530000,6390000,6020000
29013966,8462594000,8462974000,8455554000,8456734000,80,7040000,7420000,1180000
29013967,8457074000,8460664000,8456734000,8458976000,64,340000,3930000,2242000
29013968,8458554000,8464784000,8457004000,8464784000,64,1550000,7780000,7780000
29013969,8464240000,8464784000,8462334000,8462974000,36,1906000,2450000,640000
29013970,8462464000,8466624000,8461014000,8466624000,48,1450000,5610000,5610000
29013971,8466774000,8477194000,8466774000,8470544000,76,0,10420000,3770000
29013972,8469694000,8479454000,8468864000,8473904000,80,830000,10590000,5040000
29013973,8475374000,8475374000,8465644000,8467774000,79,9730000,9730000,2130000
29013974,8467364000,8467364000,8457494000,8457514000,77,9870000,9870000,20000
29013975,8457214000,8458514000,8451984000,8455064000,65,5230000,6530000,3080000
29013976,8455204000,8459634000,8453014000,8459144000,40,2190000,6620000,6130000
29013977,8458002000,8458002000,8444024000,8444024000,65,13978000,13978000,0
29013978,8445784000,8448974000,8440594000,8448974000,96,5190000,8380000,8380000
29013979,8447214000,8450744000,8444984000,8447474000,88,2230000,5760000,2490000
29013980,8446615000,8453094000,8444014000,8453094000,82,2601000,9080000,9080000
29013981,8453394000,8455274000,8452194000,8454614000,73,1200000,3080000,2420000
29013982,8454214000,8462214000,8454214000,8462214000,67,0,8000000,8000000
29013983,8461364000,8469474000,8460484000,8468394000,87,880000,8990000,7910000
29013984,8467984000,8467984000,8463114000,8464184000,67,4870000,4870000,1070000
29013985,8463984000,8463984000,8451394000,8454874000,83,12590000,12590000,3480000
29013986,8455374000,8458274000,8453984000,8453984000,60,1390000,4290000,0
29013987,8454834000,8458274000,8453504000,8454414000,44,1330000,4770000,910000
29013988,8454964000,8454964000,8448984000,8451234000,30,5980000,5980000,2250000
29013989,8451384000,8453474000,8449114000,8449964000,42,2270000,4360000,850000
29013990,8450814000,8454104000,8450504000,8454104000,53,310000,3600000,3600000
29013991,8454124000,8458974000,8449384000,8449384000,102,4740000,9590000,0
29013992,8449724000,8450294000,8445604000,8445624000,49,4120000,4690000,20000
29013993,8445624000,8446294000,8438454000,8439324000,92,7170000,7840000,870000
29013994,8439594000,8446974000,8436444000,8445484000,87,3150000,10530000,9040000
29013995,8444926000,8447214000,8440614000,8442814000,88,4312000,6600000,2200000
29013996,8443564000,8444424000,8438984000,8438984000,51,4580000,5440000,0
29013997,8437744000,8442544000,8436984000,8441584000,75,760000,5560000,4600000
29013998,8441074000,8445134000,8441074000,8442544000,42,0,4060000,1470000
29013999,8443174000,8451474000,8443174000,8451184000,48,0,8300000,8010000
29014000,8451614000,8455414000,8449574000,8455324000,63,2040000,5840000,5750000
29014001,8455424000,8460754000,8455424000,8460754000,58,0,5330000,5330000
29014002,8460134000,8465754000,8455424000,8458294000,96,4710000,10330000,2870000
29014003,8457494000,8458094000,8453784000,8455244000,48,3710000,4310000,1460000
29014004,8455354000,8455364000,8453708000,8454644000,23,1646000,1656000,936000
29014005,8456204000,8456204000,8447849000,8448474000,51,8355000,8355000,625000
29014006,8448874000,8457104000,8448874000,8452564000,92,0,8230000,3690000
29014007,8452103000,8452103000,8445754000,8446214000,70,6349000,6349000,460000
29014008,8447054000,8460464000,8446214000,8460464000,84,840000,14250000,14250000
29014009,8460664000,8464774000,8459984000,8459984000,77,680000,4790000,0
29014010,8460364000,8460544000,8456548000,8460054000,63,3816000,3996000,3506000
29014011,8460154000,8460264000,8455424000,8457494000,48,4730000,4840000,2070000
29014012,8457360000,8457954000,8454104000,8455904000,51,3256000,3850000,1800000
29014013,8455584000,8457804000,8455214000,8455214000,38,370000,2590000,0
29014014,8456064000,8464554000,8456064000,8464454000,62,0,8490000,8390000
29014015,8463924000,8466644000,8462394000,8463104000,53,1530000,4250000,710000
29014016,8464224000,8464974000,8460773000,8460814000,29,3451000,4201000,41000
29014017,8461254000,8468824000,8461254000,8467184000,50,0,7570000,5930000
29014018,8468544000,8470044000,8464984000,8466214000,40,3560000,5060000,1230000
29014019,8466214000,8466494000,8463984000,8465594000,32,2230000,2510000,1610000
29014020,8465724000,8465974000,8460814000,8460814000,51,4910000,5160000,0
29014021,8460304000,8461644000,8460304000,8460584000,27,0,1340000,280000
29014022,8460084000,8464974000,8460084000,8463854000,20,0,4890000,3770000
29014023,8462784000,8464074000,8455214000,8456134000,67,7570000,8860000,920000
29014024,8456374000,8462814000,8456374000,8462814000,65,0,6440000,6440000
29014025,8461974000,8464494000,8459224000,8462674000,61,2750000,5270000,3450000
29014026,8463014000,8464974000,8460734000,8464974000,57,2280000,4240000,4240000
29014027,8465574000,8467244000,8464434000,8466264000,47,1140000,2810000,1830000
29014028,8467314000,8477624000,8467314000,8472874000,85,0,10310000,5560000
29014029,8473744000,8485774000,8473744000,8485774000,100,0,12030000,12030000
29014030,8486974000,8487274000,8469504000,8471224000,63,17470000,17770000,1720000
29014031,8470374000,8481214000,8468484000,8479524000,92,1890000,12730000,11040000
29014032,8479094000,8482600000,8473964000,8474524000,84,5130000,8636000,560000
29014033,8474984000,8476484000,8471464000,8472634000,58,3520000,5020000,1170000
29014034,8471884000,8471884000,8468504000,8468504000,31,3380000,3380000,0
29014035,8468306000,8474454000,8463224000,8463224000,74,5082000,11230000,0
29014036,8462904000,8469984000,8462084000,8467974000,98,820000,7900000,5890000
29014037,8469684000,8477464000,8469684000,8476584000,99,0,7780000,6900000
29014038,8475964000,8478214000,8473524000,8475334000,71,2440000,4690000,1810000
29014039,8476064000,8476064000,8472974000,8474264000,43,3090000,3090000,1290000
29014040,8474974000,8480484000,8472974000,8472974000,55,2000000,7510000,0
29014041,8471603000,8471603000,8462184000,8466234000,71,9419000,9419000,4050000
29014042,8467254000,8467914000,8458184000,8461284000,75,9070000,9730000,3100000
29014043,8460984000,8460984000,8453084000,8458974000,52,7900000,7900000,5890000
29014044,8460934000,8467274000,8458774000,8466074000,58,2160000,8500000,7300000
29014045,8465304000,8466704000,8461584000,8466704000,72,3720000,5120000,5120000
29014046,8466284000,8468974000,8464424000,8468974000,44,1860000,4550000,4550000
29014047,8468574000,8473854000,8467984000,8473004000,67,590000,5870000,5020000
29014048,8472253000,8474454000,8471234000,8474024000,34,1019000,3220000,2790000
29014049,8474444000,8477624000,8473754000,8476194000,58,690000,3870000,2440000
29014050,8476724000,8477134000,8473984000,8476314000,48,2740000,3150000,2330000
29014051,8477124000,8478404000,8468984000,8468984000,76,8140000,9420000,0
29014052,8469944000,8469944000,8457274000,8461384000,100,12670000,12670000,4110000
29014053,8462124000,8462144000,8456284000,8458014000,69,5840000,5860000,1730000
29014054,8457284000,8458014000,8454004000,8455904000,54,3280000,4010000,1900000
29014055,8455644000,8457774000,8454294000,8454294000,46,1350000,3480000,0
29014056,8453142000,8459974000,8449554000,8459974000,92,3588000,10420000,10420000
29014057,8460184000,8465774000,8460184000,8464884000,94,0,5590000,4700000
29014058,8465574000,8468974000,8463304000,8463434000,70,2270000,5670000,130000
29014059,8463724000,8464594000,8460584000,8462934000,41,3140000,4010000,2350000
29014060,8463344000,8463344000,8459474000,8461274000,60,3870000,3870000,1800000
29014061,8461554000,8462704000,8460014000,8462704000,46,1540000,2690000,2690000
29014062,8461524000,8464714000,8461384000,8461984000,38,140000,3330000,600000
29014063,8461984000,8465644000,8461984000,8462484000,37,0,3660000,500000
29014064,8462904000,8464524000,8459284000,8459284000,40,3620000,5240000,0
29014065,8459964000,8459964000,8456172000,8456172000,50,3792000,3792000,0
29014066,8456179000,8462754000,8456179000,8461394000,73,0,6575000,5215000
29014067,8461974000,8465264000,8458214000,8459364000,77,3760000,7050000,1150000
29014068,8458394000,8460974000,8456584000,8460734000,45,1810000,4390000,4150000
29014069,8460134000,8464974000,8459080000,8464374000,64,1054000,5894000,5294000
29014070,8464894000,8469784000,8462510000,8469744000,65,2384000,7274000,7234000
29014071,8469794000,8472764000,8467994000,8468214000,51,1800000,4770000,220000
29014072,8468964000,8469614000,8463894000,8464874000,47,5070000,5720000,980000
29014073,8465044000,8468604000,8465044000,8467754000,29,0,3560000,2710000
29014074,8468214000,8472294000,8468214000,8472294000,37,0,4080000,4080000
29014075,8471704000,8472474000,8471704000,8472044000,17,0,770000,340000
29014076,8472524000,8472774000,8471984000,8472774000,10,540000,790000,790000
29014077,8473624000,8476874000,8473624000,8476874000,34,0,3250000,3250000
29014078,8473675000,8475974000,8472984000,8475204000,34,691000,2990000,2220000
29014079,8475124000,8475124000,8473924000,8473924000,8,1200000,1200000,0
29014080,8474484000,8476504000,8473064000,8475974000,50,1420000,3440000,2910000
29014081,8476764000,8477874000,8475324000,8475994000,38,1440000,2550000,670000
29014082,8476444000,8476944000,8469544000,8469544000,29,6900000,7400000,0
29014083,8469031000,8469031000,8464184000,8464184000,47,4847000,4847000,0
29014084,8464704000,8468314000,8464704000,8468314000,39,0,3610000,3610000
29014085,8468594000,8469624000,8465574000,8468974000,40,3020000,4050000,3400000
29014086,8470304000,8476194000,8470304000,8475984000,55,0,5890000,5680000
29014087,8476524000,8483974000,8476524000,8483254000,69,0,7450000,6730000
29014088,8482814000,8484824000,8482349000,8483994000,40,465000,2475000,1645000
29014089,8484004000,8484004000,8472054000,8472054000,45,11950000,11950000,0
29014090,8473534000,8476364000,8470654000,8474404000,73,2880000,5710000,3750000
29014091,8473704000,8478974000,8473704000,8476494000,40,0,5270000,2790000
29014092,8477474000,8478974000,8476764000,8478724000,22,710000,2210000,1960000
29014093,8477984000,8482084000,8476704000,8482084000,32,1280000,5380000,5380000
29014094,8482284000,8490704000,8482284000,8488934000,62,0,8420000,6650000
29014095,8489734000,8501974000,8489254000,8499464000,112,480000,12720000,10210000
29014096,8499844000,8506034000,8492908000,8496574000,109,6936000,13126000,3666000
29014097,8496974000,8501814000,8494984000,8494984000,56,1990000,6830000,0
29014098,8494540000,8499244000,8487784000,8497604000,72,6756000,11460000,9820000
29014099,8497674000,8498974000,8490124000,8490124000,72,7550000,8850000,0
29014100,8491414000,8497364000,8486129000,8493374000,98,5285000,11235000,7245000
29014101,8493536000,8496184000,8489154000,8489154000,89,4382000,7030000,0
29014102,8488884000,8490344000,8485814000,8486694000,77,3070000,4530000,880000
29014103,8487994000,8490864000,8486694000,8489784000,56,1300000,4170000,3090000
29014104,8490054000,8493474000,8489144000,8492974000,40,910000,4330000,3830000
29014105,8494324000,8497754000,8492984000,8492994000,40,1340000,4770000,10000
29014106,8493974000,8495564000,8493094000,8493594000,30,880000,2470000,500000
29014107,8493334000,8497184000,8492264000,8497184000,42,1070000,4920000,4920000
29014108,8497354000,8499714000,8497354000,8499714000,38,0,2360000,2360000
29014109,8499714000,8502614000,8499714000,8500584000,37,0,2900000,870000
29014110,8500544000,8500704000,8494924000,8498824000,76,5620000,5780000,3900000
29014111,8499044000,8499824000,8489084000,8489994000,51,9960000,10740000,910000
29014112,8489144000,8489144000,8486644000,8488974000,53,2500000,2500000,2330000
29014113,8490364000,8496744000,8488724000,8492914000,57,1640000,8020000,4190000
29014114,8492194000,8493624000,8486794000,8486794000,57,5400000,6830000,0
29014115,8485914000,8488214000,8484984000,8486034000,50,930000,3230000,1050000
29014116,8487104000,8496344000,8487104000,8492524000,98,0,9240000,5420000
29014117,8492594000,8493474000,8484984000,8493474000,76,7610000,8490000,8490000
29014118,8492624000,8498974000,8491374000,8497254000,97,1250000,7600000,5880000
29014119,8496873000,8515357000,8496873000,8502714000,117,0,18484000,5841000
29014120,8502054000,8508374000,8494598000,8494974000,112,7456000,13776000,376000
29014121,8494724000,8505014000,8492484000,8500564000,128,2240000,12530000,8080000
29014122,8499734000,8504974000,8498364000,8498984000,75,1370000,6610000,620000
29014123,8496314000,8496314000,8489024000,8494274000,75,7290000,7290000,5250000
29014124,8494268000,8497354000,8493984000,8495094000,58,284000,3370000,1110000
29014125,8494245000,8496534000,8489584000,8491074000,94,4661000,6950000,1490000
29014126,8490664000,8493524000,8487657000,8492854000,89,3007000,5867000,5197000
29014127,8492301000,8494974000,8487684000,8487684000,75,4617000,7290000,0
29014128,8487704000,8492724000,8486596000,8487464000,78,1108000,6128000,868000
29014129,8488174000,8498274000,8488174000,8496064000,88,0,10100000,7890000
29014130,8496064000,8498974000,8494884000,8498974000,53,1180000,4090000,4090000
29014131,8499324000,8501084000,8493984000,8494614000,55,5340000,7100000,630000
29014132,8496744000,8497354000,8490984000,8496374000,60,5760000,6370000,5390000
29014133,8498474000,8498974000,8494944000,8498874000,56,3530000,4030000,3930000
29014134,8498904000,8507454000,8498904000,8507364000,91,0,8550000,8460000
29014135,8507744000,8512374000,8501444000,8512374000,107,6300000,10930000,10930000
29014136,8512874000,8512884000,8503984000,8506614000,66,8890000,8900000,2630000
29014137,8506614000,8509314000,8503984000,8508814000,62,2630000,5330000,4830000
29014138,8508974000,8520124000,8507474000,8517994000,86,1500000,12650000,10520000
29014139,8515984000,8522474000,8515184000,8521184000,59,800000,7290000,6000000
29014140,8520274000,8520274000,8504984000,8511004000,92,15290000,15290000,6020000
29014141,8510644000,8512474000,8503518000,8506484000,82,7126000,8956000,2966000
29014142,8506144000,8507794000,8503894000,8503984000,35,2250000,3900000,90000
29014143,8504804000,8504804000,8495354000,8495354000,31,9450000,9450000,0
29014144,8495964000,8498974000,8491864000,8493974000,77,4100000,7110000,2110000
29014145,8494064000,8496034000,8489534000,8494304000,68,4530000,6500000,4770000
29014146,8494304000,8495044000,8490224000,8493304000,59,4080000,4820000,3080000
29014147,8493764000,8501254000,8493764000,8500674000,64,0,7490000,6910000
29014148,8501574000,8503524000,8500684000,8503524000,66,890000,2840000,2840000
29014149,8502384000,8502384000,8492794000,8492794000,50,9590000,9590000,0
29014150,8492794000,8494884000,8489064000,8492104000,54,3730000,5820000,3040000
29014151,8492974000,8495174000,8492114000,8494314000,32,860000,3060000,2200000
29014152,8493474000,8499464000,8492974000,8498334000,54,500000,6490000,5360000
29014153,8498334000,8499874000,8496864000,8497144000,48,1470000,3010000,280000
29014154,8498174000,8498974000,8494884000,8498604000,33,3290000,4090000,3720000
29014155,8497954000,8500484000,8494314000,8494794000,83,3640000,6170000,480000
29014156,8494324000,8496774000,8491596000,8496634000,65,2728000,5178000,5038000
29014157,8497354000,8502704000,8492384000,8494924000,72,4970000,10320000,2540000
29014158,8493644000,8501624000,8493644000,8501624000,75,0,7980000,7980000
29014159,8501004000,8505324000,8499474000,8504284000,78,1530000,5850000,4810000
29014160,8503714000,8504264000,8501704000,8501884000,56,2010000,2560000,180000
29014161,8503474000,8510384000,8503474000,8510384000,64,0,6910000,6910000
29014162,8510884000,8515474000,8510584000,8513974000,49,300000,4890000,3390000
29014163,8513324000,8517974000,8513324000,8515704000,63,0,4650000,2380000
29014164,8515704000,8517574000,8515334000,8516214000,64,370000,2240000,880000
29014165,8515314000,8515314000,8505008000,8505008000,75,10306000,10306000,0
29014166,8504164000,8514974000,8502984000,8510314000,76,1180000,11990000,7330000
29014167,8511694000,8511694000,8503724000,8504014000,105,7970000,7970000,290000
29014168,8504724000,8506244000,8502894000,8503054000,48,1830000,3350000,160000
29014169,8502894000,8502894000,8498074000,8498074000,37,4820000,4820000,0
29014170,8498774000,8500734000,8493834000,8494714000,92,4940000,6900000,880000
29014171,8494549000,8500114000,8493834000,8497944000,95,715000,6280000,4110000
29014172,8496324000,8502974000,8494484000,8502974000,59,1840000,8490000,8490000
29014173,8501824000,8502474000,8499954000,8501054000,42,1870000,2520000,1100000
29014174,8499474000,8499924000,8494934000,8494934000,46,4540000,4990000,0
29014175,8494244000,8499174000,8493984000,8499174000,40,260000,5190000,5190000
29014176,8499002000,8502974000,8499002000,8501584000,40,0,3972000,2582000
29014177,8502644000,8508714000,8502644000,8505804000,55,0,6070000,3160000
29014178,8506644000,8507294000,8505384000,8505384000,32,1260000,1910000,0
29014179,8505754000,8508974000,8503454000,8506484000,42,2300000,5520000,3030000
29014180,8507164000,8510704000,8505194000,8508974000,43,1970000,5510000,3780000
29014181,8509434000,8515674000,8508984000,8514994000,41,450000,6690000,6010000
29014182,8513898000,8517484000,8513484000,8517414000,69,414000,4000000,3930000
29014183,8517414000,8520334000,8516504000,8518574000,64,910000,3830000,2070000
29014184,8518974000,8519974000,8518426000,8519184000,49,548000,1548000,758000
29014185,8519414000,8522164000,8518684000,8520594000,22,730000,3480000,1910000
29014186,8520414000,8526264000,8519984000,8524584000,56,430000,6280000,4600000
29014187,8524308000,8525704000,8514034000,8514034000,50,10274000,11670000,0
29014188,8514764000,8524974000,8513784000,8524774000,84,980000,11190000,10990000
29014189,8524234000,8527414000,8522484000,8527414000,43,1750000,4930000,4930000
29014190,8526574000,8527754000,8525274000,8525334000,33,1300000,2480000,60000
29014191,8525684000,8527514000,8524205000,8525704000,38,1479000,3309000,1499000
29014192,8525704000,8532984000,8525704000,8531824000,42,0,7280000,6120000
29014193,8531984000,8531984000,8525092000,8526084000,54,6892000,6892000,992000
29014194,8525594000,8525594000,8518084000,8518084000,29,7510000,7510000,0
29014195,8518514000,8518924000,8514015000,8518924000,59,4499000,4909000,4909000
29014196,8518624000,8522634000,8517394000,8521224000,43,1230000,5240000,3830000
29014197,8521514000,8521514000,8516984000,8518014000,18,4530000,4530000,1030000
29014198,8518194000,8519184000,8516084000,8516084000,28,2110000,3100000,0
29014199,8515564000,8516724000,8515564000,8515564000,14,0,1160000,0
29014200,8514274000,8515564000,8511564000,8511874000,41,2710000,4000000,310000
29014201,8511734000,8517974000,8511034000,8514624000,58,700000,6940000,3590000
29014202,8515374000,8520274000,8511654000,8518874000,51,3720000,8620000,7220000
29014203,8518374000,8527324000,8518074000,8520824000,63,300000,9250000,2750000
29014204,8521294000,8521294000,8516084000,8516714000,46,5210000,5210000,630000
29014205,8516974000,8517434000,8513500000,8514264000,60,3474000,3934000,764000
29014206,8514125000,8514474000,8508844000,8509814000,61,5281000,5630000,970000
29014207,8509814000,8510844000,8502494000,8509424000,93,7320000,8350000,6930000
29014208,8509379000,8510534000,8506118000,8510534000,65,3261000,4416000,4416000
29014209,8511504000,8514404000,8511504000,8512384000,28,0,2900000,880000
29014210,8511854000,8517474000,8511854000,8516694000,22,0,5620000,4840000
29014211,8516124000,8516124000,8512214000,8512724000,38,3910000,3910000,510000
29014212,8511084000,8511724000,8509204000,8511724000,25,1880000,2520000,2520000
29014213,8510904000,8515864000,8510514000,8511974000,39,390000,5350000,1460000
29014214,8512644000,8512644000,8507584000,8507584000,12,5060000,5060000,0
29014215,8507084000,8507984000,8503084000,8503896000,54,4000000,4900000,812000
29014216,8503694000,8511894000,8503674000,8509004000,65,20000,8220000,5330000
29014217,8509754000,8511684000,8507394000,8510084000,45,2360000,4290000,2690000
29014218,8510284000,8513974000,8509584000,8509584000,62,700000,4390000,0
29014219,8508084000,8509114000,8503384000,8504784000,70,4700000,5730000,1400000
29014220,8503984000,8505224000,8501384000,8504974000,41,2600000,3840000,3590000
29014221,8504554000,8506824000,8502984000,8505924000,35,1570000,3840000,2940000
29014222,8506974000,8511844000,8506974000,8510494000,50,0,4870000,3520000
29014223,8510494000,8510494000,8505083000,8506014000,35,5411000,5411000,931000
29014224,8505084000,8505084000,8501319000,8502934000,33,3765000,3765000,1615000
29014225,8503934000,8506474000,8502744000,8506474000,38,1190000,3730000,3730000
29014226,8507204000,8509614000,8504414000,8506294000,41,2790000,5200000,1880000
29014227,8507664000,8512574000,8507664000,8508024000,58,0,4910000,360000
29014228,8507994000,8509824000,8506884000,8509824000,26,1110000,2940000,2940000
29014229,8509074000,8509074000,8506154000,8507784000,21,2920000,2920000,1630000
29014230,8508314000,8512654000,8506884000,8510894000,45,1430000,5770000,4010000
29014231,8511974000,8516614000,8511974000,8514504000,62,0,4640000,2530000
29014232,8514914000,8517774000,8514914000,8515564000,36,0,2860000,650000
29014233,8516454000,8518974000,8515984000,8518974000,47,470000,2990000,2990000
29014234,8520234000,8522644000,8517504000,8517534000,35,2730000,5140000,30000
29014235,8516764000,8518974000,8515894000,8518974000,29,870000,3080000,3080000
29014236,8518099000,8518374000,8513504000,8514764000,62,4595000,4870000,1260000
29014237,8517514000,8517514000,8511024000,8511274000,43,6490000,6490000,250000
29014238,8510904000,8512494000,8510904000,8512014000,27,0,1590000,1110000
29014239,8511064000,8514694000,8510874000,8514694000,18,190000,3820000,3820000
29014240,8515634000,8516584000,8515104000,8515284000,12,530000,1480000,180000
29014241,8515974000,8520084000,8515424000,8515954000,40,550000,4660000,530000
29014242,8517474000,8519564000,8516346000,8518234000,25,1128000,3218000,1888000
29014243,8517384000,8519784000,8517384000,8519784000,15,0,2400000,2400000
29014244,8518994000,8523524000,8518524000,8519214000,41,470000,5000000,690000
29014245,8520024000,8525694000,8520024000,8525684000,45,0,5670000,5660000
29014246,8525694000,8526854000,8517334000,8517984000,50,8360000,9520000,650000
29014247,8518384000,8519774000,8514714000,8515304000,41,3670000,5060000,590000
29014248,8513984000,8523494000,8513984000,8517234000,59,0,9510000,3250000
29014249,8516504000,8517154000,8513984000,8514664000,34,2520000,3170000,680000
29014250,8513984000,8513984000,8509924000,8512974000,46,4060000,4060000,3050000
29014251,8514334000,8522504000,8514334000,8519964000,50,0,8170000,5630000
29014252,8520774000,8524154000,8520774000,8522904000,73,0,3380000,2130000
29014253,8522884000,8527284000,8521544000,8526474000,38,1340000,5740000,4930000
29014254,8526141000,8526474000,8524194000,8526294000,38,1947000,2280000,2100000
29014255,8524844000,8526474000,8520377000,8522484000,52,4467000,6097000,2107000
29014256,8522774000,8526474000,8522074000,8526474000,45,700000,4400000,4400000
29014257,8527574000,8527574000,8525394000,8526984000,38,2180000,2180000,1590000
29014258,8526291000,8526704000,8524934000,8526494000,48,1357000,1770000,1560000
29014259,8526834000,8528424000,8526834000,8527594000,12,0,1590000,760000
29014260,8528064000,8529704000,8525059000,8526064000,51,3005000,4645000,1005000
29014261,8526484000,8527084000,8522054000,8527084000,60,4430000,5030000,5030000
29014262,8527164000,8531254000,8521614000,8521854000,39,5550000,9640000,240000
29014263,8521364000,8523444000,8520724000,8523024000,49,640000,2720000,2300000
29014264,8523034000,8527694000,8523034000,8527164000,31,0,4660000,4130000
29014265,8527734000,8531634000,8527734000,8531054000,31,0,3900000,3320000
29014266,8530956000,8531564000,8527244000,8530564000,46,3712000,4320000,3320000
29014267,8529222000,8529222000,8525944000,8525944000,20,3278000,3278000,0
29014268,8525650000,8525650000,8522224000,8522974000,30,3426000,3426000,750000
29014269,8523464000,8525934000,8521114000,8525934000,34,2350000,4820000,4820000
29014270,8523973000,8525934000,8520554000,8520554000,28,3419000,5380000,0
29014271,8520192000,8525944000,8518214000,8524054000,61,1978000,7730000,5840000
29014272,8525104000,8527154000,8523984000,8523984000,52,1120000,3170000,0
29014273,8522464000,8522464000,8517024000,8518174000,35,5440000,5440000,1150000
29014274,8518654000,8523984000,8518654000,8523964000,34,0,5330000,5310000
29014275,8525054000,8531304000,8523304000,8530584000,57,1750000,8000000,7280000
29014276,8531204000,8531204000,8527874000,8531024000,56,3330000,3330000,3150000
29014277,8530004000,8531834000,8529054000,8529744000,46,950000,2780000,690000
29014278,8529474000,8529474000,8527984000,8528764000,15,1490000,1490000,780000
29014279,8528016000,8528514000,8525314000,8528514000,31,2702000,3200000,3200000
29014280,8527500000,8528424000,8523584000,8523584000,35,3916000,4840000,0
29014281,8522768000,8522768000,8520791000,8520984000,16,1977000,1977000,193000
29014282,8519834000,8521564000,8518614000,8520544000,42,1220000,2950000,1930000
29014283,8520734000,8524004000,8520734000,8522384000,26,0,3270000,1650000
29014284,8522904000,8524214000,8522074000,8523294000,20,830000,2140000,1220000
29014285,8522334000,8522334000,8517004000,8520754000,37,5330000,5330000,3750000
29014286,8519444000,8522974000,8519444000,8522974000,23,0,3530000,3530000
29014287,8523074000,8529974000,8523074000,8529314000,63,0,6900000,6240000
29014288,8529844000,8531474000,8528264000,8531474000,38,1580000,3210000,3210000
29014289,8529824000,8529824000,8528214000,8528214000,13,1610000,1610000,0
29014290,8527580000,8540824000,8525784000,8539984000,71,1796000,15040000,14200000
29014291,8538490000,8538490000,8531874000,8535484000,71,6616000,6616000,3610000
29014292,8534404000,8554124000,8534374000,8545544000,100,30000,19750000,11170000
29014293,8546584000,8546584000,8535184000,8535184000,47,11400000,11400000,0
29014294,8534150000,8539504000,8530104000,8536274000,88,4046000,9400000,6170000
29014295,8535714000,8535807000,8530984000,8533004000,83,4730000,4823000,2020000
29014296,8532954000,8533054000,8526984000,8529114000,80,5970000,6070000,2130000
29014297,8529944000,8530384000,8522234000,8524224000,73,7710000,8150000,1990000
29014298,8524774000,8524774000,8519884000,8520174000,20,4890000,4890000,290000
29014299,8519914000,8520004000,8515084000,8520004000,46,4830000,4920000,4920000
29014300,8520164000,8520164000,8518334000,8520164000,34,1830000,1830000,1830000
29014301,8522844000,8522844000,8518384000,8521614000,35,4460000,4460000,3230000
29014302,8523974000,8528374000,8523974000,8528374000,32,0,4400000,4400000
29014303,8528374000,8532194000,8528374000,8532194000,45,0,3820000,3820000
29014304,8532744000,8533804000,8530234000,8530234000,27,2510000,3570000,0
29014305,8530884000,8534314000,8530884000,8533974000,43,0,3430000,3090000
29014306,8533144000,8535574000,8532564000,8533134000,47,580000,3010000,570000
29014307,8532920000,8542694000,8531734000,8537204000,78,1186000,10960000,5470000
29014308,8535864000,8540474000,8535864000,8540474000,50,0,4610000,4610000
29014309,8539534000,8540294000,8534424000,8536894000,50,5110000,5870000,2470000
29014310,8536464000,8536464000,8528524000,8529134000,65,7940000,7940000,610000
29014311,8528384000,8532804000,8528034000,8530264000,46,350000,4770000,2230000
29014312,8530994000,8535974000,8530994000,8535974000,50,0,4980000,4980000
29014313,8535255000,8540974000,8534544000,8540364000,57,711000,6430000,5820000
29014314,8539614000,8545884000,8539614000,8542324000,40,0,6270000,2710000
29014315,8540984000,8540984000,8538264000,8538994000,18,2720000,2720000,730000
29014316,8539464000,8540704000,8536824000,8537334000,32,2640000,3880000,510000
29014317,8537334000,8542324000,8536984000,8540954000,55,350000,5340000,3970000
29014318,8541584000,8543844000,8541584000,8543844000,23,0,2260000,2260000
29014319,8543214000,8543214000,8541834000,8542094000,14,1380000,1380000,260000
29014320,8542744000,8543844000,8536684000,8537064000,59,6060000,7160000,380000
29014321,8537794000,8538344000,8533516000,8534844000,49,4278000,4828000,1328000
29014322,8535894000,8537394000,8534254000,8537394000,46,1640000,3140000,3140000
29014323,8537394000,8538654000,8533494000,8533494000,38,3900000,5160000,0
29014324,8533174000,8535974000,8533164000,8535304000,38,10000,2810000,2140000
29014325,8535974000,8538974000,8535974000,8537114000,29,0,3000000,1140000
29014326,8536714000,8536714000,8534184000,8535974000,23,2530000,2530000,1790000
29014327,8535364000,8535824000,8533774000,8535814000,24,1590000,2050000,2040000
29014328,8534654000,8535814000,8532222000,8532974000,29,2432000,3592000,752000
29014329,8531464000,8534804000,8531464000,8534804000,28,0,3340000,3340000
29014330,8536224000,8540594000,8534474000,8540594000,67,1750000,6120000,6120000
29014331,8539994000,8542174000,8536774000,8542174000,52,3220000,5400000,5400000
29014332,8542404000,8545354000,8538874000,8538874000,36,3530000,6480000,0
29014333,8539114000,8540274000,8533194000,8534454000,38,5920000,7080000,1260000
29014334,8535064000,8536644000,8533317000,8536644000,29,1747000,3327000,3327000
29014335,8535904000,8539204000,8527994000,8539204000,67,7910000,11210000,11210000
29014336,8538484000,8543764000,8536154000,8543764000,61,2330000,7610000,7610000
29014337,8544294000,8550064000,8541774000,8547684000,68,2520000,8290000,5910000
29014338,8547344000,8548594000,8545789000,8547864000,45,1555000,2805000,2075000
29014339,8547734000,8548174000,8542984000,8547864000,51,4750000,5190000,4880000
29014340,8547974000,8548294000,8545734000,8546534000,47,2240000,2560000,800000
29014341,8546014000,8550634000,8546014000,8550634000,29,0,4620000,4620000
29014342,8549264000,8554074000,8548664000,8552454000,56,600000,5410000,3790000
29014343,8551974000,8551974000,8544784000,8544784000,40,7190000,7190000,0
29014344,8545574000,8545574000,8542224000,8542224000,38,3350000,3350000,0
29014345,8542874000,8544314000,8540994000,8541904000,44,1880000,3320000,910000
29014346,8541854000,8544404000,8541704000,8543704000,21,150000,2700000,2000000
29014347,8544454000,8544454000,8541834000,8542974000,19,2620000,2620000,1140000
29014348,8543354000,8544934000,8536986000,8539524000,48,6368000,7948000,2538000
29014349,8540324000,8544424000,8540324000,8544424000,30,0,4100000,4100000
29014350,8544035000,8546124000,8541192000,8541414000,26,2843000,4932000,222000
29014351,8541754000,8543814000,8541334000,8543564000,58,420000,2480000,2230000
29014352,8542734000,8542734000,8540224000,8541984000,29,2510000,2510000,1760000
29014353,8541004000,8546124000,8541004000,8544784000,41,0,5120000,3780000
29014354,8545184000,8548444000,8545184000,8547894000,35,0,3260000,2710000
29014355,8547484000,8549774000,8545610000,8548824000,46,1874000,4164000,3214000
29014356,8548488000,8550724000,8548254000,8548444000,28,234000,2470000,190000
29014357,8549074000,8549074000,8546754000,8547484000,22,2320000,2320000,730000
29014358,8546984000,8546984000,8543764000,8544364000,40,3220000,3220000,600000
29014359,8544363000,8547484000,8543484000,8547484000,38,879000,4000000,4000000
29014360,8547014000,8547724000,8544964000,8547724000,24,2050000,2760000,2760000
29014361,8546104000,8547114000,8545344000,8547114000,22,760000,1770000,1770000
29014362,8547724000,8547724000,8544534000,8544534000,13,3190000,3190000,0
29014363,8545374000,8546974000,8544484000,8545404000,26,890000,2490000,920000
29014364,8544544000,8545724000,8544544000,8545724000,10,0,1180000,1180000
29014365,8545369000,8548574000,8545364000,8546824000,26,5000,3210000,1460000
29014366,8546194000,8547444000,8544984000,8546724000,32,1210000,2460000,1740000
29014367,8546154000,8548974000,8545714000,8548454000,29,440000,3260000,2740000
29014368,8547984000,8551474000,8547984000,8549004000,42,0,3490000,1020000
29014369,8548984000,8548984000,8543514000,8544714000,34,5470000,5470000,1200000
29014370,8544144000,8544714000,8540547000,8540644000,24,3597000,4167000,97000
29014371,8540744000,8543784000,8540484000,8543784000,47,260000,3300000,3300000
29014372,8542984000,8546754000,8542984000,8546754000,26,0,3770000,3770000
29014373,8546974000,8551424000,8546974000,8550584000,43,0,4450000,3610000
29014374,8550514000,8552294000,8548334000,8548934000,26,2180000,3960000,600000
29014375,8549564000,8549664000,8548717000,8548984000,11,847000,947000,267000
29014376,8549664000,8551734000,8549664000,8550984000,14,0,2070000,1320000
29014377,8551474000,8551484000,8543355000,8543724000,22,8119000,8129000,369000
29014378,8544724000,8544974000,8542394000,8542394000,15,2330000,2580000,0
29014379,8542974000,8547964000,8542974000,8547964000,35,0,4990000,4990000
29014380,8547964000,8552474000,8547964000,8552474000,44,0,4510000,4510000
29014381,8550994000,8550994000,8546004000,8546084000,33,4990000,4990000,80000
29014382,8544396000,8544396000,8540064000,8541574000,38,4332000,4332000,1510000
29014383,8542974000,8543784000,8540074000,8541794000,26,2900000,3710000,1720000
29014384,8542184000,8546034000,8540764000,8543284000,41,1420000,5270000,2520000
29014385,8542234000,8543774000,8541984000,8543774000,34,250000,1790000,1790000
29014386,8545914000,8548604000,8543494000,8548604000,43,2420000,5110000,5110000
29014387,8547714000,8550684000,8541104000,8541104000,40,6610000,9580000,0
29014388,8540084000,8540104000,8536984000,8536984000,16,3100000,3120000,0
29014389,8538574000,8540634000,8538124000,8540634000,19,450000,2510000,2510000
29014390,8540098000,8540854000,8534784000,8535684000,43,5314000,6070000,900000
29014391,8534844000,8536624000,8534214000,8534214000,22,630000,2410000,0
29014392,8534444000,8536804000,8530484000,8533234000,66,3960000,6320000,2750000
29014393,8532114000,8532874000,8529194000,8531544000,44,2920000,3680000,2350000
29014394,8531874000,8531874000,8528344000,8529984000,27,3530000,3530000,1640000
29014395,8530524000,8531644000,8529824000,8529824000,24,700000,1820000,0
29014396,8530314000,8531824000,8528598000,8528674000,29,1716000,3226000,76000
29014397,8527063000,8531474000,8522944000,8530594000,66,4119000,8530000,7650000
29014398,8532734000,8538974000,8532734000,8535384000,65,0,6240000,2650000
29014399,8535984000,8541324000,8535984000,8540094000,59,0,5340000,4110000
29014400,8540524000,8542214000,8540094000,8540984000,37,430000,2120000,890000
29014401,8539404000,8539404000,8533104000,8535514000,57,6300000,6300000,2410000
29014402,8536334000,8537654000,8533974000,8536914000,47,2360000,3680000,2940000
29014403,8536264000,8541694000,8536264000,8540024000,41,0,5430000,3760000
29014404,8540824000,8542214000,8540074000,8541994000,16,750000,2140000,1920000
29014405,8541144000,8546894000,8541144000,8543114000,46,0,5750000,1970000
29014406,8543114000,8545444000,8540704000,8544974000,60,2410000,4740000,4270000
29014407,8545084000,8549954000,8545084000,8549724000,61,0,4870000,4640000
29014408,8548984000,8550834000,8546484000,8547504000,34,2500000,4350000,1020000
29014409,8547504000,8550974000,8547504000,8550974000,31,0,3470000,3470000
29014410,8552674000,8553374000,8548664000,8553324000,45,4010000,4710000,4660000
29014411,8555544000,8560974000,8551084000,8552834000,86,4460000,9890000,1750000
29014412,8553244000,8555914000,8551864000,8553674000,52,1380000,4050000,1810000
29014413,8555584000,8556654000,8552092000,8552092000,43,3492000,4562000,0
29014414,8552994000,8558414000,8552994000,8557624000,44,0,5420000,4630000
29014415,8558934000,8565374000,8558934000,8562984000,42,0,6440000,4050000
29014416,8561847000,8570284000,8561614000,8563774000,75,233000,8670000,2160000
29014417,8563407000,8564314000,8560314000,8560764000,43,3093000,4000000,450000
29014418,8560302000,8560302000,8556984000,8556984000,55,3318000,3318000,0
29014419,8557484000,8557484000,8553474000,8553474000,21,4010000,4010000,0
29014420,8552984000,8557974000,8552814000,8556374000,55,170000,5160000,3560000
29014421,8555804000,8562574000,8555804000,8560974000,45,0,6770000,5170000
29014422,8560674000,8560674000,8556146000,8556224000,42,4528000,4528000,78000
29014423,8555519000,8557464000,8555508000,8555954000,13,11000,1956000,446000
29014424,8553762000,8555574000,8553654000,8555574000,21,108000,1920000,1920000
29014425,8556884000,8558504000,8556884000,8557744000,15,0,1620000,860000
29014426,8558064000,8564874000,8558064000,8562814000,37,0,6810000,4750000
29014427,8564274000,8567294000,8562984000,8566304000,41,1290000,4310000,3320000
29014428,8565934000,8572654000,8563966000,8572654000,37,1968000,8688000,8688000
29014429,8571344000,8572614000,8568546000,8569274000,61,2798000,4068000,728000
29014430,8569784000,8571244000,8565524000,8565524000,27,4260000,5720000,0
29014431,8566844000,8569934000,8566214000,8569804000,24,630000,3720000,3590000
29014432,8570664000,8580414000,8570664000,8579274000,70,0,9750000,8610000
29014433,8578974000,8580474000,8575334000,8580154000,48,3640000,5140000,4820000
29014434,8577543000,8578704000,8576984000,8578644000,42,559000,1720000,1660000
29014435,8578734000,8578974000,8577484000,8578974000,20,1250000,1490000,1490000
29014436,8577044000,8581974000,8576734000,8581914000,46,310000,5240000,5180000
29014437,8581364000,8609854000,8580164000,8607324000,127,1200000,29690000,27160000
29014438,8606984000,8607564000,8598418000,8598494000,71,8566000,9146000,76000
29014439,8598244000,8604944000,8594054000,8603964000,77,4190000,10890000,9910000
29014440,8601945000,8602234000,8590604000,8591584000,84,11341000,11630000,980000
29014441,8590554000,8590554000,8583204000,8585034000,78,7350000,7350000,1830000
29014442,8587044000,8598774000,8584834000,8597684000,79,2210000,13940000,12850000
29014443,8597654000,8603394000,8596485000,8603394000,79,1169000,6909000,6909000
29014444,8604614000,8608984000,8604614000,8608774000,56,0,4370000,4160000
29014445,8611464000,8611484000,8600514000,8601454000,86,10950000,10970000,940000
29014446,8601044000,8603224000,8599094000,8603224000,34,1950000,4130000,4130000
29014447,8608644000,8611144000,8608644000,8611144000,13,0,2500000,2500000
29014448,8611444000,8613684000,8610834000,8613684000,24,610000,2850000,2850000
29014449,8612984000,8615884000,8612044000,8614514000,47,940000,3840000,2470000
29014450,8613984000,8613984000,8605964000,8605964000,39,8020000,8020000,0
29014451,8606564000,8608234000,8603384000,8607414000,35,3180000,4850000,4030000
29014452,8605214000,8605214000,8601583000,8602164000,48,3631000,3631000,581000
29014453,8601644000,8601644000,8597114000,8598894000,54,4530000,4530000,1780000
29014454,8598484000,8598484000,8591734000,8594414000,65,6750000,6750000,2680000
29014455,8594844000,8595104000,8586984000,8588214000,66,7860000,8120000,1230000
29014456,8587194000,8588934000,8582224000,8582224000,53,4970000,6710000,0
29014457,8581991000,8583404000,8575184000,8578004000,68,6807000,8220000,2820000
29014458,8578904000,8582854000,8578904000,8580984000,30,0,3950000,2080000
29014459,8579824000,8580474000,8574144000,8576374000,37,5680000,6330000,2230000
29014460,8575094000,8575094000,8571794000,8571794000,29,3300000,3300000,0
29014461,8572214000,8576784000,8572214000,8576784000,29,0,4570000,4570000
29014462,8577744000,8586374000,8577744000,8586374000,28,0,8630000,8630000
29014463,8582254000,8582254000,8579544000,8579544000,18,2710000,2710000,0
29014464,8578946000,8578946000,8568394000,8572824000,49,10552000,10552000,4430000
29014465,8574464000,8578974000,8568481000,8573634000,49,5983000,10493000,5153000
29014466,8573974000,8577774000,8572184000,8577774000,28,1790000,5590000,5590000
29014467,8578714000,8587774000,8578714000,8587774000,25,0,9060000,9060000
29014468,8588174000,8595934000,8583014000,8595484000,55,5160000,12920000,12470000
29014469,8588924000,8588924000,8584374000,8587184000,22,4550000,4550000,2810000
29014470,8589554000,8590214000,8585969000,8585969000,21,3585000,4245000,0
29014471,8585970000,8585970000,8571964000,8573314000,90,14006000,14006000,1350000
29014472,8573974000,8579974000,8573974000,8574980000,30,0,6000000,1006000
29014473,8574984000,8580414000,8572824000,8572824000,54,2160000,7590000,0
29014474,8572731000,8572764000,8563294000,8567554000,67,9437000,9470000,4260000
29014475,8568524000,8570934000,8567944000,8570504000,47,580000,2990000,2560000
29014476,8570504000,8572734000,8570504000,8572734000,19,0,2230000,2230000
29014477,8572754000,8574944000,8560514000,8565654000,78,12240000,14430000,5140000
29014478,8564593000,8574954000,8562574000,8574954000,55,2019000,12380000,12380000
29014479,8576304000,8579784000,8576304000,8576304000,32,0,3480000,0
29014480,8574634000,8580134000,8573854000,8580124000,28,780000,6280000,6270000
29014481,8580134000,8582974000,8579774000,8582974000,32,360000,3200000,3200000
29014482,8584404000,8589574000,8584404000,8588974000,58,0,5170000,4570000
29014483,8589594000,8600374000,8588814000,8600304000,53,780000,11560000,11490000
29014484,8600364000,8601104000,8597194000,8597584000,45,3170000,3910000,390000
29014485,8598374000,8599974000,8596304000,8597574000,45,2070000,3670000,1270000
29014486,8597306000,8597306000,8591174000,8593984000,60,6132000,6132000,2810000
29014487,8593994000,8595024000,8593994000,8595024000,16,0,1030000,1030000
29014488,8594974000,8601134000,8594974000,8601134000,17,0,6160000,6160000
29014489,8601174000,8605954000,8601174000,8605924000,41,0,4780000,4750000
29014490,8605419000,8605484000,8596694000,8598054000,67,8725000,8790000,1360000
29014491,8597937000,8598974000,8597937000,8598704000,12,0,1037000,767000
29014492,8598974000,8598974000,8598444000,8598444000,6,530000,530000,0
29014493,8598974000,8609184000,8598974000,8609184000,61,0,10210000,10210000
29014494,8608724000,8611274000,8606084000,8610354000,58,2640000,5190000,4270000
29014495,8609384000,8610674000,8607274000,8610674000,23,2110000,3400000,3400000
29014496,8610774000,8620944000,8610774000,8613604000,74,0,10170000,2830000
29014497,8612974000,8613224000,8599734000,8603414000,93,13240000,13490000,3680000
29014498,8604374000,8608924000,8602864000,8603934000,64,1510000,6060000,1070000
29014499,8604114000,8605944000,8604114000,8605384000,21,0,1830000,1270000
29014500,8605424000,8614674000,8605424000,8608984000,44,0,9250000,3560000
29014501,8609204000,8611044000,8603724000,8607875000,83,5480000,7320000,4151000
29014502,8607838000,8607944000,8602124000,8606574000,86,5714000,5820000,4450000
29014503,8607484000,8608914000,8601184000,8601184000,75,6300000,7730000,0
29014504,8601994000,8603724000,8598984000,8602414000,79,3010000,4740000,3430000
29014505,8602406000,8602594000,8590694000,8590694000,109,11712000,11900000,0
29014506,8589914000,8594974000,8588864000,8591144000,60,1050000,6110000,2280000
29014507,8590564000,8591754000,8580844000,8586004000,71,9720000,10910000,5160000
29014508,8585774000,8588854000,8581614000,8582414000,58,4160000,7240000,800000
29014509,8583224000,8584134000,8575084000,8580904000,82,8140000,9050000,5820000
29014510,8581474000,8584974000,8581474000,8582804000,54,0,3500000,1330000
29014511,8583554000,8589474000,8583554000,8589454000,64,0,5920000,5900000
29014512,8590484000,8591994000,8588034000,8588534000,40,2450000,3960000,500000
29014513,8587814000,8587814000,8583934000,8585604000,46,3880000,3880000,1670000
29014514,8584914000,8585874000,8582354000,8585754000,42,2560000,3520000,3400000
29014515,8585364000,8585364000,8572484000,8573514000,90,12880000,12880000,1030000
29014516,8572464000,8575984000,8571084000,8575084000,62,1380000,4900000,4000000
29014517,8575984000,8577124000,8566594000,8568874000,78,9390000,10530000,2280000
29014518,8569604000,8575014000,8568234000,8573964000,62,1370000,6780000,5730000
29014519,8573799000,8579834000,8573114000,8575484000,49,685000,6720000,2370000
29014520,8574784000,8575334000,8571324000,8571324000,66,3460000,4010000,0
29014521,8571784000,8573974000,8567554000,8567774000,64,4230000,6420000,220000
29014522,8567774000,8571364000,8567631000,8567631000,50,143000,3733000,0
29014523,8567401000,8569534000,8562964000,8563434000,64,4437000,6570000,470000
29014524,8562558000,8565434000,8562084000,8565434000,39,474000,3350000,3350000
29014525,8565574000,8569764000,8565574000,8568974000,39,0,4190000,3400000
29014526,8567843000,8570174000,8566850000,8569764000,36,993000,3324000,2914000
29014527,8569984000,8570254000,8566864000,8569654000,39,3120000,3390000,2790000
29014528,8566674000,8568784000,8564976000,8565294000,50,1698000,3808000,318000
29014529,8565294000,8565294000,8562204000,8562834000,19,3090000,3090000,630000
29014530,8563404000,8571834000,8563404000,8571174000,62,0,8430000,7770000
29014531,8571174000,8572334000,8565734000,8570534000,71,5440000,6600000,4800000
29014532,8570434000,8577774000,8570434000,8575974000,56,0,7340000,5540000
29014533,8576474000,8580474000,8575454000,8578814000,43,1020000,5020000,3360000
29014534,8578974000,8582814000,8578974000,8582814000,31,0,3840000,3840000
29014535,8581724000,8583394000,8578984000,8578984000,48,2740000,4410000,0
29014536,8578032000,8578984000,8576484000,8578524000,32,1548000,2500000,2040000
29014537,8578235000,8580704000,8577284000,8577284000,34,951000,3420000,0
29014538,8576984000,8578464000,8575794000,8578464000,30,1190000,2670000,2670000
29014539,8578914000,8579924000,8578434000,8578654000,20,480000,1490000,220000
29014540,8578434000,8579524000,8576422000,8576422000,35,2012000,3102000,0
29014541,8576230000,8576230000,8567544000,8568474000,56,8686000,8686000,930000
29014542,8568464000,8570094000,8568464000,8568734000,19,0,1630000,270000
29014543,8568974000,8569724000,8568974000,8569424000,18,0,750000,450000
29014544,8569974000,8576644000,8569974000,8575744000,39,0,6670000,5770000
29014545,8576424000,8577094000,8574184000,8574934000,36,2240000,2910000,750000
29014546,8575354000,8580574000,8575354000,8579984000,42,0,5220000,4630000
29014547,8580574000,8583974000,8579984000,8582774000,39,590000,3990000,2790000
29014548,8582034000,8582974000,8582034000,8582974000,8,0,940000,940000
29014549,8582724000,8586574000,8582234000,8585334000,20,490000,4340000,3100000
29014550,8584484000,8585204000,8584484000,8584484000,8,0,720000,0
29014551,8584824000,8590574000,8584824000,8587484000,38,0,5750000,2660000
29014552,8588394000,8589904000,8585944000,8589114000,31,2450000,3960000,3170000
29014553,8588344000,8595394000,8588344000,8594004000,49,0,7050000,5660000
29014554,8594004000,8597294000,8594004000,8594084000,33,0,3290000,80000
29014555,8593744000,8597724000,8592184000,8597724000,52,1560000,5540000,5540000
29014556,8598774000,8602714000,8598774000,8599974000,20,0,3940000,1200000
29014557,8599952000,8604404000,8598984000,8604404000,40,968000,5420000,5420000
29014558,8604414000,8604954000,8601954000,8601954000,32,2460000,3000000,0
29014559,8601642000,8601642000,8599734000,8599754000,14,1908000,1908000,20000
29014560,8599754000,8599754000,8594387000,8594387000,54,5367000,5367000,0
29014561,8594370000,8594974000,8590964000,8591154000,46,3406000,4010000,190000
29014562,8591974000,8598584000,8590294000,8598404000,53,1680000,8290000,8110000
29014563,8598384000,8598984000,8595604000,8596344000,32,2780000,3380000,740000
29014564,8596292000,8599734000,8594884000,8599734000,47,1408000,4850000,4850000
29014565,8599844000,8610074000,8599844000,8602394000,92,0,10230000,2550000
29014566,8602396000,8608734000,8601254000,8606724000,63,1142000,7480000,5470000
29014567,8607584000,8611774000,8607584000,8608984000,52,0,4190000,1400000
29014568,8609714000,8618974000,8608974000,8618974000,62,740000,10000000,10000000
29014569,8619954000,8622974000,8608004000,8608004000,99,11950000,14970000,0
29014570,8606424000,8606424000,8600384000,8600684000,79,6040000,6040000,300000
29014571,8601374000,8601374000,8598994000,8599684000,45,2380000,2380000,690000
29014572,8599654000,8599654000,8594064000,8596414000,45,5590000,5590000,2350000
29014573,8596774000,8600054000,8593984000,8594674000,29,2790000,6070000,690000
29014574,8593984000,8597374000,8593974000,8596234000,19,10000,3400000,2260000
29014575,8596184000,8600624000,8591864000,8600624000,61,4320000,8760000,8760000
29014576,8602054000,8602894000,8593994000,8593994000,95,8060000,8900000,0
29014577,8593279000,8597624000,8585684000,8595634000,91,7595000,11940000,9950000
29014578,8597784000,8599064000,8596994000,8598804000,50,790000,2070000,1810000
29014579,8598974000,8599034000,8593424000,8593424000,24,5550000,5610000,0
29014580,8593424000,8594584000,8585664000,8585664000,53,7760000,8920000,0
29014581,8584823000,8584844000,8576714000,8577664000,50,8109000,8130000,950000
29014582,8579054000,8582894000,8578984000,8580454000,60,70000,3910000,1470000
29014583,8579174000,8586544000,8579174000,8580734000,60,0,7370000,1560000
29014584,8581894000,8585334000,8577988000,8580574000,74,3906000,7346000,2586000
29014585,8580522000,8581934000,8578164000,8580674000,56,2358000,3770000,2510000
29014586,8580394000,8580444000,8576211000,8577984000,70,4183000,4233000,1773000
29014587,8576170000,8578974000,8574284000,8578244000,75,1886000,4690000,3960000
29014588,8578935000,8586514000,8577624000,8584674000,83,1311000,8890000,7050000
29014589,8585314000,8591474000,8585314000,8589914000,46,0,6160000,4600000
29014590,8589624000,8591374000,8586574000,8590344000,61,3050000,4800000,3770000
29014591,8591474000,8600494000,8591474000,8599714000,55,0,9020000,8240000
29014592,8600264000,8607794000,8598984000,8607624000,79,1280000,8810000,8640000
29014593,8608174000,8612474000,8602224000,8603194000,102,5950000,10250000,970000
29014594,8603734000,8606494000,8597554000,8597554000,74,6180000,8940000,0
29014595,8598944000,8605654000,8598944000,8605624000,75,0,6710000,6680000
29014596,8605497000,8608974000,8602834000,8604764000,59,2663000,6140000,1930000
29014597,8604984000,8614504000,8604984000,8613974000,66,0,9520000,8990000
29014598,8614494000,8616874000,8610384000,8616174000,76,4110000,6490000,5790000
29014599,8616274000,8619644000,8613504000,8613604000,53,2770000,6140000,100000
29014600,8613404000,8616504000,8611224000,8615944000,42,2180000,5280000,4720000
29014601,8614794000,8622764000,8614464000,8622074000,57,330000,8300000,7610000
29014602,8620984000,8620984000,8612214000,8615764000,95,8770000,8770000,3550000
29014603,8614654000,8615334000,8613984000,8614074000,32,670000,1350000,90000
29014604,8614074000,8616474000,8614074000,8614974000,35,0,2400000,900000
29014605,8615724000,8619564000,8612914000,8612914000,60,2810000,6650000,0
29014606,8611854000,8613284000,8608984000,8611904000,65,2870000,4300000,2920000
29014607,8610614000,8612854000,8609484000,8609484000,64,1130000,3370000,0
29014608,8609084000,8609084000,8603984000,8607164000,57,5100000,5100000,3180000
29014609,8607111000,8617074000,8605024000,8616644000,58,2087000,12050000,11620000
29014610,8617074000,8626314000,8617074000,8619104000,80,0,9240000,2030000
29014611,8618274000,8618274000,8610844000,8610844000,50,7430000,7430000,0
29014612,8610512000,8610533000,8603284000,8608064000,72,7228000,7249000,4780000
29014613,8608484000,8608684000,8603964000,8604234000,46,4520000,4720000,270000
29014614,8603764000,8603764000,8601384000,8601984000,39,2380000,2380000,600000
29014615,8601744000,8601744000,8596377000,8597224000,57,5367000,5367000,847000
29014616,8596125000,8596224000,8591728000,8595194000,62,4397000,4496000,3466000
29014617,8594513000,8597744000,8592974000,8597744000,31,1539000,4770000,4770000
29014618,8597274000,8598974000,8595494000,8595494000,19,1780000,3480000,0
29014619,8596004000,8597134000,8595009000,8596484000,36,995000,2125000,1475000
29014620,8597574000,8602684000,8595684000,8602684000,53,1890000,7000000,7000000
29014621,8603444000,8605904000,8600754000,8602954000,70,2690000,5150000,2200000
29014622,8603294000,8608964000,8603294000,8608454000,47,0,5670000,5160000
29014623,8608974000,8613974000,8607930000,8610294000,61,1044000,6044000,2364000
29014624,8611134000,8612794000,8608424000,8608904000,66,2710000,4370000,480000
29014625,8608454000,8612764000,8607634000,8608984000,57,820000,5130000,1350000
29014626,8608623000,8610184000,8606634000,8608054000,52,1989000,3550000,1420000
29014627,8608974000,8613974000,8606804000,8611574000,73,2170000,7170000,4770000
29014628,8612304000,8614984000,8611584000,8612764000,48,720000,3400000,1180000
29014629,8612717000,8620004000,8612447000,8620004000,56,270000,7557000,7557000
29014630,8620004000,8622774000,8617334000,8618984000,67,2670000,5440000,1650000
29014631,8619194000,8620854000,8617264000,8619834000,52,1930000,3590000,2570000
29014632,8620324000,8625684000,8620324000,8622154000,51,0,5360000,1830000
29014633,8623264000,8623974000,8617144000,8621644000,49,6120000,6830000,4500000
29014634,8622174000,8627434000,8621704000,8626484000,66,470000,5730000,4780000
29014635,8626184000,8626954000,8622814000,8623774000,61,3370000,4140000,960000
29014636,8624364000,8628154000,8620096000,8628154000,54,4268000,8058000,8058000
29014637,8628974000,8628974000,8621774000,8623974000,36,7200000,7200000,2200000
29014638,8623507000,8628974000,8623004000,8628974000,36,503000,5970000,5970000
29014639,8628274000,8628974000,8625904000,8626324000,47,2370000,3070000,420000
29014640,8625454000,8626204000,8615061000,8615084000,77,10393000,11143000,23000
29014641,8614868000,8614868000,8609784000,8613974000,75,5084000,5084000,4190000
29014642,8615074000,8620034000,8615074000,8617864000,70,0,4960000,2790000
29014643,8617604000,8623784000,8617604000,8618984000,54,0,6180000,1380000
29014644,8618454000,8620974000,8613104000,8614474000,66,5350000,7870000,1370000
29014645,8615114000,8617974000,8613154000,8617037000,50,1960000,4820000,3883000
29014646,8617144000,8617144000,8613414000,8615524000,50,3730000,3730000,2110000
29014647,8615534000,8620184000,8615534000,8620064000,47,0,4650000,4530000
29014648,8620524000,8622224000,8615644000,8616344000,29,4880000,6580000,700000
29014649,8616574000,8616574000,8612884000,8612884000,48,3690000,3690000,0
29014650,8612875000,8612884000,8604934000,8606524000,53,7941000,7950000,1590000
29014651,8607004000,8607504000,8597534000,8598924000,80,9470000,9970000,1390000
29014652,8598104000,8599234000,8595474000,8597734000,55,2630000,3760000,2260000
29014653,8596984000,8602814000,8591784000,8602814000,80,5200000,11030000,11030000
29014654,8602534000,8608584000,8601664000,8607434000,70,870000,6920000,5770000
29014655,8606673000,8616134000,8606673000,8614234000,73,0,9461000,7561000
29014656,8613804000,8618974000,8611984000,8618444000,84,1820000,6990000,6460000
29014657,8617424000,8620514000,8616124000,8616124000,55,1300000,4390000,0
29014658,8614984000,8620474000,8612894000,8620094000,41,2090000,7580000,7200000
29014659,8620464000,8622474000,8618134000,8621384000,55,2330000,4340000,3250000
29014660,8621634000,8628202000,8621234000,8622814000,81,400000,6968000,1580000
29014661,8623614000,8623614000,8619064000,8619064000,68,4550000,4550000,0
29014662,8620124000,8620124000,8615644000,8615644000,55,4480000,4480000,0
29014663,8615034000,8615094000,8611854000,8612624000,62,3180000,3240000,770000
29014664,8613594000,8613974000,8612984000,8612984000,21,610000,990000,0
29014665,8612844000,8612844000,8602794000,8606484000,69,10050000,10050000,3690000
29014666,8605634000,8612304000,8604204000,8612304000,41,1430000,8100000,8100000
29014667,8611754000,8620424000,8610334000,8620424000,53,1420000,10090000,10090000
29014668,8620394000,8621974000,8617804000,8620824000,74,2590000,4170000,3020000
29014669,8620234000,8620974000,8618614000,8619974000,46,1620000,2360000,1360000
29014670,8619228000,8624174000,8619094000,8621274000,64,134000,5080000,2180000
29014671,8620724000,8624174000,8620724000,8622534000,46,0,3450000,1810000
29014672,8622664000,8624524000,8622664000,8623784000,26,0,1860000,1120000
29014673,8623731000,8628134000,8623174000,8628134000,57,557000,4960000,4960000
29014674,8628204000,8628974000,8621200000,8621204000,49,7004000,7774000,4000
29014675,8620584000,8622034000,8617874000,8619694000,68,2710000,4160000,1820000
29014676,8620694000,8624394000,8620694000,8623994000,45,0,3700000,3300000
29014677,8623994000,8628274000,8623994000,8626864000,36,0,4280000,2870000
29014678,8627264000,8628974000,8627264000,8628974000,12,0,1710000,1710000
29014679,8628234000,8628974000,8628234000,8628974000,8,0,740000,740000
29014680,8627614000,8627614000,8622404000,8622844000,16,5210000,5210000,440000
29014681,8622314000,8627584000,8618397000,8619104000,88,3917000,9187000,707000
29014682,8620634000,8628174000,8620634000,8628174000,61,0,7540000,7540000
29014683,8628834000,8639924000,8628834000,8639384000,77,0,11090000,10550000
29014684,8638894000,8639604000,8632164000,8632164000,67,6730000,7440000,0
29014685,8632634000,8638924000,8632634000,8637614000,55,0,6290000,4980000
29014686,8638284000,8641784000,8638284000,8639204000,54,0,3500000,920000
29014687,8638933000,8643664000,8638933000,8641974000,52,0,4731000,3041000
29014688,8642664000,8642774000,8640210000,8642774000,48,2454000,2564000,2564000
29014689,8643344000,8643964000,8634784000,8635274000,58,8560000,9180000,490000
29014690,8635784000,8637154000,8628364000,8631534000,75,7420000,8790000,3170000
29014691,8630964000,8634474000,8624436000,8625574000,73,6528000,10038000,1138000
29014692,8627841000,8629184000,8622904000,8625194000,77,4937000,6280000,2290000
29014693,8625774000,8629094000,8625774000,8628484000,52,0,3320000,2710000
29014694,8627654000,8627654000,8618874000,8618874000,48,8780000,8780000,0
29014695,8619374000,8624974000,8618884000,8619084000,89,490000,6090000,200000
29014696,8619924000,8619924000,8609814000,8612914000,80,10110000,10110000,3100000
29014697,8613534000,8618204000,8612764000,8613384000,78,770000,5440000,620000
29014698,8612502000,8619824000,8612264000,8618254000,50,238000,7560000,5990000
29014699,8619284000,8628074000,8619284000,8626184000,69,0,8790000,6900000
29014700,8626984000,8632094000,8623574000,8626184000,69,3410000,8520000,2610000
29014701,8626924000,8627864000,8622994000,8623294000,71,3930000,4870000,300000
29014702,8623934000,8627974000,8621651000,8621651000,49,2283000,6323000,0
29014703,8621704000,8621704000,8615744000,8618853000,71,5960000,5960000,3109000
29014704,8618664000,8618954000,8609334000,8609334000,58,9330000,9620000,0
29014705,8608984000,8608984000,8599010000,8600644000,58,9974000,9974000,1634000
29014706,8601044000,8606604000,8600802000,8603054000,54,242000,5802000,2252000
29014707,8602984000,8609724000,8602984000,8603684000,59,0,6740000,700000
29014708,8603684000,8608224000,8603064000,8604124000,53,620000,5160000,1060000
29014709,8604764000,8604764000,8588104000,8594454000,65,16660000,16660000,6350000
29014710,8593844000,8593844000,8577894000,8580214000,108,15950000,15950000,2320000
29014711,8579884000,8581713000,8574654000,8576394000,96,5230000,7059000,1740000
29014712,8576874000,8578104000,8564274000,8567174000,116,12600000,13830000,2900000
29014713,8566984000,8574534000,8564304000,8574534000,112,2680000,10230000,10230000
29014714,8574684000,8581974000,8574004000,8574984000,94,680000,7970000,980000
29014715,8574074000,8577864000,8568984000,8577464000,96,5090000,8880000,8480000
29014716,8577864000,8581784000,8573854000,8578974000,94,4010000,7930000,5120000
29014717,8577934000,8578774000,8573224000,8574474000,37,4710000,5550000,1250000
29014718,8574984000,8575754000,8568984000,8575754000,57,6000000,6770000,6770000
29014719,8574814000,8576974000,8571264000,8572915000,65,3550000,5710000,1651000
29014720,8572905000,8572905000,8569084000,8570434000,39,3821000,3821000,1350000
29014721,8570134000,8571304000,8565584000,8568183000,38,4550000,5720000,2599000
29014722,8568054000,8568054000,8562334000,8564464000,52,5720000,5720000,2130000
29014723,8564734000,8573934000,8564464000,8572674000,57,270000,9470000,8210000
29014724,8573944000,8577954000,8572684000,8575374000,46,1260000,5270000,2690000
29014725,8575213000,8577234000,8571184000,8571784000,61,4029000,6050000,600000
29014726,8573014000,8578974000,8572332000,8578974000,61,682000,6642000,6642000
29014727,8579454000,8584374000,8579454000,8581104000,69,0,4920000,1650000
29014728,8581524000,8583814000,8574334000,8574994000,68,7190000,9480000,660000
29014729,8574334000,8574994000,8568094000,8570064000,51,6240000,6900000,1970000
29014730,8569684000,8572664000,8568834000,8570414000,56,850000,3830000,1580000
29014731,8569454000,8575734000,8568344000,8568674000,68,1110000,7390000,330000
29014732,8569504000,8572164000,8564784000,8564784000,47,4720000,7380000,0
29014733,8565424000,8568014000,8564484000,8567224000,52,940000,3530000,2740000
29014734,8566654000,8569984000,8566424000,8568984000,48,230000,3560000,2560000
29014735,8568464000,8572384000,8567584000,8567584000,53,880000,4800000,0
29014736,8567194000,8567924000,8563984000,8564974000,35,3210000,3940000,990000
29014737,8564234000,8564494000,8556190000,8561774000,66,8044000,8304000,5584000
29014738,8561894000,8567584000,8561464000,8566974000,42,430000,6120000,5510000
29014739,8567924000,8573974000,8567924000,8572314000,43,0,6050000,4390000
29014740,8572824000,8580544000,8572824000,8578474000,57,0,7720000,5650000
29014741,8578354000,8579644000,8573984000,8578584000,77,4370000,5660000,4600000
29014742,8577760000,8579974000,8576974000,8577054000,41,786000,3000000,80000
29014743,8577094000,8582404000,8577094000,8579224000,46,0,5310000,2130000
29014744,8579904000,8591234000,8578992000,8589734000,65,912000,12242000,10742000
29014745,8588324000,8593384000,8585744000,8593384000,44,2580000,7640000,7640000
29014746,8592534000,8596634000,8592374000,8594764000,83,160000,4260000,2390000
29014747,8595354000,8596854000,8588264000,8588264000,56,7090000,8590000,0
29014748,8587444000,8587444000,8577474000,8580644000,77,9970000,9970000,3170000
29014749,8579984000,8582364000,8577924000,8582364000,56,2060000,4440000,4440000
29014750,8583454000,8585484000,8581524000,8584624000,30,1930000,3960000,3100000
29014751,8583564000,8583974000,8577924000,8583974000,41,5640000,6050000,6050000
29014752,8582188000,8590074000,8581964000,8588884000,64,224000,8110000,6920000
29014753,8588884000,8593354000,8588884000,8591394000,42,0,4470000,2510000
29014754,8592404000,8594274000,8591454000,8592484000,34,950000,2820000,1030000
29014755,8592484000,8596594000,8592484000,8594094000,40,0,4110000,1610000
29014756,8594001000,8594094000,8586784000,8589714000,62,7217000,7310000,2930000
29014757,8589514000,8589514000,8584911000,8585654000,51,4603000,4603000,743000
29014758,8585324000,8585424000,8582668000,8582934000,45,2656000,2756000,266000
29014759,8583454000,8586494000,8581796000,8584024000,35,1658000,4698000,2228000
29014760,8582974000,8582974000,8579744000,8579744000,34,3230000,3230000,0
29014761,8578985000,8580674000,8575238000,8580674000,58,3747000,5436000,5436000
29014762,8578984000,8580454000,8577924000,8580454000,36,1060000,2530000,2530000
29014763,8579524000,8579524000,8574084000,8574084000,35,5440000,5440000,0
29014764,8573764000,8573974000,8570984000,8572694000,35,2780000,2990000,1710000
29014765,8572774000,8576674000,8572774000,8576484000,31,0,3900000,3710000
29014766,8575974000,8581334000,8575754000,8581334000,63,220000,5580000,5580000
29014767,8581754000,8585144000,8580384000,8582014000,50,1370000,4760000,1630000
29014768,8582584000,8587224000,8580584000,8586354000,43,2000000,6640000,5770000
29014769,8585404000,8588374000,8585014000,8588374000,26,390000,3360000,3360000
29014770,8588944000,8589494000,8584934000,8584934000,14,4010000,4560000,0
29014771,8584274000,8586914000,8583194000,8584184000,42,1080000,3720000,990000
29014772,8583272000,8583272000,8578984000,8578984000,20,4288000,4288000,0
29014773,8579474000,8580484000,8577884000,8577884000,33,1590000,2600000,0
29014774,8577234000,8578574000,8577234000,8578204000,17,0,1340000,970000
29014775,8578484000,8580184000,8577234000,8580184000,38,1250000,2950000,2950000
29014776,8580974000,8583974000,8578875000,8578875000,33,2099000,5099000,0
29014777,8578874000,8579404000,8575584000,8575584000,34,3290000,3820000,0
29014778,8576914000,8584184000,8576914000,8582934000,31,0,7270000,6020000
29014779,8582904000,8585634000,8582034000,8582684000,39,870000,3600000,650000
29014780,8583564000,8586844000,8583564000,8586844000,19,0,3280000,3280000
29014781,8586844000,8588974000,8586844000,8588974000,13,0,2130000,2130000
29014782,8585920000,8587854000,8585894000,8587384000,13,26000,1960000,1490000
29014783,8587384000,8588144000,8584474000,8588134000,31,2910000,3670000,3660000
29014784,8588674000,8588974000,8586834000,8588764000,28,1840000,2140000,1930000
29014785,8588154000,8588974000,8588154000,8588974000,9,0,820000,820000
29014786,8588684000,8592304000,8587314000,8589084000,39,1370000,4990000,1770000
29014787,8588064000,8596974000,8587984000,8596304000,44,80000,8990000,8320000
29014788,8596564000,8606814000,8596564000,8605474000,71,0,10250000,8910000
29014789,8605964000,8616264000,8605964000,8607304000,84,0,10300000,1340000
29014790,8606714000,8607724000,8600354000,8602004000,83,6360000,7370000,1650000
29014791,8602384000,8602604000,8596314000,8597574000,61,6070000,6290000,1260000
29014792,8597574000,8600534000,8596314000,8597764000,46,1260000,4220000,1450000
29014793,8597184000,8597184000,8593024000,8595204000,65,4160000,4160000,2180000
29014794,8595204000,8598284000,8593110000,8595534000,67,2094000,5174000,2424000
29014795,8594734000,8594734000,8591912000,8591974000,28,2822000,2822000,62000
29014796,8591969000,8593294000,8589324000,8593294000,36,2645000,3970000,3970000
29014797,8593892000,8594974000,8588994000,8588994000,21,4898000,5980000,0
29014798,8588884000,8588884000,8580884000,8581654000,55,8000000,8000000,770000
29014799,8580894000,8583034000,8579644000,8580174000,26,1250000,3390000,530000
29014800,8580174000,8581984000,8576534000,8576534000,48,3640000,5450000,0
29014801,8577194000,8578974000,8575674000,8575674000,62,1520000,3300000,0
29014802,8575014000,8575014000,8566924000,8568974000,53,8090000,8090000,2050000
29014803,8569404000,8573654000,8569404000,8570484000,50,0,4250000,1080000
29014804,8570344000,8570974000,8567894000,8569614000,51,2450000,3080000,1720000
29014805,8570344000,8570974000,8567994000,8568024000,53,2350000,2980000,30000
29014806,8567894000,8570584000,8567784000,8567784000,38,110000,2800000,0
29014807,8566334000,8568800000,8564624000,8565474000,65,1710000,4176000,850000
29014808,8564984000,8565684000,8562924000,8565434000,51,2060000,2760000,2510000
29014809,8566324000,8567904000,8565444000,8566744000,49,880000,2460000,1300000
29014810,8566854000,8568204000,8565944000,8567124000,41,910000,2260000,1180000
29014811,8567654000,8570184000,8567134000,8569384000,58,520000,3050000,2250000
29014812,8570404000,8571624000,8569978000,8570344000,33,426000,1646000,366000
29014813,8567654000,8569474000,8563984000,8568984000,62,3670000,5490000,5000000
29014814,8569474000,8571054000,8569474000,8571054000,16,0,1580000,1580000
29014815,8570874000,8571524000,8569384000,8569881000,24,1490000,2140000,497000
29014816,8569974000,8570484000,8564574000,8565084000,42,5400000,5910000,510000
29014817,8564484000,8564784000,8564084000,8564614000,22,400000,700000,530000
29014818,8564104000,8564784000,8563484000,8563814000,19,620000,1300000,330000
29014819,8563974000,8563974000,8560584000,8562394000,39,3390000,3390000,1810000
29014820,8561704000,8564374000,8561704000,8564356000,44,0,2670000,2652000
29014821,8564358000,8564374000,8560584000,8560584000,37,3774000,3790000,0
29014822,8560552000,8561174000,8549964000,8552814000,41,10588000,11210000,2850000
29014823,8553374000,8554524000,8552104000,8552734000,30,1270000,2420000,630000
29014824,8552754000,8553834000,8550384000,8550874000,46,2370000,3450000,490000
29014825,8550874000,8557144000,8550874000,8557144000,36,0,6270000,6270000
29014826,8557754000,8564874000,8557754000,8564874000,36,0,7120000,7120000
29014827,8564064000,8568664000,8561734000,8561734000,66,2330000,6930000,0
29014828,8561754000,8566134000,8561754000,8565784000,42,0,4380000,4030000
29014829,8565684000,8566324000,8564534000,8565664000,22,1150000,1790000,1130000
29014830,8564730000,8564746000,8560374000,8560374000,40,4356000,4372000,0
29014831,8558984000,8559834000,8557814000,8557814000,18,1170000,2020000,0
29014832,8556984000,8557864000,8556674000,8557004000,14,310000,1190000,330000
29014833,8555504000,8558034000,8555014000,8555014000,26,490000,3020000,0
29014834,8555034000,8555034000,8553564000,8553564000,24,1470000,1470000,0
29014835,8552984000,8556324000,8552684000,8552684000,25,300000,3640000,0
29014836,8551684000,8551684000,8550684000,8551684000,26,1000000,1000000,1000000
29014837,8550824000,8551684000,8547984000,8551684000,38,2840000,3700000,3700000
29014838,8551677000,8556304000,8551014000,8554404000,19,663000,5290000,3390000
29014839,8554114000,8557654000,8554114000,8557654000,27,0,3540000,3540000
29014840,8558734000,8565604000,8558734000,8563084000,49,0,6870000,4350000
29014841,8562564000,8565954000,8562564000,8565934000,18,0,3390000,3370000
29014842,8565994000,8568794000,8563344000,8567334000,36,2650000,5450000,3990000
29014843,8566734000,8568974000,8566734000,8568974000,10,0,2240000,2240000
29014844,8568194000,8573974000,8568194000,8573564000,60,0,5780000,5370000
29014845,8573694000,8576674000,8572414000,8576674000,36,1280000,4260000,4260000
29014846,8576555000,8580574000,8576094000,8579174000,25,461000,4480000,3080000
29014847,8579804000,8579804000,8572164000,8572934000,31,7640000,7640000,770000
29014848,8571347000,8572934000,8570984000,8572184000,27,363000,1950000,1200000
29014849,8570229000,8572854000,8570229000,8572854000,24,0,2625000,2625000
29014850,8573974000,8577344000,8568984000,8568984000,44,4990000,8360000,0
29014851,8570054000,8573974000,8568984000,8568984000,40,1070000,4990000,0
29014852,8570494000,8575824000,8570234000,8572954000,43,260000,5590000,2720000
29014853,8572734000,8575984000,8570444000,8575634000,31,2290000,5540000,5190000
29014854,8575594000,8575594000,8573718000,8573984000,26,1876000,1876000,266000
29014855,8574794000,8577774000,8574644000,8574934000,27,150000,3130000,290000
29014856,8574739000,8574931000,8569784000,8569784000,37,4955000,5147000,0
29014857,8569164000,8569164000,8562844000,8564964000,42,6320000,6320000,2120000
29014858,8565384000,8566604000,8564404000,8565344000,19,980000,2200000,940000
29014859,8565614000,8569704000,8565614000,8569654000,33,0,4090000,4040000
29014860,8568904000,8571384000,8568897000,8568984000,26,7000,2487000,87000
29014861,8567996000,8567996000,8562054000,8564944000,43,5942000,5942000,2890000
29014862,8564524000,8564624000,8561494000,8562044000,24,3030000,3130000,550000
29014863,8563814000,8567174000,8563294000,8566280000,15,520000,3880000,2986000
29014864,8565884000,8568664000,8564604000,8566372000,38,1280000,4060000,1768000
29014865,8566386000,8572044000,8565264000,8572044000,44,1122000,6780000,6780000
29014866,8570254000,8571614000,8569564000,8571614000,15,690000,2050000,2050000
29014867,8571894000,8572814000,8571894000,8572804000,11,0,920000,910000
29014868,8573964000,8574934000,8571944000,8574934000,24,2020000,2990000,2990000
29014869,8575754000,8578974000,8575754000,8578864000,40,0,3220000,3110000
29014870,8578304000,8578304000,8574274000,8574274000,30,4030000,4030000,0
29014871,8574844000,8577834000,8574844000,8577834000,13,0,2990000,2990000
29014872,8579074000,8581774000,8578974000,8581484000,24,100000,2800000,2510000
29014873,8581774000,8583404000,8580094000,8583064000,42,1680000,3310000,2970000
29014874,8583134000,8588744000,8582634000,8588744000,51,500000,6110000,6110000
29014875,8587304000,8588744000,8584824000,8586474000,38,2480000,3920000,1650000
29014876,8586157000,8586162000,8580584000,8580584000,38,5573000,5578000,0
29014877,8579779000,8581244000,8579294000,8579944000,31,485000,1950000,650000
29014878,8579944000,8583974000,8579944000,8583974000,35,0,4030000,4030000
29014879,8584654000,8584654000,8582202000,8582984000,50,2452000,2452000,782000
29014880,8582214000,8583974000,8581014000,8581014000,21,1200000,2960000,0
29014881,8581374000,8583954000,8581014000,8581014000,52,360000,2940000,0
29014882,8579294000,8584174000,8579294000,8584174000,30,0,4880000,4880000
29014883,8584174000,8586074000,8582344000,8585654000,34,1830000,3730000,3310000
29014884,8585234000,8591804000,8584984000,8591234000,36,250000,6820000,6250000
29014885,8591184000,8594054000,8591184000,8592984000,36,0,2870000,1800000
29014886,8592972000,8592984000,8587204000,8587284000,28,5768000,5780000,80000
29014887,8586774000,8588604000,8586214000,8587070000,29,560000,2390000,856000
29014888,8587062000,8589514000,8587062000,8589514000,32,0,2452000,2452000
29014889,8589514000,8589544000,8588764000,8589544000,14,750000,780000,780000
29014890,8589274000,8592094000,8589274000,8592094000,17,0,2820000,2820000
29014891,8592784000,8599754000,8592784000,8593984000,51,0,6970000,1200000
29014892,8594074000,8594624000,8592311000,8593064000,27,1763000,2313000,753000
29014893,8592084000,8595664000,8592075000,8594254000,26,9000,3589000,2179000
29014894,8594324000,8597474000,8594324000,8596984000,21,0,3150000,2660000
29014895,8597474000,8598974000,8595054000,8597474000,29,2420000,3920000,2420000
29014896,8596974000,8597474000,8595584000,8595584000,16,1390000,1890000,0
29014897,8595584000,8596214000,8589834000,8589834000,47,5750000,6380000,0
29014898,8590144000,8590974000,8589234000,8590654000,18,910000,1740000,1420000
29014899,8590984000,8592714000,8590814000,8590814000,18,170000,1900000,0
29014900,8589890000,8591434000,8589234000,8589974000,19,656000,2200000,740000
29014901,8590564000,8590564000,8582994000,8583954000,37,7570000,7570000,960000
29014902,8584774000,8584774000,8581722000,8582974000,40,3052000,3052000,1252000
29014903,8582216000,8583974000,8581354000,8583974000,22,862000,2620000,2620000
29014904,8583274000,8585474000,8582584000,8585474000,14,690000,2890000,2890000
29014905,8585504000,8588644000,8584454000,8585484000,40,1050000,4190000,1030000
29014906,8584457000,8584457000,8582244000,8582244000,17,2213000,2213000,0
29014907,8583534000,8584974000,8580134000,8580524000,33,3400000,4840000,390000
29014908,8580944000,8583664000,8580944000,8581234000,20,0,2720000,290000
29014909,8581024000,8584434000,8581024000,8583674000,17,0,3410000,2650000
29014910,8583984000,8585454000,8583094000,8583094000,25,890000,2360000,0
29014911,8584074000,8584074000,8583154000,8583964000,12,920000,920000,810000
29014912,8583974000,8584874000,8582284000,8582854000,30,1690000,2590000,570000
29014913,8582284000,8582284000,8579020000,8579724000,35,3264000,3264000,704000
29014914,8579724000,8580944000,8579384000,8580944000,20,340000,1560000,1560000
29014915,8580974000,8585904000,8580974000,8585904000,37,0,4930000,4930000
29014916,8585974000,8590554000,8585974000,8590554000,26,0,4580000,4580000
29014917,8590554000,8590974000,8585614000,8588564000,28,4940000,5360000,2950000
29014918,8588134000,8589474000,8588134000,8589474000,6,0,1340000,1340000
29014919,8589484000,8589994000,8589484000,8589994000,9,0,510000,510000
29014920,8590684000,8595554000,8590684000,8594664000,55,0,4870000,3980000
29014921,8593984000,8597884000,8593984000,8597884000,19,0,3900000,3900000
29014922,8597544000,8599434000,8596674000,8599434000,31,870000,2760000,2760000
29014923,8600454000,8605974000,8600454000,8604974000,45,0,5520000,4520000
29014924,8605664000,8611724000,8603944000,8603944000,55,1720000,7780000,0
29014925,8603604000,8603604000,8600124000,8600124000,44,3480000,3480000,0
29014926,8598984000,8598984000,8594614000,8594614000,27,4370000,4370000,0
29014927,8593984000,8593984000,8593414000,8593654000,6,570000,570000,240000
29014928,8593354000,8598934000,8592574000,8598934000,45,780000,6360000,6360000
29014929,8599264000,8604704000,8599264000,8602504000,32,0,5440000,3240000
29014930,8602494000,8602944000,8595114000,8595484000,59,7380000,7830000,370000
29014931,8595114000,8597654000,8594027000,8597654000,35,1087000,3627000,3627000
29014932,8596744000,8598974000,8595754000,8597984000,28,990000,3220000,2230000
29014933,8598964000,8598964000,8597484000,8597984000,25,1480000,1480000,500000
29014934,8597644000,8597884000,8592984000,8594694000,30,4660000,4900000,1710000
29014935,8595064000,8596784000,8593474000,8593474000,20,1590000,3310000,0
29014936,8592984000,8597324000,8590324000,8596804000,61,2660000,7000000,6480000
29014937,8596685000,8596685000,8586984000,8589594000,69,9701000,9701000,2610000
29014938,8588844000,8591284000,8586174000,8589364000,48,2670000,5110000,3190000
29014939,8588842000,8594774000,8587834000,8593854000,49,1008000,6940000,6020000
29014940,8593054000,8601424000,8593054000,8600974000,36,0,8370000,7920000
29014941,8600984000,8601424000,8598124000,8600214000,40,2860000,3300000,2090000
29014942,8600994000,8603974000,8600994000,8602974000,32,0,2980000,1980000
29014943,8602974000,8607664000,8602974000,8607664000,25,0,4690000,4690000
29014944,8607214000,8608674000,8604788000,8606604000,39,2426000,3886000,1816000
29014945,8607174000,8608974000,8605544000,8608974000,20,1630000,3430000,3430000
29014946,8608984000,8618834000,8606564000,8607764000,70,2420000,12270000,1200000
29014947,8606910000,8607314000,8601724000,8607314000,67,5186000,5590000,5590000
29014948,8608574000,8616574000,8608574000,8614634000,55,0,8000000,6060000
29014949,8615274000,8632444000,8614464000,8631494000,72,810000,17980000,17030000
29014950,8632224000,8632224000,8623294000,8624034000,99,8930000,8930000,740000
29014951,8623484000,8624034000,8618984000,8619784000,99,4500000,5050000,800000
29014952,8618924000,8622214000,8617854000,8619674000,62,1070000,4360000,1820000
29014953,8619134000,8624004000,8617894000,8623244000,64,1240000,6110000,5350000
29014954,8622934000,8622934000,8619824000,8621804000,57,3110000,3110000,1980000
29014955,8620834000,8623474000,8619804000,8623064000,52,1030000,3670000,3260000
29014956,8623324000,8631374000,8623324000,8629014000,49,0,8050000,5690000
29014957,8629454000,8631374000,8627734000,8629004000,40,1720000,3640000,1270000
29014958,8628394000,8628974000,8623324000,8624134000,71,5070000,5650000,810000
29014959,8625274000,8628084000,8620684000,8622434000,65,4590000,7400000,1750000
29014960,8622974000,8624554000,8621974000,8622724000,36,1000000,2580000,750000
29014961,8623314000,8624554000,8620464000,8623904000,49,2850000,4090000,3440000
29014962,8623194000,8624404000,8622135000,8623924000,47,1059000,2269000,1789000
29014963,8624294000,8628374000,8623944000,8623944000,51,350000,4430000,0
29014964,8624274000,8628974000,8624274000,8628294000,35,0,4700000,4020000
29014965,8628974000,8631494000,8628974000,8631494000,18,0,2520000,2520000
29014966,8631484000,8640974000,8631484000,8640184000,64,0,9490000,8700000
29014967,8639444000,8642004000,8634684000,8636024000,76,4760000,7320000,1340000
29014968,8635984000,8639864000,8635344000,8639614000,58,640000,4520000,4270000
29014969,8638964000,8650474000,8638964000,8645624000,116,0,11510000,6660000
29014970,8646644000,8646904000,8633984000,8635574000,74,12660000,12920000,1590000
29014971,8635974000,8636974000,8631974000,8634184000,89,4000000,5000000,2210000
29014972,8634414000,8634414000,8631974000,8633724000,26,2440000,2440000,1750000
29014973,8633242000,8634134000,8626194000,8626194000,76,7048000,7940000,0
29014974,8625904000,8625904000,8621894000,8623174000,74,4010000,4010000,1280000
29014975,8623524000,8629634000,8622809000,8629634000,77,715000,6825000,6825000
29014976,8630074000,8631684000,8626104000,8628884000,47,3970000,5580000,2780000
29014977,8627334000,8628924000,8623494000,8624864000,51,3840000,5430000,1370000
29014978,8624864000,8627454000,8623984000,8623984000,44,880000,3470000,0
29014979,8623484000,8624204000,8618354000,8621824000,57,5130000,5850000,3470000
29014980,8621774000,8628974000,8621754000,8628974000,41,20000,7220000,7220000
29014981,8628183000,8629974000,8623434000,8628554000,64,4749000,6540000,5120000
29014982,8627414000,8627664000,8625366000,8625394000,50,2048000,2298000,28000
29014983,8624734000,8624734000,8616294000,8619724000,51,8440000,8440000,3430000
29014984,8619474000,8620444000,8617984000,8618244000,36,1490000,2460000,260000
29014985,8617984000,8623484000,8617984000,8621071000,28,0,5500000,3087000
29014986,8621114000,8621114000,8612644000,8612644000,36,8470000,8470000,0
29014987,8613724000,8616484000,8612974000,8616484000,63,750000,3510000,3510000
29014988,8616484000,8619774000,8614674000,8619324000,32,1810000,5100000,4650000
29014989,8618814000,8618984000,8616984000,8618464000,25,1830000,2000000,1480000
29014990,8618884000,8621104000,8616984000,8618974000,54,1900000,4120000,1990000
29014991,8618474000,8618474000,8613984000,8613984000,40,4490000,4490000,0
29014992,8613834000,8613834000,8611634000,8612604000,21,2200000,2200000,970000
29014993,8613424000,8615094000,8609484000,8609904000,80,3940000,5610000,420000
29014994,8609414000,8612414000,8609354000,8611464000,38,60000,3060000,2110000
29014995,8611724000,8615254000,8610984000,8612024000,40,740000,4270000,1040000
29014996,8612464000,8612464000,8606344000,8607924000,52,6120000,6120000,1580000
29014997,8608124000,8608974000,8605984000,8608764000,37,2140000,2990000,2780000
29014998,8608974000,8608974000,8605984000,8606134000,16,2990000,2990000,150000
29014999,8605975000,8605975000,8602484000,8602484000,42,3491000,3491000,0
29015000,8602894000,8607954000,8602894000,8607604000,28,0,5060000,4710000
29015001,8607974000,8611874000,8607974000,8611414000,49,0,3900000,3440000
29015002,8611114000,8614144000,8611114000,8612144000,45,0,3030000,1030000
29015003,8613144000,8613774000,8611544000,8613774000,45,1600000,2230000,2230000
29015004,8613114000,8613114000,8610984000,8611664000,21,2130000,2130000,680000
29015005,8611654000,8619394000,8611654000,8618684000,50,0,7740000,7030000
29015006,8619354000,8620874000,8619354000,8619354000,24,0,1520000,0
29015007,8617984000,8618674000,8617687000,8618544000,13,297000,987000,857000
29015008,8618964000,8619354000,8618534000,8618974000,20,430000,820000,440000
29015009,8619054000,8620454000,8619054000,8619094000,23,0,1400000,40000
29015010,8618224000,8623974000,8616984000,8623974000,35,1240000,6990000,6990000
29015011,8624324000,8627784000,8624324000,8627784000,19,0,3460000,3460000
29015012,8628164000,8628164000,8623714000,8626774000,28,4450000,4450000,3060000
29015013,8626184000,8627774000,8626184000,8627064000,10,0,1590000,880000
29015014,8627684000,8628974000,8626434000,8626434000,36,1250000,2540000,0
29015015,8626184000,8626184000,8621794000,8623274000,38,4390000,4390000,1480000
29015016,8621704000,8621984000,8614964000,8618254000,51,6740000,7020000,3290000
29015017,8618524000,8621594000,8613984000,8619914000,49,4540000,7610000,5930000
29015018,8619624000,8620344000,8619433000,8619614000,13,191000,911000,181000
29015019,8619044000,8620334000,8619044000,8619044000,14,0,1290000,0
29015020,8619614000,8621374000,8619304000,8621374000,19,310000,2070000,2070000
29015021,8622474000,8626784000,8622474000,8626784000,18,0,4310000,4310000
29015022,8625704000,8629874000,8625704000,8629874000,17,0,4170000,4170000
29015023,8628494000,8629574000,8625564000,8626594000,30,2930000,4010000,1030000
29015024,8626411000,8626484000,8623984000,8625244000,19,2427000,2500000,1260000
29015025,8624714000,8624714000,8623504000,8624024000,11,1210000,1210000,520000
29015026,8623174000,8624444000,8623174000,8623624000,20,0,1270000,450000
29015027,8622774000,8628204000,8620704000,8627904000,32,2070000,7500000,7200000
29015028,8628584000,8628974000,8623274000,8623274000,30,5310000,5700000,0
29015029,8622719000,8622984000,8620444000,8620444000,24,2275000,2540000,0
29015030,8619984000,8619984000,8618984000,8618984000,18,1000000,1000000,0
29015031,8618921000,8618921000,8612874000,8614874000,33,6047000,6047000,2000000
29015032,8615724000,8615724000,8612594000,8613284000,12,3130000,3130000,690000
29015033,8613334000,8622844000,8613334000,8622844000,47,0,9510000,9510000
29015034,8622154000,8625804000,8622154000,8622944000,26,0,3650000,790000
29015035,8621974000,8623724000,8621184000,8623724000,14,790000,2540000,2540000
29015036,8624404000,8625104000,8617934000,8617934000,39,6470000,7170000,0
29015037,8618794000,8620484000,8617934000,8618764000,28,860000,2550000,830000
29015038,8618754000,8618754000,8617934000,8617934000,6,820000,820000,0
29015039,8618754000,8621174000,8618114000,8618114000,20,640000,3060000,0
29015040,8619274000,8620924000,8614224000,8614224000,39,5050000,6700000,0
29015041,8614904000,8616414000,8598564000,8602604000,77,16340000,17850000,4040000
29015042,8598974000,8603314000,8598034000,8602964000,73,940000,5280000,4930000
29015043,8603654000,8606974000,8598644000,8598974000,33,5010000,8330000,330000
29015044,8600704000,8601614000,8598974000,8601124000,30,1730000,2640000,2150000
29015045,8601614000,8603974000,8598784000,8598784000,28,2830000,5190000,0
29015046,8597704000,8599874000,8591886000,8592464000,47,5818000,7988000,578000
29015047,8592484000,8594704000,8585657000,8594464000,74,6827000,9047000,8807000
29015048,8593647000,8594714000,8592804000,8592804000,26,843000,1910000,0
29015049,8590847000,8591304000,8578554000,8579794000,75,12293000,12750000,1240000
29015050,8582464000,8589824000,8582364000,8587554000,51,100000,7460000,5190000
29015051,8586954000,8589474000,8586954000,8586954000,31,0,2520000,0
29015052,8587004000,8587564000,8574494000,8574494000,56,12510000,13070000,0
29015053,8574984000,8575714000,8567584000,8568964000,59,7400000,8130000,1380000
29015054,8568184000,8572974000,8568184000,8569534000,46,0,4790000,1350000
29015055,8569964000,8569964000,8564744000,8566444000,64,5220000,5220000,1700000
29015056,8567904000,8569534000,8567904000,8569534000,16,0,1630000,1630000
29015057,8571004000,8575494000,8571004000,8572055000,49,0,4490000,1051000
29015058,8572066000,8573994000,8569784000,8573994000,48,2282000,4210000,4210000
29015059,8574814000,8574814000,8570334000,8571934000,35,4480000,4480000,1600000
29015060,8572954000,8575354000,8570926000,8575354000,46,2028000,4428000,4428000
29015061,8575364000,8575804000,8573094000,8575294000,31,2270000,2710000,2200000
29015062,8574974000,8578774000,8574164000,8578774000,24,810000,4610000,4610000
29015063,8578974000,8580924000,8575424000,8579574000,34,3550000,5500000,4150000
29015064,8578974000,8582374000,8578955000,8580764000,42,19000,3419000,1809000
29015065,8581244000,8581244000,8575434000,8575434000,24,5810000,5810000,0
29015066,8576164000,8580484000,8576164000,8580484000,20,0,4320000,4320000
29015067,8580524000,8582804000,8577764000,8578244000,46,2760000,5040000,480000
29015068,8578274000,8579614000,8576344000,8579283000,53,1930000,3270000,2939000
29015069,8579284000,8579284000,8568024000,8568534000,43,11260000,11260000,510000
29015070,8569074000,8572724000,8569074000,8570894000,47,0,3650000,1820000
29015071,8572474000,8575384000,8572474000,8575384000,45,0,2910000,2910000
29015072,8575394000,8575724000,8568944000,8569374000,48,6450000,6780000,430000
29015073,8569374000,8571564000,8569364000,8571564000,34,10000,2200000,2200000
29015074,8571564000,8573474000,8571214000,8573474000,31,350000,2260000,2260000
29015075,8572954000,8572954000,8569484000,8570264000,27,3470000,3470000,780000
29015076,8570974000,8573354000,8570414000,8571424000,51,560000,2940000,1010000
29015077,8571564000,8576644000,8571564000,8572134000,40,0,5080000,570000
29015078,8572674000,8572974000,8571444000,8571604000,36,1230000,1530000,160000
29015079,8571954000,8573634000,8570184000,8570314000,24,1770000,3450000,130000
29015080,8570874000,8570874000,8570184000,8570864000,15,690000,690000,680000
29015081,8570904000,8571204000,8570184000,8571204000,38,720000,1020000,1020000
29015082,8570824000,8571544000,8570824000,8571524000,15,0,720000,700000
29015083,8571164000,8571794000,8571164000,8571794000,17,0,630000,630000
29015084,8571974000,8579284000,8571974000,8579284000,35,0,7310000,7310000
29015085,8579674000,8583924000,8579294000,8583924000,33,380000,4630000,4630000
29015086,8583584000,8584814000,8580164000,8580164000,42,3420000,4650000,0
29015087,8579764000,8582234000,8579764000,8581214000,30,0,2470000,1450000
29015088,8581554000,8583914000,8581554000,8583914000,31,0,2360000,2360000
29015089,8583974000,8587294000,8583974000,8587294000,45,0,3320000,3320000
29015090,8587214000,8588064000,8586724000,8587464000,24,490000,1340000,740000
29015091,8587944000,8588714000,8587774000,8588624000,13,170000,940000,850000
29015092,8587484000,8587484000,8582534000,8582534000,25,4950000,4950000,0
29015093,8582974000,8586984000,8581734000,8586984000,30,1240000,5250000,5250000
29015094,8586374000,8588184000,8584374000,8587694000,40,2000000,3810000,3320000
29015095,8587684000,8587684000,8586474000,8586474000,10,1210000,1210000,0
29015096,8586491000,8586564000,8574564000,8574914000,38,11927000,12000000,350000
29015097,8575764000,8575764000,8563444000,8568494000,76,12320000,12320000,5050000
29015098,8568804000,8573474000,8568804000,8573474000,31,0,4670000,4670000
29015099,8572416000,8572416000,8567194000,8568974000,52,5222000,5222000,1780000
29015100,8568334000,8572924000,8568334000,8572554000,47,0,4590000,4220000
29015101,8572904000,8575064000,8568624000,8570014000,29,4280000,6440000,1390000
29015102,8562510000,8568604000,8559594000,8568244000,49,2916000,9010000,8650000
29015103,8567990000,8568084000,8564114000,8564114000,39,3876000,3970000,0
29015104,8564444000,8566974000,8564444000,8564714000,34,0,2530000,270000
29015105,8564114000,8568474000,8563494000,8568474000,26,620000,4980000,4980000
29015106,8568734000,8572974000,8567814000,8572974000,26,920000,5160000,5160000
29015107,8572764000,8574094000,8572200000,8572804000,20,564000,1894000,604000
29015108,8572814000,8576474000,8572814000,8575974000,29,0,3660000,3160000
29015109,8576104000,8576144000,8571936000,8572924000,34,4168000,4208000,988000
29015110,8572924000,8576474000,8572924000,8575344000,26,0,3550000,2420000
29015111,8575444000,8579594000,8575444000,8579594000,24,0,4150000,4150000
29015112,8578544000,8579674000,8578544000,8578944000,25,0,1130000,400000
29015113,8578544000,8579684000,8575484000,8579684000,27,3060000,4200000,4200000
29015114,8580074000,8582104000,8579754000,8579754000,42,320000,2350000,0
29015115,8580434000,8584534000,8580434000,8584534000,36,0,4100000,4100000
29015116,8584974000,8586244000,8584974000,8585984000,10,0,1270000,1010000
29015117,8584144000,8584694000,8583524000,8583524000,25,620000,1170000,0
29015118,8583104000,8584104000,8583104000,8583304000,10,0,1000000,200000
29015119,8582414000,8582414000,8575464000,8577834000,66,6950000,6950000,2370000
29015120,8578504000,8578914000,8578504000,8578914000,8,0,410000,410000
29015121,8578974000,8582524000,8578514000,8578514000,28,460000,4010000,0
29015122,8578874000,8581044000,8578514000,8578514000,31,360000,2530000,0
29015123,8579974000,8580274000,8578514000,8578514000,16,1460000,1760000,0
29015124,8579334000,8579974000,8576314000,8576314000,23,3020000,3660000,0
29015125,8577214000,8579714000,8577214000,8577574000,25,0,2500000,360000
29015126,8578474000,8579474000,8577144000,8579474000,28,1330000,2330000,2330000
29015127,8579964000,8579964000,8579964000,8579964000,2,0,0,0
29015128,8580574000,8582274000,8579524000,8579524000,33,1050000,2750000,0
29015129,8580074000,8582024000,8579124000,8580154000,34,950000,2900000,1030000
29015130,8580154000,8584474000,8580154000,8583344000,23,0,4320000,3190000
29015131,8584444000,8587918000,8581314000,8587918000,54,3130000,6604000,6604000
29015132,8587974000,8594704000,8587614000,8594704000,50,360000,7090000,7090000
29015133,8594744000,8596034000,8591054000,8595954000,46,3690000,4980000,4900000
29015134,8596704000,8599504000,8595974000,8596270000,55,730000,3530000,296000
29015135,8596276000,8597474000,8586984000,8586984000,50,9292000,10490000,0
29015136,8586144000,8586144000,8583514000,8583974000,25,2630000,2630000,460000
29015137,8583984000,8589504000,8583984000,8588984000,38,0,5520000,5000000
29015138,8589074000,8592634000,8589074000,8589704000,20,0,3560000,630000
29015139,8591294000,8592884000,8589841000,8592094000,30,1453000,3043000,2253000
29015140,8592794000,8599894000,8592794000,8598554000,45,0,7100000,5760000
29015141,8597884000,8599684000,8594984000,8599164000,59,2900000,4700000,4180000
29015142,8600364000,8601704000,8594794000,8594794000,36,5570000,6910000,0
29015143,8594794000,8598224000,8594794000,8598224000,37,0,3430000,3430000
29015144,8598234000,8601654000,8598234000,8599039000,36,0,3420000,805000
29015145,8598987000,8602844000,8598507000,8601114000,51,480000,4337000,2607000
29015146,8601574000,8605854000,8593974000,8594624000,57,7600000,11880000,650000
29015147,8594070000,8596594000,8590897000,8594164000,52,3173000,5697000,3267000
29015148,8593310000,8594164000,8591934000,8592774000,40,1376000,2230000,840000
29015149,8592774000,8596534000,8592774000,8595984000,15,0,3760000,3210000
29015150,8596014000,8596014000,8592874000,8593824000,20,3140000,3140000,950000
29015151,8592970000,8597814000,8591914000,8597814000,32,1056000,5900000,5900000
29015152,8598674000,8601034000,8595964000,8600374000,40,2710000,5070000,4410000
29015153,8599679000,8599679000,8593984000,8597714000,38,5695000,5695000,3730000
29015154,8596788000,8596788000,8593314000,8594514000,40,3474000,3474000,1200000
29015155,8593984000,8594694000,8591864000,8591864000,19,2120000,2830000,0
29015156,8592274000,8593164000,8589224000,8589224000,38,3050000,3940000,0
29015157,8589164000,8592684000,8586934000,8592684000,37,2230000,5750000,5750000
29015158,8592784000,8595924000,8590164000,8591324000,59,2620000,5760000,1160000
29015159,8590234000,8591314000,8583464000,8583474000,22,6770000,7850000,10000
29015160,8583974000,8583974000,8583474000,8583474000,6,500000,500000,0
29015161,8583464000,8583464000,8577824000,8579834000,20,5640000,5640000,2010000
29015162,8578974000,8579834000,8577634000,8579004000,18,1340000,2200000,1370000
29015163,8578584000,8583244000,8578344000,8583244000,30,240000,4900000,4900000
29015164,8582904000,8588324000,8582904000,8587624000,39,0,5420000,4720000
29015165,8586794000,8588124000,8583124000,8583124000,40,3670000,5000000,0
29015166,8583634000,8584844000,8577854000,8579704000,59,5780000,6990000,1850000
29015167,8579184000,8583054000,8576752000,8581784000,42,2432000,6302000,5032000
29015168,8580548000,8583824000,8580320000,8583824000,21,228000,3504000,3504000
29015169,8584144000,8588974000,8584144000,8587274000,57,0,4830000,3130000
29015170,8587564000,8588024000,8578984000,8578984000,62,8580000,9040000,0
29015171,8578402000,8578402000,8573714000,8573974000,56,4688000,4688000,260000
29015172,8574584000,8575014000,8573614000,8573614000,22,970000,1400000,0
29015173,8573634000,8574134000,8573614000,8574094000,12,20000,520000,480000
29015174,8573604000,8578974000,8573604000,8578974000,27,0,5370000,5370000
29015176,8581484000,8584554000,8578984000,8579464000,55,2500000,5570000,480000
29015177,8578536000,8578536000,8574714000,8575744000,36,3822000,3822000,1030000
29015178,8575184000,8577494000,8575172000,8577194000,33,12000,2322000,2022000
29015179,8579204000,8580054000,8576014000,8578874000,33,3190000,4040000,2860000
29015180,8579844000,8583584000,8579844000,8582194000,32,0,3740000,2350000
29015181,8581136000,8582454000,8577974000,8577974000,34,3162000,4480000,0
29015182,8577394000,8577394000,8574294000,8576424000,28,3100000,3100000,2130000
29015183,8577434000,8577434000,8572184000,8573814000,49,5250000,5250000,1630000
29015184,8575184000,8576614000,8573824000,8575184000,20,1360000,2790000,1360000
29015185,8574474000,8577774000,8573984000,8577774000,38,490000,3790000,3790000
29015186,8579624000,8579624000,8575128000,8575144000,46,4496000,4496000,16000
29015187,8577484000,8578974000,8577484000,8578974000,6,0,1490000,1490000
29015188,8578824000,8578824000,8576865000,8577004000,15,1959000,1959000,139000
29015189,8577424000,8577424000,8575984000,8575984000,10,1440000,1440000,0
29015190,8576274000,8581554000,8575990000,8581554000,38,284000,5564000,5564000
29015191,8581564000,8583474000,8579034000,8582794000,64,2530000,4440000,3760000
29015192,8585284000,8591974000,8582724000,8582794000,95,2560000,9250000,70000
29015193,8582484000,8585994000,8577954000,8584873000,50,4530000,8040000,6919000
29015194,8584025000,8588574000,8583434000,8584884000,83,591000,5140000,1450000
29015195,8586574000,8588734000,8583594000,8583594000,72,2980000,5140000,0
29015196,8582475000,8583764000,8581484000,8582344000,27,991000,2280000,860000
29015197,8583204000,8583204000,8579234000,8579234000,47,3970000,3970000,0
29015198,8579224000,8580974000,8578349000,8580974000,34,875000,2625000,2625000
29015199,8580303000,8585964000,8579174000,8585964000,45,1129000,6790000,6790000
29015200,8583594000,8583594000,8580974000,8581924000,32,2620000,2620000,950000
29015201,8580344000,8580344000,8576074000,8577664000,44,4270000,4270000,1590000
29015202,8577141000,8579074000,8576514000,8577664000,38,627000,2560000,1150000
29015203,8577974000,8581704000,8577974000,8581704000,13,0,3730000,3730000
29015204,8581104000,8581924000,8580084000,8581804000,27,1020000,1840000,1720000
29015205,8581045000,8586794000,8580490000,8585184000,45,555000,6304000,4694000
29015206,8584925000,8584932000,8580524000,8581924000,43,4401000,4408000,1400000
29015207,8581514000,8584394000,8580994000,8580994000,35,520000,3400000,0
29015208,8581354000,8583914000,8581354000,8583914000,25,0,2560000,2560000
29015209,8583504000,8587374000,8582984000,8585174000,35,520000,4390000,2190000
29015210,8585914000,8587384000,8583012000,8587384000,52,2902000,4372000,4372000
29015211,8586524000,8589944000,8586044000,8588024000,30,480000,3900000,1980000
29015212,8587784000,8590974000,8587784000,8590974000,40,0,3190000,3190000
29015213,8591234000,8593974000,8587784000,8588984000,51,3450000,6190000,1200000
29015214,8589554000,8590534000,8586984000,8587534000,38,2570000,3550000,550000
29015215,8587004000,8589434000,8584484000,8587568000,49,2520000,4950000,3084000
29015216,8587595000,8592814000,8586987000,8591594000,48,608000,5827000,4607000
29015217,8591234000,8591974000,8590814000,8591974000,10,420000,1160000,1160000
29015218,8591234000,8593974000,8590814000,8593974000,16,420000,3160000,3160000
29015219,8593462000,8594734000,8592184000,8593974000,24,1278000,2550000,1790000
29015220,8593333000,8593974000,8591674000,8591674000,26,1659000,2300000,0
29015221,8591514000,8591514000,8588984000,8589164000,20,2530000,2530000,180000
29015222,8589184000,8593034000,8589174000,8593034000,27,10000,3860000,3860000
29015223,8593304000,8594964000,8592774000,8594214000,22,530000,2190000,1440000
29015224,8593834000,8593834000,8589724000,8589734000,33,4110000,4110000,10000
29015225,8590364000,8591604000,8590364000,8591304000,8,0,1240000,940000
29015226,8591604000,8594204000,8591604000,8594204000,20,0,2600000,2600000
29015227,8594624000,8595984000,8592984000,8595515000,34,1640000,3000000,2531000
29015228,8595470000,8597324000,8595034000,8595934000,49,436000,2290000,900000
29015229,8595464000,8595464000,8594144000,8594144000,12,1320000,1320000,0
29015230,8595024000,8598714000,8595024000,8598714000,22,0,3690000,3690000
29015231,8598364000,8598364000,8596604000,8597094000,32,1760000,1760000,490000
29015232,8596484000,8598294000,8595964000,8597264000,17,520000,2330000,1300000
29015233,8598074000,8600914000,8598074000,8600584000,27,0,2840000,2510000
29015234,8601074000,8601604000,8597274000,8597984000,21,3800000,4330000,710000
29015235,8598094000,8598314000,8589824000,8590774000,48,8270000,8490000,950000
29015236,8590804000,8596704000,8590804000,8594354000,39,0,5900000,3550000
29015237,8594204000,8594204000,8591475000,8592854000,30,2729000,2729000,1379000
29015238,8593794000,8595464000,8593054000,8595464000,42,740000,2410000,2410000
29015239,8596054000,8601474000,8593524000,8593524000,49,2530000,7950000,0
29015240,8593574000,8593574000,8589824000,8590544000,41,3750000,3750000,720000
29015241,8590974000,8594914000,8589714000,8594914000,44,1260000,5200000,5200000
29015242,8594094000,8594914000,8593664000,8594614000,16,430000,1250000,950000
29015243,8594984000,8596214000,8594204000,8595904000,27,780000,2010000,1700000
29015244,8595324000,8596364000,8591539000,8595832000,38,3785000,4825000,4293000
29015245,8595824000,8596004000,8593984000,8593984000,25,1840000,2020000,0
29015246,8593134000,8593574000,8589804000,8589804000,21,3330000,3770000,0
29015247,8590564000,8596004000,8590564000,8593404000,33,0,5440000,2840000
29015248,8593804000,8595694000,8593804000,8595694000,12,0,1890000,1890000
29015249,8596474000,8605274000,8594544000,8602984000,57,1930000,10730000,8440000
29015250,8601864000,8612874000,8599544000,8608984000,48,2320000,13330000,9440000
29015251,8612974000,8613384000,8606954000,8606954000,46,6020000,6430000,0
29015252,8606144000,8610234000,8605124000,8609664000,37,1020000,5110000,4540000
29015253,8609284000,8612474000,8609284000,8611104000,50,0,3190000,1820000
29015254,8611974000,8616534000,8610034000,8616014000,41,1940000,6500000,5980000
29015255,8615224000,8615224000,8611154000,8611964000,44,4070000,4070000,810000
29015256,8611154000,8611154000,8604564000,8608584000,61,6590000,6590000,4020000
29015257,8608124000,8608974000,8605694000,8608124000,35,2430000,3280000,2430000
29015258,8607585000,8608114000,8605984000,8607404000,41,1601000,2130000,1420000
29015259,8606914000,8608114000,8605494000,8606674000,36,1420000,2620000,1180000
29015260,8606144000,8611964000,8605834000,8610086000,35,310000,6130000,4252000
29015261,8610090000,8610090000,8607214000,8608374000,26,2876000,2876000,1160000
29015262,8608284000,8610974000,8608284000,8610974000,14,0,2690000,2690000
29015263,8610234000,8610234000,8607754000,8607754000,18,2480000,2480000,0
29015264,8608614000,8608614000,8608614000,8608614000,2,0,0,0
29015265,8609984000,8611974000,8608384000,8609034000,19,1600000,3590000,650000
29015266,8608384000,8609484000,8605054000,8605054000,34,3330000,4430000,0
29015267,8605304000,8605304000,8600014000,8600014000,33,5290000,5290000,0
29015268,8599946000,8603514000,8599104000,8603514000,55,842000,4410000,4410000
29015269,8603974000,8603974000,8600604000,8602974000,57,3370000,3370000,2370000
29015270,8602284000,8606294000,8602284000,8605164000,37,0,4010000,2880000
29015271,8604954000,8606334000,8603984000,8603984000,21,970000,2350000,0
29015272,8602524000,8603984000,8602294000,8602294000,24,230000,1690000,0
29015273,8601984000,8603974000,8601044000,8601134000,35,940000,2930000,90000
29015274,8601924000,8603624000,8601924000,8603624000,9,0,1700000,1700000
29015275,8602972000,8602984000,8600354000,8600354000,16,2618000,2630000,0
29015276,8602504000,8602974000,8602084000,8602974000,8,420000,890000,890000
29015277,8603624000,8606334000,8603624000,8606334000,10,0,2710000,2710000
29015278,8606664000,8606664000,8606334000,8606334000,5,330000,330000,0
29015279,8606334000,8607914000,8603684000,8603684000,21,2650000,4230000,0
29015280,8604074000,8604544000,8602744000,8603204000,24,1330000,1800000,460000
29015281,8602295000,8602295000,8599814000,8599814000,12,2481000,2481000,0
29015282,8599444000,8599814000,8595559000,8595954000,20,3885000,4255000,395000
29015283,8595564000,8595564000,8591644000,8593494000,32,3920000,3920000,1850000
29015284,8593001000,8593001000,8588984000,8588984000,32,4017000,4017000,0
29015285,8588153000,8592954000,8586584000,8590974000,59,1569000,6370000,4390000
29015286,8591344000,8591624000,8589284000,8589284000,24,2060000,2340000,0
29015287,8590054000,8592054000,8588904000,8588974000,35,1150000,3150000,70000
29015288,8589254000,8591484000,8588544000,8588544000,20,710000,2940000,0
29015289,8588524000,8588524000,8587114000,8588274000,10,1410000,1410000,1160000
29015290,8588964000,8589724000,8588264000,8588264000,8,700000,1460000,0
29015291,8587044000,8587044000,8578004000,8580704000,59,9040000,9040000,2700000
29015292,8581214000,8581674000,8575394000,8576424000,43,5820000,6280000,1030000
29015293,8576312000,8577974000,8575264000,8577974000,39,1048000,2710000,2710000
29015294,8578174000,8578594000,8575264000,8575264000,24,2910000,3330000,0
29015295,8574644000,8574644000,8569804000,8571534000,72,4840000,4840000,1730000
29015296,8571774000,8572644000,8570784000,8570984000,44,990000,1860000,200000
29015297,8570974000,8571904000,8567904000,8567904000,34,3070000,4000000,0
29015298,8568254000,8577444000,8568254000,8577444000,43,0,9190000,9190000
29015299,8576714000,8577884000,8572424000,8572424000,26,4290000,5460000,0
29015300,8574024000,8578974000,8573614000,8578974000,37,410000,5360000,5360000
29015301,8578114000,8582114000,8578114000,8581694000,46,0,4000000,3580000
29015302,8580834000,8582634000,8580354000,8580494000,41,480000,2280000,140000
29015303,8579899000,8579899000,8575694000,8576694000,37,4205000,4205000,1000000
29015304,8577264000,8580874000,8577264000,8580874000,14,0,3610000,3610000
29015305,8581694000,8582784000,8581694000,8582714000,12,0,1090000,1020000
29015306,8581890000,8584684000,8580984000,8584684000,40,906000,3700000,3700000
29015307,8585504000,8586464000,8584684000,8585104000,28,820000,1780000,420000
29015308,8585084000,8585084000,8580984000,8582634000,31,4100000,4100000,1650000
29015309,8581691000,8581691000,8575214000,8576374000,55,6477000,6477000,1160000
29015310,8575284000,8578764000,8575284000,8578764000,38,0,3480000,3480000
29015311,8578974000,8581604000,8578974000,8578984000,14,0,2630000,10000
29015312,8579354000,8580034000,8577934000,8578814000,25,1420000,2100000,880000
29015313,8577784000,8581694000,8577784000,8581694000,20,0,3910000,3910000
29015314,8581954000,8581954000,8578984000,8581324000,42,2970000,2970000,2340000
29015315,8581954000,8582264000,8580374000,8581984000,22,1580000,1890000,1610000
29015316,8580494000,8580494000,8575334000,8577124000,32,5160000,5160000,1790000
29015317,8576604000,8578764000,8575174000,8578174000,29,1430000,3590000,3000000
29015318,8578524000,8579624000,8575624000,8577884000,36,2900000,4000000,2260000
29015319,8578714000,8578714000,8576038000,8577124000,28,2676000,2676000,1086000
29015320,8577644000,8577644000,8577644000,8577644000,2,0,0,0
29015321,8579724000,8580264000,8577834000,8577834000,14,1890000,2430000,0
29015322,8577644000,8578234000,8576194000,8577384000,23,1450000,2040000,1190000
29015323,8576944000,8577394000,8576194000,8576194000,14,750000,1200000,0
29015324,8575024000,8580474000,8575024000,8580474000,26,0,5450000,5450000
29015325,8579654000,8579654000,8574774000,8575764000,33,4880000,4880000,990000
29015326,8575974000,8578144000,8575764000,8576984000,39,210000,2380000,1220000
29015327,8576284000,8583514000,8576204000,8583514000,26,80000,7310000,7310000
29015328,8583974000,8587774000,8583974000,8585374000,48,0,3800000,1400000
29015329,8585058000,8590154000,8584464000,8590154000,49,594000,5690000,5690000
29015330,8590174000,8592054000,8588944000,8588984000,49,1230000,3110000,40000
29015331,8588274000,8590874000,8583334000,8589235000,59,4940000,7540000,5901000
29015332,8589236000,8593374000,8588264000,8593374000,64,972000,5110000,5110000
29015333,8592504000,8595974000,8592491000,8595974000,27,13000,3483000,3483000
29015334,8595192000,8595554000,8594254000,8594484000,33,938000,1300000,230000
29015335,8593544000,8594424000,8590404000,8590404000,23,3140000,4020000,0
29015336,8590504000,8591874000,8588924000,8590194000,27,1580000,2950000,1270000
29015337,8591014000,8592464000,8590994000,8591814000,28,20000,1470000,820000
29015338,8592724000,8593294000,8590868000,8591974000,32,1856000,2426000,1106000
29015339,8592454000,8593294000,8591338000,8593294000,27,1116000,1956000,1956000
29015340,8593774000,8593774000,8591584000,8592784000,21,2190000,2190000,1200000
29015341,8592279000,8592280000,8583844000,8583844000,39,8435000,8436000,0
29015342,8584624000,8586374000,8583844000,8586374000,40,780000,2530000,2530000
29015343,8587934000,8588974000,8586264000,8586264000,26,1670000,2710000,0
29015344,8585804000,8590364000,8584984000,8589504000,46,820000,5380000,4520000
29015345,8589374000,8591334000,8584802000,8584804000,37,4572000,6532000,2000
29015346,8585274000,8586594000,8584484000,8585864000,41,790000,2110000,1380000
29015347,8586724000,8588974000,8586724000,8587904000,20,0,2250000,1180000
29015348,8587184000,8588424000,8586919000,8588424000,17,265000,1505000,1505000
29015349,8587184000,8587514000,8585214000,8585214000,21,1970000,2300000,0
29015350,8584634000,8584634000,8582554000,8582554000,17,2080000,2080000,0
29015351,8583544000,8585474000,8583544000,8585474000,11,0,1930000,1930000
29015352,8585306000,8586504000,8581824000,8582534000,31,3482000,4680000,710000
29015353,8582344000,8584314000,8581824000,8584314000,30,520000,2490000,2490000
29015354,8584944000,8588304000,8584944000,8585864000,28,0,3360000,920000
29015355,8585484000,8585484000,8575064000,8578723000,82,10420000,10420000,3659000
29015356,8578384000,8578384000,8574124000,8574974000,48,4260000,4260000,850000
29015357,8574784000,8578964000,8573484000,8576794000,37,1300000,5480000,3310000
29015358,8577244000,8577724000,8569164000,8570134000,64,8080000,8560000,970000
29015359,8570124000,8570134000,8561804000,8564824000,66,8320000,8330000,3020000
29015360,8564754000,8564754000,8555524000,8559134000,102,9230000,9230000,3610000
29015361,8559604000,8565014000,8558560000,8558584000,85,1044000,6454000,24000
29015362,8558554000,8563974000,8557463000,8561674000,59,1091000,6511000,4211000
29015363,8562614000,8568484000,8562614000,8568444000,63,0,5870000,5830000
29015364,8568974000,8569564000,8563014000,8566724000,58,5960000,6550000,3710000
29015365,8566724000,8572754000,8566724000,8572394000,38,0,6030000,5670000
29015366,8571974000,8571974000,8565044000,8566994000,57,6930000,6930000,1950000
29015367,8567974000,8569984000,8564990000,8564990000,66,2984000,4994000,0
29015368,8565024000,8565024000,8559994000,8561674000,36,5030000,5030000,1680000
29015369,8562224000,8565474000,8562224000,8565474000,19,0,3250000,3250000
29015370,8565014000,8565014000,8551564000,8557494000,86,13450000,13450000,5930000
29015371,8556904000,8559154000,8553264000,8553944000,86,3640000,5890000,680000
29015372,8554694000,8558474000,8552524000,8558474000,68,2170000,5950000,5950000
29015373,8558544000,8558544000,8553984000,8554954000,40,4560000,4560000,970000
29015374,8553294000,8553294000,8548984000,8550484000,58,4310000,4310000,1500000
29015375,8550984000,8554694000,8550564000,8553984000,32,420000,4130000,3420000
29015376,8554284000,8555974000,8551064000,8555974000,52,3220000,4910000,4910000
29015377,8556404000,8560724000,8555584000,8560144000,47,820000,5140000,4560000
29015378,8559974000,8560684000,8558014000,8558014000,35,1960000,2670000,0
29015379,8558794000,8558794000,8552584000,8557694000,49,6210000,6210000,5110000
29015380,8556844000,8565474000,8556844000,8565404000,59,0,8630000,8560000
29015381,8564654000,8567014000,8560984000,8566454000,64,3670000,6030000,5470000
29015382,8566514000,8570824000,8565774000,8568944000,61,740000,5050000,3170000
29015383,8568174000,8568174000,8562414000,8562414000,21,5760000,5760000,0
29015384,8561984000,8564974000,8560984000,8561994000,48,1000000,3990000,1010000
29015385,8562484000,8562854000,8557814000,8557814000,29,4670000,5040000,0
29015386,8557084000,8561874000,8554704000,8560904000,55,2380000,7170000,6200000
29015387,8560334000,8563874000,8559664000,8560414000,42,670000,4210000,750000
29015388,8561894000,8563224000,8560424000,8561254000,32,1470000,2800000,830000
29015389,8560244000,8560244000,8552824000,8554984000,55,7420000,7420000,2160000
29015390,8554274000,8554274000,8542824000,8549104000,92,11450000,11450000,6280000
29015391,8549794000,8557324000,8549794000,8553374000,50,0,7530000,3580000
29015392,8553614000,8557774000,8551984000,8557774000,48,1630000,5790000,5790000
29015393,8557774000,8562204000,8557354000,8559444000,54,420000,4850000,2090000
29015394,8558484000,8558484000,8554244000,8557364000,26,4240000,4240000,3120000
29015395,8558224000,8558224000,8555514000,8557724000,25,2710000,2710000,2210000
29015396,8556974000,8556974000,8555224000,8556974000,28,1750000,1750000,1750000
29015397,8557594000,8561454000,8557594000,8560714000,24,0,3860000,3120000
29015398,8561454000,8562974000,8561454000,8561984000,24,0,1520000,530000
29015399,8562434000,8566894000,8561994000,8566724000,33,440000,4900000,4730000
29015400,8566244000,8570274000,8563444000,8570274000,46,2800000,6830000,6830000
29015401,8569924000,8574854000,8569924000,8574854000,35,0,4930000,4930000
29015402,8574284000,8574434000,8570994000,8574434000,68,3290000,3440000,3440000
29015403,8574854000,8577474000,8570984000,8577474000,67,3870000,6490000,6490000
29015404,8578874000,8586124000,8577764000,8583804000,74,1110000,8360000,6040000
29015405,8582034000,8583984000,8573294000,8573544000,57,8740000,10690000,250000
29015406,8573054000,8573054000,8569676000,8569684000,34,3378000,3378000,8000
29015407,8570154000,8570264000,8555624000,8560874000,83,14530000,14640000,5250000
29015408,8560474000,8561154000,8553034000,8553044000,99,7440000,8120000,10000
29015409,8553824000,8557764000,8553034000,8556664000,63,790000,4730000,3630000
29015410,8558234000,8561194000,8556284000,8558174000,48,1950000,4910000,1890000
29015411,8558674000,8559864000,8551284000,8552054000,53,7390000,8580000,770000
29015412,8552704000,8558534000,8552704000,8558534000,43,0,5830000,5830000
29015413,8556344000,8557434000,8548264000,8554174000,79,8080000,9170000,5910000
29015414,8555584000,8555584000,8546984000,8552934000,50,8600000,8600000,5950000
29015415,8551634000,8553834000,8536781000,8541114000,108,14853000,17053000,4333000
29015416,8541204000,8541204000,8527934000,8529974000,151,13270000,13270000,2040000
29015417,8529494000,8534274000,8520313000,8520484000,113,9181000,13961000,171000
29015418,8521484000,8531514000,8508984000,8508984000,151,12500000,22530000,0
29015419,8508696000,8518524000,8502114000,8514484000,165,6582000,16410000,12370000
29015420,8513459000,8522684000,8508994000,8516444000,95,4465000,13690000,7450000
29015421,8516544000,8522754000,8515374000,8522574000,110,1170000,7380000,7200000
29015422,8520309000,8529474000,8517414000,8527164000,90,2895000,12060000,9750000
29015423,8525684000,8533604000,8523984000,8533604000,102,1700000,9620000,9620000
29015424,8532974000,8537214000,8523424000,8537214000,90,9550000,13790000,13790000
29015425,8537334000,8543214000,8534024000,8537104000,122,3310000,9190000,3080000
29015426,8536344000,8543124000,8533574000,8540164000,91,2770000,9550000,6590000
29015427,8540164000,8543874000,8538984000,8542674000,76,1180000,4890000,3690000
29015428,8543374000,8543374000,8536744000,8539534000,55,6630000,6630000,2790000
29015429,8539514000,8539514000,8535094000,8536984000,45,4420000,4420000,1890000
29015430,8537884000,8538974000,8535354000,8537204000,32,2530000,3620000,1850000
29015431,8537314000,8549484000,8537314000,8543484000,75,0,12170000,6170000
29015432,8542894000,8551294000,8536370000,8550104000,102,6524000,14924000,13734000
29015433,8549964000,8558494000,8544314000,8556444000,115,5650000,14180000,12130000
29015434,8553484000,8556474000,8546984000,8549034000,78,6500000,9490000,2050000
29015435,8548824000,8550594000,8545694000,8547884000,55,3130000,4900000,2190000
29015436,8548444000,8550144000,8543204000,8545684000,64,5240000,6940000,2480000
29015437,8546034000,8546994000,8538234000,8538234000,68,7800000,8760000,0
29015438,8537444000,8537444000,8527084000,8527794000,105,10360000,10360000,710000
29015439,8528464000,8529984000,8510584000,8512964000,127,17880000,19400000,2380000
29015440,8514774000,8521514000,8507714000,8514484000,112,7060000,13800000,6770000
29015441,8513984000,8515854000,8507664000,8511664000,90,6320000,8190000,4000000
29015442,8511984000,8521564000,8510874000,8519424000,88,1110000,10690000,8550000
29015443,8518754000,8526994000,8518754000,8520704000,83,0,8240000,1950000
29015444,8521494000,8526214000,8521494000,8524814000,68,0,4720000,3320000
29015445,8524274000,8524274000,8516264000,8519984000,84,8010000,8010000,3720000
29015446,8520394000,8522714000,8501594000,8505304000,120,18800000,21120000,3710000
29015447,8505964000,8511224000,8505314000,8509404000,95,650000,5910000,4090000
29015448,8510514000,8510514000,8503884000,8506484000,63,6630000,6630000,2600000
29015449,8505804000,8511554000,8500484000,8511554000,95,5320000,11070000,11070000
29015450,8512154000,8525574000,8510284000,8517824000,100,1870000,15290000,7540000
29015451,8519844000,8523454000,8515024000,8516084000,109,4820000,8430000,1060000
29015452,8515034000,8520974000,8515034000,8519354000,73,0,5940000,4320000
29015453,8523274000,8528324000,8520284000,8522424000,76,2990000,8040000,2140000
29015454,8521424000,8526694000,8519084000,8519084000,59,2340000,7610000,0
29015455,8519934000,8520574000,8514834000,8518494000,43,5100000,5740000,3660000
29015456,8517784000,8517784000,8509084000,8509674000,69,8700000,8700000,590000
29015457,8510834000,8510834000,8505594000,8507014000,66,5240000,5240000,1420000
29015458,8507234000,8508424000,8503864000,8505134000,66,3370000,4560000,1270000
29015459,8504364000,8507474000,8504364000,8506614000,42,0,3110000,2250000
29015460,8507434000,8518424000,8504364000,8515754000,79,3070000,14060000,11390000
29015461,8515244000,8515244000,8502984000,8505174000,94,12260000,12260000,2190000
29015462,8505914000,8512964000,8501984000,8512284000,104,3930000,10980000,10300000
29015463,8512594000,8512594000,8504754000,8506324000,72,7840000,7840000,1570000
29015464,8508384000,8515774000,8506324000,8515774000,47,2060000,9450000,9450000
29015465,8514924000,8518974000,8514924000,8517104000,53,0,4050000,2180000
29015466,8515534000,8527374000,8511960000,8527374000,87,3574000,15414000,15414000
29015467,8527384000,8529574000,8520574000,8522574000,79,6810000,9000000,2000000
29015468,8521974000,8526794000,8521604000,8522484000,41,370000,5190000,880000
29015469,8523014000,8523664000,8517344000,8520334000,45,5670000,6320000,2990000
29015470,8519434000,8522734000,8517944000,8518984000,41,1490000,4790000,1040000
29015471,8517882000,8517882000,8511784000,8514764000,86,6098000,6098000,2980000
29015472,8513046000,8518674000,8510974000,8517764000,57,2072000,7700000,6790000
29015473,8517344000,8521114000,8516244000,8517254000,44,1100000,4870000,1010000
29015474,8516598000,8519444000,8513194000,8514254000,40,3404000,6250000,1060000
29015475,8514474000,8515974000,8511814000,8515524000,55,2660000,4160000,3710000
29015476,8517234000,8523974000,8517234000,8522444000,64,0,6740000,5210000
29015477,8522380000,8524654000,8518254000,8522704000,63,4126000,6400000,4450000
29015478,8520984000,8521824000,8515584000,8520714000,71,5400000,6240000,5130000
29015479,8519454000,8520484000,8510984000,8510984000,42,8470000,9500000,0
29015480,8510084000,8517084000,8510084000,8516904000,70,0,7000000,6820000
29015481,8516244000,8520634000,8516244000,8516254000,66,0,4390000,10000
29015482,8514984000,8517984000,8513984000,8514404000,42,1000000,4000000,420000
29015483,8515164000,8515164000,8510274000,8511004000,40,4890000,4890000,730000
29015484,8512304000,8533974000,8511004000,8532114000,122,1300000,22970000,21110000
29015485,8532144000,8584964000,8529335000,8582744000,179,2809000,55629000,53409000
29015486,8581534000,8613384000,8581534000,8599824000,225,0,31850000,18290000
29015487,8598894000,8638294000,8594984000,8628314000,204,3910000,43310000,33330000
29015488,8628174000,8722416000,8625224000,8709852000,229,2950000,97192000,84628000
29015489,8711454000,8711454000,8631184000,8637154000,235,80270000,80270000,5970000
29015490,8635314000,8679884000,8629298000,8668344000,218,6016000,50586000,39046000
29015491,8668624000,8718533000,8655398000,8702124000,211,13226000,63135000,46726000
29015492,8702764000,8718964000,8699003000,8713994000,222,3761000,19961000,14991000
29015493,8713494000,8717594000,8686473000,8716964000,221,27021000,31121000,30491000
29015494,8717474000,8742374000,8709974000,8742374000,190,7500000,32400000,32400000
29015495,8742554000,8767624000,8721564000,8767624000,225,20990000,46060000,46060000
29015496,8767444000,8767664000,8739084000,8767664000,201,28360000,28580000,28580000
29015497,8766754000,8808444000,8763574000,8808444000,216,3180000,44870000,44870000
29015498,8808974000,8862204000,8804534000,8822444000,234,4440000,57670000,17910000
29015499,8820054000,8845894000,8802574000,8802574000,236,17480000,43320000,0
29015500,8802814000,8823674000,8784964000,8811398000,229,17850000,38710000,26434000
29015501,8809794000,8861054000,8809794000,8852994000,222,0,51260000,43200000
29015502,8855474000,8856974000,8822294000,8828484000,220,33180000,34680000,6190000
29015503,8829334000,8829334000,8800174000,8812204000,226,29160000,29160000,12030000
29015504,8811734000,8827864000,8794404000,8798854000,214,17330000,33460000,4450000
29015505,8798854000,8817659000,8760584000,8776374000,226,38270000,57075000,15790000
29015506,8776824000,8788804000,8750804000,8757484000,222,26020000,38000000,6680000
29015507,8756724000,8768974000,8734974000,8745184000,217,21750000,34000000,10210000
29015508,8744784000,8768124000,8735603000,8737734000,226,9181000,32521000,2131000
29015509,8736874000,8738274000,8694124000,8695214000,202,42750000,44150000,1090000
29015510,8696094000,8710034000,8681574000,8695474000,221,14520000,28460000,13900000
29015511,8694900000,8727591000,8694724000,8726994000,222,176000,32867000,32270000
29015512,8727824000,8744374000,8709314000,8719664000,229,18510000,35060000,10350000
29015513,8716174000,8741584000,8716174000,8741584000,198,0,25410000,25410000
29015514,8741834000,8755804000,8738474000,8751904000,181,3360000,17330000,13430000
29015515,8752344000,8753864000,8729984000,8731884000,167,22360000,23880000,1900000
29015516,8731824000,8749964000,8721974000,8735984000,183,9850000,27990000,14010000
29015517,8736824000,8755164000,8736024000,8744434000,192,800000,19140000,8410000
29015518,8743994000,8753664000,8737284000,8750994000,175,6710000,16380000,13710000
29015519,8752164000,8752164000,8727794000,8735604000,167,24370000,24370000,7810000
29015520,8736574000,8764974000,8736574000,8764974000,171,0,28400000,28400000
29015521,8767854000,8773424000,8757974000,8771234000,201,9880000,15450000,13260000
29015522,8770564000,8772184000,8748284000,8761724000,181,22280000,23900000,13440000
29015523,8762094000,8799964000,8762094000,8784714000,204,0,37870000,22620000
29015524,8784704000,8786254000,8765644000,8771054000,187,19060000,20610000,5410000
29015525,8772134000,8773344000,8724904000,8745284000,219,47230000,48440000,20380000
29015526,8745264000,8764574000,8737874000,8762464000,199,7390000,26700000,24590000
29015527,8762204000,8784284000,8762204000,8781974000,198,0,22080000,19770000
29015528,8781604000,8785154000,8757848000,8764974000,194,23756000,27306000,7126000
29015529,8766304000,8782864000,8753994000,8780364000,196,12310000,28870000,26370000
29015530,8780844000,8794164000,8771963000,8780534000,207,8881000,22201000,8571000
29015531,8780534000,8797634000,8775994000,8788814000,194,4540000,21640000,12820000
29015532,8788964000,8798974000,8784704000,8798484000,179,4260000,14270000,13780000
29015533,8798174000,8810634000,8793874000,8799364000,192,4300000,16760000,5490000
29015534,8800964000,8811784000,8789624000,8811094000,188,11340000,22160000,21470000
29015535,8809564000,8836274000,8809564000,8836274000,195,0,26710000,26710000
29015536,8836974000,8876974000,8836974000,8876964000,211,0,40000000,39990000
29015537,8876172000,8897858000,8868024000,8887024000,207,8148000,29834000,19000000
29015538,8887374000,8948858000,8887374000,8917584000,218,0,61484000,30210000
29015539,8917464000,8932374000,8884454000,8932374000,218,33010000,47920000,47920000
29015540,8931154000,8945664000,8903624000,8903624000,231,27530000,42040000,0
29015541,8903284000,8929191000,8901474000,8910794000,229,1810000,27717000,9320000
29015542,8913734000,8913734000,8888984000,8889894000,204,24750000,24750000,910000
29015543,8889504000,8900984000,8878174000,8882424000,200,11330000,22810000,4250000
29015544,8880754000,8900154000,8871184000,8894064000,208,9570000,28970000,22880000
29015545,8892704000,8918132000,8876064000,8912734000,194,16640000,42068000,36670000
29015546,8912154000,8912224000,8878184000,8884064000,187,33970000,34040000,5880000
29015547,8884464000,8892494000,8875584000,8884754000,186,8880000,16910000,9170000
29015548,8886704000,8901764000,8877394000,8897974000,178,9310000,24370000,20580000
29015549,8896964000,8909824000,8890984000,8892804000,168,5980000,18840000,1820000
29015550,8891774000,8906074000,8881684000,8897894000,183,10090000,24390000,16210000
29015551,8898324000,8932743000,8898324000,8929474000,210,0,34419000,31150000
29015552,8928395000,8966604000,8928395000,8944674000,210,0,38209000,16279000
29015553,8942644000,8942644000,8925856000,8939544000,184,16788000,16788000,13688000
29015554,8938526000,8976334000,8936684000,8957771000,198,1842000,39650000,21087000
29015555,8957724000,9020574000,8950795000,9004994000,233,6929000,69779000,54199000
29015556,9011384000,9041104000,8982754000,9023274000,235,28630000,58350000,40520000
29015557,9022736000,9022736000,8990807000,9010084000,228,31929000,31929000,19277000
29015558,9009094000,9068204000,9002714000,9068204000,221,6380000,65490000,65490000
29015559,9069324000,9167832000,9059373000,9160295000,223,9951000,108459000,100922000
29015560,9160574000,9160574000,9048984000,9068924000,227,111590000,111590000,19940000
29015561,9068924000,9070084000,9026131000,9061164000,235,42793000,43953000,35033000
29015562,9062844000,9120664000,9062384000,9109394000,238,460000,58280000,47010000
29015563,9109494000,9176488000,9103204000,9157507000,232,6290000,73284000,54303000
29015564,9156244000,9164474000,9117696000,9149374000,229,38548000,46778000,31678000
29015565,9153974000,9153974000,9101784000,9129074000,225,52190000,52190000,27290000
29015566,9128324000,9150795000,9085599000,9096860000,227,42725000,65196000,11261000
29015567,9098614000,9110844000,9063546000,9107904000,234,35068000,47298000,44358000
29015568,9109724000,9133974000,9109724000,9123604000,230,0,24250000,13880000
29015569,9122234000,9141244000,9103304000,9104884000,218,18930000,37940000,1580000
29015570,9105674000,9122824000,9087718000,9121568000,228,17956000,35106000,33850000
29015571,9121564000,9142924000,9117935000,9141344000,209,3629000,24989000,23409000
29015572,9144604000,9158044000,9130396000,9150144000,213,14208000,27648000,19748000
29015573,9149594000,9161624000,9141594000,9154514000,225,8000000,20030000,12920000
29015574,9153506000,9192354000,9151544000,9168444000,218,1962000,40810000,16900000
29015575,9170364000,9172434000,9140984000,9162164000,204,29380000,31450000,21180000
29015576,9155556000,9155556000,9138984000,9140114000,207,16572000,16572000,1130000
29015577,9139204000,9147985000,9132592000,9142234000,162,6612000,15393000,9642000
29015578,9144474000,9145634000,9123174000,9123174000,177,21300000,22460000,0
29015579,9119344000,9128334000,9109964000,9114974000,175,9380000,18370000,5010000
29015580,9113965000,9147264000,9113965000,9145984000,171,0,33299000,32019000
29015581,9146624000,9148974000,9116554000,9128234000,199,30070000,32420000,11680000
29015582,9128674000,9128674000,9092534000,9099974000,217,36140000,36140000,7440000
29015583,9101574000,9103314000,9062453000,9066284000,224,39121000,40861000,3831000
29015584,9063984000,9102664000,9059367000,9083474000,207,4617000,43297000,24107000
29015585,9084924000,9114244000,9081484000,9112414000,207,3440000,32760000,30930000
29015586,9108054000,9147644000,9103070000,9145704000,189,4984000,44574000,42634000
29015587,9145244000,9162164000,9125524000,9125524000,209,19720000,36640000,0
29015588,9127614000,9150804000,9117754000,9149094000,188,9860000,33050000,31340000
29015589,9148294000,9154984000,9138327000,9142574000,197,9967000,16657000,4247000
29015590,9143230000,9158504000,9140706000,9153474000,191,2524000,17798000,12768000
29015591,9154925000,9160974000,9145792000,9148634000,184,9133000,15182000,2842000
29015592,9148724000,9172645000,9148724000,9172214000,172,0,23921000,23490000
29015593,9172834000,9183917000,9155834000,9161874000,196,17000000,28083000,6040000
29015594,9165554000,9169234000,9151234000,9157784000,180,14320000,18000000,6550000
29015595,9156874000,9172104000,9156874000,9162824000,177,0,15230000,5950000
29015596,9163724000,9194384000,9160824000,9191756000,185,2900000,33560000,30932000
29015597,9192184000,9217490000,9189054000,9206344000,215,3130000,28436000,17290000
29015598,9205523000,9214414000,9202224000,9202454000,199,3299000,12190000,230000
29015599,9207554000,9244204000,9203808000,9240664000,215,3746000,40396000,36856000
29015600,9238774000,9264464000,9220955000,9251655000,212,17819000,43509000,30700000
29015601,9251044000,9287404000,9244884000,9267794000,228,6160000,42520000,22910000
29015602,9265614000,9277784000,9250024000,9266974000,201,15590000,27760000,16950000
29015603,9265914000,9268704000,9250004000,9268704000,192,15910000,18700000,18700000
29015604,9268384000,9275474000,9253924000,9253974000,179,14460000,21550000,50000
29015605,9253974000,9261244000,9218984000,9220794000,216,34990000,42260000,1810000
29015606,9221484000,9263974000,9219724000,9258784000,197,1760000,44250000,39060000
29015607,9258974000,9258974000,9246694000,9253379000,145,12280000,12280000,6685000
29015608,9254908000,9263974000,9254908000,9257454000,159,0,9066000,2546000
29015609,9256984000,9265614000,9250984000,9264244000,142,6000000,14630000,13260000
29015610,9263770000,9276284000,9263644000,9270604000,120,126000,12640000,6960000
29015611,9273214000,9318787000,9273214000,9302974000,211,0,45573000,29760000
29015612,9307974000,9333864000,9296624000,9311644000,208,11350000,37240000,15020000
29015613,9312164000,9315224000,9282344000,9297644000,202,29820000,32880000,15300000
29015614,9296984000,9308174000,9282974000,9294764000,178,14010000,25200000,11790000
29015615,9294034000,9298874000,9276476000,9283484000,188,17558000,22398000,7008000
29015616,9282681000,9352984000,9282681000,9352984000,190,0,70303000,70303000
29015617,9353194000,9364224000,9334020000,9348984000,226,19174000,30204000,14964000
29015618,9347744000,9371134000,9347744000,9359374000,205,0,23390000,11630000
29015619,9362464000,9383894000,9356194000,9371944000,208,6270000,27700000,15750000
29015620,9371924000,9396738000,9371924000,9391584000,229,0,24814000,19660000
29015621,9392424000,9414474000,9381044000,9412594000,224,11380000,33430000,31550000
29015622,9412114000,9414464000,9399958000,9412874000,202,12156000,14506000,12916000
29015623,9413364000,9424474000,9408974000,9424474000,162,4390000,15500000,15500000
29015624,9423754000,9447974000,9422954000,9447974000,170,800000,25020000,25020000
29015625,9448684000,9457704000,9439914000,9457704000,190,8770000,17790000,17790000
29015626,9458144000,9490974000,9455704000,9484504000,199,2440000,35270000,28800000
29015627,9484504000,9493544000,9429784000,9429784000,218,54720000,63760000,0
29015628,9429784000,9430584000,9377504000,9380484000,232,52280000,53080000,2980000
29015629,9380164000,9408974000,9365584000,9380554000,223,14580000,43390000,14970000
29015630,9381284000,9436324000,9381284000,9406924000,225,0,55040000,25640000
29015631,9404974000,9424764000,9378984000,9385144000,215,25990000,45780000,6160000
29015632,9384018000,9390494000,9365084000,9378974000,218,18934000,25410000,13890000
29015633,9377234000,9378564000,9356994000,9358224000,207,20240000,21570000,1230000
29015634,9357484000,9377234000,9356994000,9369304000,194,490000,20240000,12310000
29015635,9370714000,9372044000,9360994000,9362044000,145,9720000,11050000,1050000
29015636,9361502000,9366274000,9355134000,9358984000,173,6368000,11140000,3850000
29015637,9359204000,9405764000,9359204000,9396574000,184,0,46560000,37370000
29015638,9396764000,9405184000,9384194000,9384194000,161,12570000,20990000,0
29015639,9385194000,9401614000,9383354000,9401614000,146,1840000,18260000,18260000
29015640,9402084000,9433864000,9402084000,9425854000,217,0,31780000,23770000
29015641,9423944000,9428974000,9382044000,9391274000,188,41900000,46930000,9230000
29015642,9393694000,9393694000,9374144000,9374224000,185,19550000,19550000,80000
29015643,9375644000,9393844000,9355234000,9391044000,203,20410000,38610000,35810000
29015644,9390424000,9393224000,9371774000,9375414000,184,18650000,21450000,3640000
29015645,9375228000,9384994000,9372324000,9376424000,168,2904000,12670000,4100000
29015646,9377844000,9387444000,9361824000,9367474000,171,16020000,25620000,5650000
29015647,9368414000,9387974000,9368414000,9374684000,182,0,19560000,6270000
29015648,9375214000,9384554000,9367224000,9371834000,179,7990000,17330000,4610000
29015649,9368984000,9374854000,9362404000,9362984000,150,6580000,12450000,580000
29015650,9363084000,9364114000,9331464000,9337934000,179,31620000,32650000,6470000
29015651,9337854000,9348464000,9335224000,9347124000,168,2630000,13240000,11900000
29015652,9348134000,9366154000,9347774000,9352724000,166,360000,18380000,4950000
29015653,9352974000,9359774000,9341484000,9347334000,195,11490000,18290000,5850000
29015654,9347344000,9347484000,9335984000,9335984000,126,11360000,11500000,0
29015655,9336614000,9341554000,9321974000,9324434000,144,14640000,19580000,2460000
29015656,9324324000,9334574000,9313984000,9314484000,160,10340000,20590000,500000
29015657,9313684000,9336974000,9312874000,9334134000,188,810000,24100000,21260000
29015658,9334824000,9353514000,9333844000,9347174000,187,980000,19670000,13330000
29015659,9347174000,9359634000,9332294000,9340424000,164,14880000,27340000,8130000
29015660,9339722000,9348814000,9338334000,9339334000,160,1388000,10480000,1000000
29015661,9340834000,9381514000,9339334000,9372024000,183,1500000,42180000,32690000
29015662,9371352000,9389934000,9370374000,9376094000,190,978000,19560000,5720000
29015663,9373994000,9378434000,9358209000,9361374000,155,15785000,20225000,3165000
29015664,9361374000,9383004000,9360080000,9377054000,171,1294000,22924000,16974000
29015665,9376224000,9403604000,9372164000,9377974000,189,4060000,31440000,5810000
29015666,9380254000,9389304000,9374804000,9379474000,158,5450000,14500000,4670000
29015667,9380974000,9382274000,9369444000,9371095000,162,11530000,12830000,1651000
29015668,9371116000,9372377000,9351484000,9351484000,134,19632000,20893000,0
29015669,9351284000,9353044000,9343264000,9344444000,101,8020000,9780000,1180000
29015670,9344244000,9346344000,9344244000,9345414000,75,0,2100000,1170000
29015671,9345974000,9346464000,9327554000,9331384000,126,18420000,18910000,3830000
29015672,9330704000,9334334000,9323984000,9328984000,138,6720000,10350000,5000000
29015673,9329724000,9329724000,9315464000,9315624000,137,14260000,14260000,160000
29015674,9317224000,9318174000,9288684000,9291704000,162,28540000,29490000,3020000
29015675,9291714000,9300354000,9269314000,9269314000,184,22400000,31040000,0
29015676,9268245000,9269694000,9240284000,9244224000,210,27961000,29410000,3940000
29015677,9244570000,9258794000,9240494000,9247934000,194,4076000,18300000,7440000
29015678,9249954000,9273694000,9245874000,9260984000,178,4080000,27820000,15110000
29015679,9265124000,9284694000,9258984000,9280714000,174,6140000,25710000,21730000
29015680,9280784000,9289964000,9270974000,9271014000,146,9810000,18990000,40000
29015681,9272984000,9273844000,9250706000,9251064000,147,22278000,23138000,358000
29015682,9250849000,9254974000,9234154000,9240274000,149,16695000,20820000,6120000
29015683,9238974000,9245960000,9229744000,9245960000,146,9230000,16216000,16216000
29015684,9246024000,9266974000,9246024000,9257679000,161,0,20950000,11655000
29015685,9258284000,9259994000,9252864000,9259994000,142,5420000,7130000,7130000
29015686,9259234000,9259784000,9244974000,9253984000,123,14260000,14810000,9010000
29015687,9253984000,9277413000,9253984000,9268924000,138,0,23429000,14940000
29015688,9268934000,9281974000,9268124000,9280584000,136,810000,13850000,12460000
29015689,9279474000,9290894000,9279004000,9290894000,119,470000,11890000,11890000
29015690,9292221000,9292221000,9281664000,9289054000,136,10557000,10557000,7390000
29015691,9290464000,9294774000,9288804000,9293974000,83,1660000,5970000,5170000
29015692,9294154000,9294684000,9288064000,9288064000,66,6090000,6620000,0
29015693,9287484000,9287484000,9254724000,9255984000,136,32760000,32760000,1260000
29015694,9256484000,9260674000,9244554000,9246384000,123,11930000,16120000,1830000
29015695,9247064000,9272544000,9246484000,9270974000,152,580000,26060000,24490000
29015696,9271334000,9277054000,9268884000,9275030000,138,2450000,8170000,6146000
29015697,9275014000,9287644000,9272621000,9287644000,125,2393000,15023000,15023000
29015698,9288038000,9292524000,9278984000,9282604000,131,9054000,13540000,3620000
29015699,9285888000,9289534000,9270965000,9273834000,121,14923000,18569000,2869000
29015700,9274834000,9281604000,9270494000,9274964000,145,4340000,11110000,4470000
29015701,9275203000,9276974000,9265444000,9266734000,141,9759000,11530000,1290000
29015702,9266684000,9274534000,9259234000,9262454000,157,7450000,15300000,3220000
29015703,9262974000,9272274000,9255012000,9271219000,153,7962000,17262000,16207000
29015704,9271674000,9292864000,9271674000,9292864000,141,0,21190000,21190000
29015705,9293084000,9293434000,9282624000,9283284000,138,10460000,10810000,660000
29015706,9281594000,9288374000,9274254000,9288374000,112,7340000,14120000,14120000
29015707,9287824000,9301004000,9284674000,9294674000,119,3150000,16330000,10000000
29015708,9292724000,9297384000,9276456000,9283024000,127,16268000,20928000,6568000
29015709,9283574000,9285094000,9275334000,9284264000,105,8240000,9760000,8930000
29015710,9285564000,9287874000,9277314000,9281973000,111,8250000,10560000,4659000
29015711,9279374000,9282974000,9273284000,9278714000,102,6090000,9690000,5430000
29015712,9282284000,9282284000,9269454000,9275954000,129,12830000,12830000,6500000
29015713,9275482000,9281974000,9272824000,9275884000,122,2658000,9150000,3060000
29015714,9278054000,9287844000,9274184000,9282714000,106,3870000,13660000,8530000
29015715,9282194000,9298844000,9280998000,9297114000,115,1196000,17846000,16116000
29015716,9298854000,9315314000,9298854000,9308224000,140,0,16460000,9370000
29015717,9309954000,9326204000,9302384000,9318884000,125,7570000,23820000,16500000
29015718,9322089000,9322089000,9296625000,9299934000,155,25464000,25464000,3309000
29015719,9300524000,9314854000,9299214000,9313474000,137,1310000,15640000,14260000
29015720,9311878000,9322844000,9311878000,9322844000,117,0,10966000,10966000
29015721,9322041000,9326374000,9311624000,9311624000,141,10417000,14750000,0
29015722,9311064000,9313564000,9301484000,9305526000,120,9580000,12080000,4042000
29015723,9305724000,9307364000,9296214000,9299814000,117,9510000,11150000,3600000
29015724,9300904000,9316044000,9300624000,9316044000,137,280000,15420000,15420000
29015725,9316984000,9316984000,9307194000,9308694000,75,9790000,9790000,1500000
29015726,9308694000,9318274000,9303994000,9306484000,125,4700000,14280000,2490000
29015727,9307084000,9313774000,9305904000,9306784000,115,1180000,7870000,880000
29015728,9306904000,9311384000,9304734000,9306764000,76,2170000,6650000,2030000
29015729,9306278000,9309714000,9305674000,9308124000,50,604000,4040000,2450000
29015730,9307384000,9309514000,9304414000,9304414000,61,2970000,5100000,0
29015731,9305584000,9312774000,9303444000,9312774000,77,2140000,9330000,9330000
29015732,9313144000,9326674000,9313144000,9317744000,110,0,13530000,4600000
29015733,9317114000,9319504000,9312294000,9312294000,106,4820000,7210000,0
29015734,9311814000,9317674000,9308984000,9310984000,81,2830000,8690000,2000000
29015735,9311094000,9319474000,9311094000,9317234000,98,0,8380000,6140000
29015736,9318084000,9334434000,9318084000,9334434000,99,0,16350000,16350000
29015737,9331524000,9333974000,9327524000,9332014000,91,4000000,6450000,4490000
29015738,9331488000,9337974000,9330934000,9336074000,82,554000,7040000,5140000
29015739,9336554000,9336554000,9323687000,9325884000,72,12867000,12867000,2197000
29015740,9326184000,9333304000,9326184000,9329474000,54,0,7120000,3290000
29015741,9328985000,9330434000,9323704000,9327864000,56,5281000,6730000,4160000
29015742,9326854000,9328164000,9320254000,9328164000,36,6600000,7910000,7910000
29015743,9326754000,9328124000,9319789000,9323791000,103,6965000,8335000,4002000
29015744,9323793000,9325794000,9322984000,9324484000,21,809000,2810000,1500000
29015745,9325274000,9333294000,9323784000,9332644000,70,1490000,9510000,8860000
29015746,9332644000,9341724000,9329824000,9335144000,108,2820000,11900000,5320000
29015747,9333234000,9342074000,9332374000,9335664000,83,860000,9700000,3290000
29015748,9337124000,9343614000,9332904000,9343614000,96,4220000,10710000,10710000
29015749,9343974000,9344574000,9337784000,9342504000,91,6190000,6790000,4720000
29015750,9342894000,9343444000,9332615000,9339244000,72,10279000,10829000,6629000
29015751,9339834000,9347954000,9339834000,9346824000,59,0,8120000,6990000
29015752,9346224000,9348954000,9345734000,9346854000,72,490000,3220000,1120000
29015753,9346974000,9348974000,9346874000,9347594000,43,100000,2100000,720000
29015754,9347654000,9347654000,9340124000,9340124000,57,7530000,7530000,0
29015755,9340354000,9340584000,9327704000,9327704000,66,12650000,12880000,0
29015756,9329974000,9340474000,9326884000,9340474000,45,3090000,13590000,13590000
29015757,9340494000,9346774000,9340494000,9343374000,89,0,6280000,2880000
29015758,9344524000,9346544000,9340244000,9346544000,61,4280000,6300000,6300000
29015759,9346254000,9346544000,9343684000,9345704000,37,2570000,2860000,2020000
29015760,9346514000,9367214000,9343984000,9348534000,143,2530000,23230000,4550000
29015761,9350754000,9367274000,9350754000,9364974000,110,0,16520000,14220000
29015762,9365604000,9368564000,9357594000,9360884000,112,8010000,10970000,3290000
29015763,9361684000,9378034000,9361684000,9376884000,123,0,16350000,15200000
29015764,9376854000,9378174000,9372984000,9373854000,69,3870000,5190000,870000
29015765,9372984000,9373914000,9364954000,9365704000,75,8030000,8960000,750000
29015766,9364954000,9366284000,9347194000,9358984000,109,17760000,19090000,11790000
29015767,9360364000,9366974000,9360364000,9366574000,105,0,6610000,6210000
29015768,9365774000,9371774000,9365774000,9371774000,85,0,6000000,6000000
29015769,9372734000,9378294000,9371694000,9377834000,82,1040000,6600000,6140000
29015770,9377184000,9378114000,9373434000,9373434000,57,3750000,4680000,0
29015771,9374474000,9378974000,9374474000,9378974000,59,0,4500000,4500000
29015772,9378864000,9378974000,9373984000,9377294000,61,4880000,4990000,3310000
29015773,9377974000,9389134000,9376994000,9384924000,52,980000,12140000,7930000
29015774,9384374000,9394974000,9381254000,9391664000,100,3120000,13720000,10410000
29015775,9391434000,9395464000,9379844000,9381072000,103,11590000,15620000,1228000
29015776,9381089000,9381324000,9367474000,9372674000,125,13615000,13850000,5200000
29015777,9371994000,9373724000,9363224000,9365984000,98,8770000,10500000,2760000
29015778,9365794000,9378974000,9365794000,9374454000,74,0,13180000,8660000
29015779,9374484000,9387624000,9374484000,9387624000,91,0,13140000,13140000
29015780,9387624000,9390684000,9383924000,9385374000,76,3700000,6760000,1450000
29015781,9383902000,9391164000,9373534000,9391164000,117,10368000,17630000,17630000
29015782,9391334000,9398974000,9390524000,9396314000,99,810000,8450000,5790000
29015783,9396764000,9411754000,9395097000,9410374000,73,1667000,16657000,15277000
29015784,9408594000,9410414000,9400984000,9410414000,88,7610000,9430000,9430000
29015785,9410344000,9410344000,9408034000,9409234000,50,2310000,2310000,1200000
29015786,9409234000,9410414000,9388984000,9388984000,86,20250000,21430000,0
29015787,9392094000,9392094000,9379774000,9389262000,131,12320000,12320000,9488000
29015788,9388789000,9397564000,9388789000,9396984000,87,0,8775000,8195000
29015789,9398224000,9398944000,9396284000,9396974000,52,1940000,2660000,690000
29015790,9397254000,9398974000,9394674000,9394674000,61,2580000,4300000,0
29015791,9390044000,9398174000,9388484000,9397524000,84,1560000,9690000,9040000
29015792,9396494000,9398974000,9388974000,9390304000,87,7520000,10000000,1330000
29015793,9392224000,9393114000,9378464000,9385864000,92,13760000,14650000,7400000
29015794,9385079000,9389344000,9377774000,9386464000,96,7305000,11570000,8690000
29015795,9386144000,9388724000,9383130000,9387894000,65,3014000,5594000,4764000
29015796,9386794000,9386794000,9372492000,9378644000,102,14302000,14302000,6152000
29015797,9377734000,9377734000,9365994000,9365994000,84,11740000,11740000,0
29015798,9365984000,9368034000,9354194000,9361544000,104,11790000,13840000,7350000
29015799,9363774000,9372854000,9363774000,9370224000,102,0,9080000,6450000
29015800,9372474000,9388404000,9372474000,9388404000,89,0,15930000,15930000
29015801,9388404000,9388974000,9383354000,9385754000,72,5050000,5620000,2400000
29015802,9385754000,9391824000,9385754000,9388734000,80,0,6070000,2980000
29015803,9388544000,9407484000,9385974000,9404324000,81,2570000,21510000,18350000
29015804,9404974000,9418974000,9398984000,9399834000,134,5990000,19990000,850000
29015805,9399514000,9412104000,9398984000,9405742000,141,530000,13120000,6758000
29015806,9405684000,9406974000,9399834000,9405944000,97,5850000,7140000,6110000
29015807,9406974000,9406974000,9401154000,9403934000,83,5820000,5820000,2780000
29015808,9404034000,9406974000,9395184000,9395184000,88,8850000,11790000,0
29015809,9397404000,9397404000,9390649000,9396364000,92,6755000,6755000,5715000
29015810,9398584000,9412304000,9398584000,9409924000,85,0,13720000,11340000
29015811,9410974000,9414334000,9409644000,9409644000,95,1330000,4690000,0
29015812,9408684000,9411374000,9406929000,9410794000,77,1755000,4445000,3865000
29015813,9410439000,9425274000,9410439000,9421834000,100,0,14835000,11395000
29015814,9421834000,9428224000,9412024000,9414274000,119,9810000,16200000,2250000
29015815,9414614000,9428944000,9413995000,9428074000,93,619000,14949000,14079000
29015816,9428964000,9438674000,9419164000,9421684000,119,9800000,19510000,2520000
29015817,9421474000,9429174000,9418804000,9423984000,128,2670000,10370000,5180000
29015818,9422984000,9434254000,9422984000,9433174000,101,0,11270000,10190000
29015819,9435214000,9435214000,9424654000,9426924000,73,10560000,10560000,2270000
29015820,9428224000,9436154000,9423484000,9423484000,89,4740000,12670000,0
29015821,9428484000,9428484000,9417694000,9417984000,39,10790000,10790000,290000
29015822,9417984000,9434494000,9414484000,9434494000,145,3500000,20010000,20010000
29015823,9433424000,9433544000,9415554000,9418874000,115,17870000,17990000,3320000
29015824,9420784000,9420784000,9409134000,9414224000,126,11650000,11650000,5090000
29015825,9414010000,9417384000,9393783000,9400424000,143,20227000,23601000,6641000
29015826,9400404000,9408874000,9394144000,9407004000,108,6260000,14730000,12860000
29015827,9406124000,9407974000,9394434000,9395444000,126,11690000,13540000,1010000
29015828,9398974000,9404784000,9390724000,9395304000,91,8250000,14060000,4580000
29015829,9396024000,9396024000,9381374000,9388554000,114,14650000,14650000,7180000
29015830,9388554000,9401304000,9388554000,9397964000,125,0,12750000,9410000
29015831,9397374000,9404884000,9397374000,9400504000,112,0,7510000,3130000
29015832,9401094000,9408974000,9400614000,9403824000,133,480000,8360000,3210000
29015833,9403954000,9412074000,9400118000,9402674000,117,3836000,11956000,2556000
29015834,9402674000,9406794000,9392204000,9398270000,115,10470000,14590000,6066000
29015835,9397888000,9402044000,9389113000,9390504000,102,8775000,12931000,1391000
29015836,9390494000,9399554000,9387820000,9395704000,123,2674000,11734000,7884000
29015837,9396204000,9415904000,9396204000,9412374000,120,0,19700000,16170000
29015838,9413384000,9423964000,9411574000,9420054000,127,1810000,12390000,8480000
29015839,9419494000,9419494000,9402264000,9405356000,116,17230000,17230000,3092000
29015840,9404842000,9411374000,9403706000,9408934000,124,1136000,7668000,5228000
29015841,9409634000,9415154000,9400334000,9400334000,125,9300000,14820000,0
29015842,9403184000,9410794000,9402284000,9405224000,93,900000,8510000,2940000
29015843,9405864000,9406644000,9399984000,9401364000,75,5880000,6660000,1380000
29015844,9403474000,9404274000,9394624000,9400364000,85,8850000,9650000,5740000
29015845,9400345000,9404274000,9396214000,9398454000,100,4131000,8060000,2240000
29015846,9399774000,9404274000,9399284000,9402214000,81,490000,4990000,2930000
29015847,9403624000,9411984000,9403624000,9404984000,61,0,8360000,1360000
29015848,9404884000,9404884000,9389424000,9396784000,115,15460000,15460000,7360000
29015849,9397384000,9397384000,9384904000,9385734000,88,12480000,12480000,830000
29015850,9387054000,9391994000,9384084000,9390654000,121,2970000,7910000,6570000
29015851,9389754000,9394834000,9379524000,9381414000,116,10230000,15310000,1890000
29015852,9384574000,9391774000,9380374000,9386424000,108,4200000,11400000,6050000
29015853,9386339000,9393554000,9382984000,9382984000,93,3355000,10570000,0
29015854,9383914000,9394954000,9383474000,9394404000,103,440000,11480000,10930000
29015855,9394954000,9400934000,9380984000,9381074000,100,13970000,19950000,90000
29015856,9381984000,9384154000,9374714000,9375084000,113,7270000,9440000,370000
29015857,9374484000,9374484000,9368984000,9368984000,63,5500000,5500000,0
29015858,9368402000,9372584000,9360804000,9365484000,99,7598000,11780000,4680000
29015859,9366284000,9374394000,9366284000,9373974000,81,0,8110000,7690000
29015860,9373484000,9384334000,9373484000,9377054000,89,0,10850000,3570000
29015861,9378174000,9394564000,9378174000,9387494000,113,0,16390000,9320000
29015862,9383304000,9393434000,9379754000,9382054000,110,3550000,13680000,2300000
29015863,9383044000,9397044000,9383044000,9397044000,118,0,14000000,14000000
29015864,9396244000,9396244000,9386244000,9391014000,105,10000000,10000000,4770000
29015865,9388627000,9391984000,9380084000,9381234000,110,8543000,11900000,1150000
29015866,9381794000,9389464000,9381794000,9383741000,75,0,7670000,1947000
29015867,9383844000,9386694000,9377354000,9377354000,93,6490000,9340000,0
29015868,9378374000,9378624000,9368984000,9372624000,125,9390000,9640000,3640000
29015869,9372974000,9373724000,9364957000,9365074000,88,8017000,8767000,117000
29015870,9365074000,9376734000,9365004000,9372814000,85,70000,11730000,7810000
29015871,9373454000,9384434000,9373454000,9376524000,103,0,10980000,3070000
29015872,9376214000,9386974000,9373234000,9386974000,94,2980000,13740000,13740000
29015873,9387974000,9388874000,9380604000,9383914000,63,7370000,8270000,3310000
29015874,9382806000,9387974000,9381114000,9384804000,86,1692000,6860000,3690000
29015875,9385084000,9396464000,9385084000,9392834000,79,0,11380000,7750000
29015876,9391813000,9398974000,9391224000,9398974000,99,589000,7750000,7750000
29015877,9402139000,9410974000,9402139000,9409774000,106,0,8835000,7635000
29015878,9409464000,9411094000,9407974000,9409844000,59,1490000,3120000,1870000
29015879,9410184000,9423974000,9410184000,9423974000,87,0,13790000,13790000
29015880,9421524000,9422684000,9404044000,9404384000,103,17480000,18640000,340000
29015881,9404382000,9404382000,9392324000,9392444000,137,12058000,12058000,120000
29015882,9392784000,9395754000,9387134000,9391934000,96,5650000,8620000,4800000
29015883,9393344000,9397664000,9383994000,9386414000,96,9350000,13670000,2420000
29015884,9386674000,9400104000,9386674000,9398914000,96,0,13430000,12240000
29015885,9398574000,9402624000,9395954000,9398994000,82,2620000,6670000,3040000
29015886,9399304000,9408024000,9398304000,9405764000,103,1000000,9720000,7460000
29015887,9405234000,9408774000,9401964000,9404974000,78,3270000,6810000,3010000
29015888,9406414000,9407044000,9403205000,9407034000,55,3209000,3839000,3829000
29015889,9407384000,9408774000,9398004000,9404584000,74,9380000,10770000,6580000
29015890,9404124000,9411274000,9403834000,9409884000,30,290000,7440000,6050000
29015891,9408094000,9413564000,9408094000,9410864000,82,0,5470000,2770000
29015892,9410974000,9422334000,9406224000,9422334000,74,4750000,16110000,16110000
29015893,9422384000,9439874000,9422384000,9434654000,97,0,17490000,12270000
29015894,9434584000,9434584000,9420464000,9420984000,71,14120000,14120000,520000
29015895,9422124000,9433104000,9422124000,9426444000,88,0,10980000,4320000
29015896,9425324000,9425324000,9409774000,9410304000,99,15550000,15550000,530000
29015897,9410614000,9413134000,9405984000,9406524000,69,4630000,7150000,540000
29015898,9406524000,9410824000,9406524000,9410784000,35,0,4300000,4260000
29015899,9413514000,9421134000,9409254000,9421134000,51,4260000,11880000,11880000
29015900,9421806000,9421806000,9414274000,9414274000,22,7532000,7532000,0
29015901,9418274000,9426964000,9418274000,9426244000,42,0,8690000,7970000
29015902,9425384000,9425384000,9421284000,9421284000,53,4100000,4100000,0
29015903,9419684000,9419684000,9410854000,9412654000,59,8830000,8830000,1800000
29015904,9413604000,9426974000,9413604000,9426364000,66,0,13370000,12760000
29015905,9427244000,9437984000,9426364000,9432704000,32,880000,11620000,6340000
29015906,9433624000,9436694000,9432704000,9432704000,19,920000,3990000,0
29015907,9431984000,9431984000,9421884000,9423984000,53,10100000,10100000,2100000
29015908,9423944000,9426644000,9421701000,9426644000,30,2243000,4943000,4943000
29015909,9426974000,9428974000,9426974000,9428974000,12,0,2000000,2000000
29015910,9428954000,9428954000,9425394000,9425394000,37,3560000,3560000,0
29015911,9426574000,9426594000,9412354000,9416704000,55,14220000,14240000,4350000
29015912,9416974000,9416974000,9412224000,9413974000,19,4750000,4750000,1750000
29015913,9416174000,9420984000,9406104000,9406494000,72,10070000,14880000,390000
29015914,9407694000,9412154000,9405984000,9405984000,61,1710000,6170000,0
29015915,9406734000,9407994000,9406734000,9407444000,10,0,1260000,710000
29015916,9407984000,9407984000,9405964000,9405964000,13,2020000,2020000,0
29015917,9405424000,9416124000,9396484000,9416124000,94,8940000,19640000,19640000
29015918,9417044000,9417704000,9409504000,9413824000,89,7540000,8200000,4320000
29015919,9414514000,9418974000,9409754000,9417114000,69,4760000,9220000,7360000
29015920,9417114000,9417114000,9410484000,9412604000,35,6630000,6630000,2120000
29015921,9412224000,9418974000,9409504000,9416524000,57,2720000,9470000,7020000
29015922,9416974000,9420954000,9413796000,9418224000,67,3178000,7158000,4428000
29015923,9418814000,9425634000,9418814000,9421774000,45,0,6820000,2960000
29015924,9421514000,9425474000,9419644000,9423504000,29,1870000,5830000,3860000
29015925,9422889000,9423974000,9418169000,9418224000,41,4720000,5805000,55000
29015926,9420524000,9428844000,9420524000,9422384000,43,0,8320000,1860000
29015927,9423291000,9428974000,9423141000,9428974000,47,150000,5833000,5833000
29015928,9430234000,9434474000,9423984000,9425244000,78,6250000,10490000,1260000
29015929,9424874000,9427454000,9422694000,9427454000,32,2180000,4760000,4760000
29015930,9426804000,9426804000,9426164000,9426804000,14,640000,640000,640000
29015931,9426074000,9426804000,9425874000,9426324000,14,200000,930000,450000
29015932,9426794000,9426804000,9426794000,9426804000,4,0,10000,10000
29015933,9426644000,9426644000,9426634000,9426634000,4,10000,10000,0
29015934,9425974000,9438964000,9425974000,9438414000,52,0,12990000,12440000
29015935,9438974000,9471414000,9433994000,9434114000,146,4980000,37420000,120000
29015936,9433322000,9434514000,9421104000,9421114000,137,12218000,13410000,10000
29015937,9420972000,9430444000,9417164000,9423244000,105,3808000,13280000,6080000
29015938,9424894000,9446654000,9422894000,9437284000,119,2000000,23760000,14390000
29015939,9435654000,9440274000,9419834000,9419834000,109,15820000,20440000,0
29015940,9419881000,9437774000,9417744000,9433984000,190,2137000,20030000,16240000
29015941,9433984000,9444384000,9426174000,9437997000,178,7810000,18210000,11823000
29015942,9437844000,9478464000,9435954000,9446254000,209,1890000,42510000,10300000
29015943,9446724000,9473694000,9445784000,9472494000,171,940000,27910000,26710000
29015944,9472514000,9477794000,9452984000,9463464000,191,19530000,24810000,10480000
29015945,9462964000,9468524000,9451934000,9455204000,179,11030000,16590000,3270000
29015946,9454986000,9462374000,9446254000,9446254000,133,8732000,16120000,0
29015947,9445754000,9457394000,9444002000,9454044000,108,1752000,13392000,10042000
29015948,9454914000,9469874000,9454914000,9468264000,155,0,14960000,13350000
29015949,9468674000,9476504000,9466054000,9475734000,120,2620000,10450000,9680000
29015950,9474784000,9477544000,9469644000,9477544000,93,5140000,7900000,7900000
29015951,9476904000,9476904000,9467364000,9470934000,117,9540000,9540000,3570000
29015952,9471444000,9471474000,9459614000,9463374000,122,11830000,11860000,3760000
29015953,9462022000,9466364000,9455614000,9460995000,82,6408000,10750000,5381000
29015954,9460564000,9462264000,9441424000,9444954000,107,19140000,20840000,3530000
29015955,9441444000,9441674000,9431904000,9433584000,130,9540000,9770000,1680000
29015956,9433584000,9439774000,9433184000,9436614000,112,400000,6590000,3430000
29015957,9437244000,9448114000,9433984000,9445234000,111,3260000,14130000,11250000
29015958,9445234000,9477374000,9445234000,9470024000,146,0,32140000,24790000
29015959,9467694000,9476174000,9467694000,9468984000,155,0,8480000,1290000
29015960,9468684000,9471864000,9452784000,9452784000,152,15900000,19080000,0
29015961,9453574000,9468274000,9453574000,9462214000,145,0,14700000,8640000
29015962,9461584000,9467314000,9456144000,9456144000,127,5440000,11170000,0
29015963,9455221000,9463264000,9452684000,9455934000,132,2537000,10580000,3250000
29015964,9457044000,9459024000,9441924000,9442284000,105,15120000,17100000,360000
29015965,9444974000,9447794000,9437134000,9440984000,126,7840000,10660000,3850000
29015966,9444104000,9446974000,9412744000,9421394000,121,31360000,34230000,8650000
29015967,9421594000,9428574000,9413944000,9425884000,114,7650000,14630000,11940000
29015968,9425524000,9428974000,9416964000,9421244000,99,8560000,12010000,4280000
29015969,9420644000,9423974000,9406074000,9414664000,121,14570000,17900000,8590000
29015970,9415154000,9424624000,9408444000,9412234000,119,6710000,16180000,3790000
29015971,9409071000,9419964000,9406984000,9418364000,107,2087000,12980000,11380000
29015972,9417744000,9421594000,9404474000,9404474000,126,13270000,17120000,0
29015973,9404894000,9407724000,9392434000,9394384000,105,12460000,15290000,1950000
29015974,9395194000,9399634000,9379204000,9396984000,140,15990000,20430000,17780000
29015975,9397954000,9407974000,9395634000,9407974000,103,2320000,12340000,12340000
29015976,9411104000,9418374000,9407984000,9416584000,91,3120000,10390000,8600000
29015977,9417434000,9422964000,9416964000,9421974000,103,470000,6000000,5010000
29015978,9422524000,9429434000,9421354000,9421354000,72,1170000,8080000,0
29015979,9420774000,9435324000,9420164000,9434734000,106,610000,15160000,14570000
29015980,9441544000,9454755000,9440774000,9444694000,93,770000,13981000,3920000
29015981,9444704000,9444874000,9435484000,9437784000,107,9220000,9390000,2300000
29015982,9437784000,9442054000,9428984000,9430974000,87,8800000,13070000,1990000
29015983,9431224000,9434674000,9427974000,9431974000,73,3250000,6700000,4000000
29015984,9430264000,9433254000,9427444000,9428984000,83,2820000,5810000,1540000
29015985,9430074000,9440784000,9425814000,9439974000,79,4260000,14970000,14160000
29015986,9440194000,9445154000,9437042000,9438904000,118,3152000,8112000,1862000
29015987,9439314000,9439334000,9418864000,9419074000,110,20450000,20470000,210000
29015988,9418864000,9418974000,9409404000,9416474000,104,9460000,9570000,7070000
29015989,9416054000,9418174000,9411564000,9417594000,85,4490000,6610000,6030000
29015990,9418104000,9421344000,9415734000,9415734000,70,2370000,5610000,0
29015991,9414364000,9418514000,9412084000,9412634000,85,2280000,6430000,550000
29015992,9413094000,9429934000,9413094000,9427584000,84,0,16840000,14490000
29015993,9424874000,9433184000,9424874000,9430264000,100,0,8310000,5390000
29015994,9429238000,9429474000,9411244000,9415304000,99,17994000,18230000,4060000
29015995,9416974000,9416974000,9402104000,9402104000,57,14870000,14870000,0
29015996,9401164000,9404954000,9396554000,9404954000,99,4610000,8400000,8400000
29015997,9404174000,9420694000,9403364000,9417574000,95,810000,17330000,14210000
29015998,9416534000,9420854000,9415964000,9418964000,70,570000,4890000,3000000
29015999,9418272000,9422654000,9417685000,9421264000,80,587000,4969000,3579000
29016000,9421174000,9435430000,9420947000,9426284000,107,227000,14483000,5337000
29016001,9424947000,9427754000,9403414000,9404624000,138,21533000,24340000,1210000
29016002,9404459000,9404459000,9391734000,9403594000,158,12725000,12725000,11860000
29016003,9404374000,9415574000,9398984000,9399974000,161,5390000,16590000,990000
29016004,9398545000,9401064000,9383000000,9392034000,168,15545000,18064000,9034000
29016005,9391297000,9402974000,9386394000,9390484000,164,4903000,16580000,4090000
29016006,9390324000,9400587000,9382384000,9384926000,158,7940000,18203000,2542000
29016007,9384521000,9387724000,9368470000,9377724000,177,16051000,19254000,9254000
29016008,9378614000,9387774000,9360074000,9365484000,163,18540000,27700000,5410000
29016009,9363644000,9376474000,9360254000,9374274000,169,3390000,16220000,14020000
29016010,9376084000,9391610000,9371173000,9385774000,169,4911000,20437000,14601000
29016011,9386274000,9391554000,9376041000,9376044000,137,10233000,15513000,3000
29016012,9372322000,9378614000,9360344000,9362994000,123,11978000,18270000,2650000
29016013,9366214000,9375414000,9357784000,9365584000,140,8430000,17630000,7800000
29016014,9366974000,9372974000,9360484000,9361890000,156,6490000,12490000,1406000
29016015,9360974000,9371574000,9355374000,9357124000,127,5600000,16200000,1750000
29016016,9354984000,9376454000,9354984000,9371614000,140,0,21470000,16630000
29016017,9371924000,9385344000,9365764000,9372134000,164,6160000,19580000,6370000
29016018,9371763000,9384434000,9366444000,9374724000,147,5319000,17990000,8280000
29016019,9374112000,9374934000,9364284000,9370795000,161,9828000,10650000,6511000
29016020,9370974000,9381204000,9363087000,9376284000,150,7887000,18117000,13197000
29016021,9375604000,9382644000,9370846000,9379314000,153,4758000,11798000,8468000
29016022,9380974000,9383464000,9373844000,9378734000,112,7130000,9620000,4890000
29016023,9380034000,9380474000,9362104000,9364484000,133,17930000,18370000,2380000
29016024,9366874000,9366964000,9358994000,9360676000,106,7880000,7970000,1682000
29016025,9360864000,9369494000,9358984000,9368984000,124,1880000,10510000,10000000
29016026,9370574000,9373324000,9359994000,9361704000,118,10580000,13330000,1710000
29016027,9362224000,9373384000,9360984000,9367834000,106,1240000,12400000,6850000
29016028,9366294000,9375124000,9365274000,9372334000,108,1020000,9850000,7060000
29016029,9372864000,9380624000,9372864000,9379834000,47,0,7760000,6970000
29016030,9379854000,9385284000,9378244000,9383874000,104,1610000,7040000,5630000
29016031,9384424000,9386694000,9370984000,9375064000,89,13440000,15710000,4080000
29016032,9373474000,9373474000,9366484000,9366645000,92,6990000,6990000,161000
29016033,9366824000,9369324000,9357054000,9367974000,124,9770000,12270000,10920000
29016034,9366014000,9366974000,9358504000,9361484000,127,7510000,8470000,2980000
29016035,9361704000,9361704000,9334064000,9337934000,153,27640000,27640000,3870000
29016036,9337924000,9354474000,9337924000,9345922000,131,0,16550000,7998000
29016037,9345478000,9347214000,9338494000,9344584000,148,6984000,8720000,6090000
29016038,9343672000,9345544000,9334024000,9334894000,94,9648000,11520000,870000
29016039,9335304000,9342704000,9329344000,9342084000,124,5960000,13360000,12740000
29016040,9342394000,9360624000,9340984000,9358984000,99,1410000,19640000,18000000
29016041,9359334000,9370974000,9358984000,9367314000,108,350000,11990000,8330000
29016042,9366884000,9366884000,9358984000,9362764000,110,7900000,7900000,3780000
29016043,9362411000,9366614000,9358984000,9366614000,110,3427000,7630000,7630000
29016044,9367454000,9372804000,9365177000,9365404000,82,2277000,7627000,227000
29016045,9365180000,9377544000,9363984000,9374424000,99,1196000,13560000,10440000
29016046,9372656000,9372824000,9362414000,9371744000,105,10242000,10410000,9330000
29016047,9369024000,9369024000,9351542000,9352914000,106,17482000,17482000,1372000
29016048,9352574000,9352974000,9347354000,9351154000,108,5220000,5620000,3800000
29016049,9351894000,9356684000,9351154000,9354644000,67,740000,5530000,3490000
29016050,9355074000,9362974000,9353984000,9355474000,81,1090000,8990000,1490000
29016051,9355974000,9360154000,9353984000,9359504000,91,1990000,6170000,5520000
29016052,9359385000,9362394000,9356144000,9358204000,79,3241000,6250000,2060000
29016053,9358694000,9359594000,9344454000,9345614000,84,14240000,15140000,1160000
29016054,9346274000,9350154000,9343994000,9349834000,84,2280000,6160000,5840000
29016055,9351294000,9354964000,9344984000,9344984000,76,6310000,9980000,0
29016056,9341984000,9341984000,9336514000,9337284000,71,5470000,5470000,770000
29016057,9337804000,9340244000,9333694000,9334424000,76,4110000,6550000,730000
29016058,9334284000,9335844000,9332284000,9332284000,42,2000000,3560000,0
29016059,9331474000,9331974000,9323744000,9325777000,83,7730000,8230000,2033000
29016060,9325783000,9330504000,9323974000,9330504000,84,1809000,6530000,6530000
29016061,9330184000,9336794000,9329894000,9335554000,75,290000,6900000,5660000
29016062,9335684000,9336884000,9327563000,9329894000,74,8121000,9321000,2331000
29016063,9329944000,9331324000,9325651000,9325651000,61,4293000,5673000,0
29016064,9325659000,9329624000,9314974000,9316054000,98,10685000,14650000,1080000
29016065,9313974000,9315573000,9306224000,9306924000,101,7750000,9349000,700000
29016066,9307024000,9312724000,9305984000,9310754000,78,1040000,6740000,4770000
29016067,9311234000,9312334000,9307704000,9309994000,49,3530000,4630000,2290000
29016068,9310694000,9319434000,9310234000,9317014000,75,460000,9200000,6780000
29016069,9317014000,9326164000,9316034000,9318059000,70,980000,10130000,2025000
29016070,9317824000,9317824000,9306984000,9311314000,72,10840000,10840000,4330000
29016071,9311314000,9311314000,9302484000,9304594000,49,8830000,8830000,2110000
29016072,9304974000,9305114000,9296504000,9299514000,64,8470000,8610000,3010000
29016073,9295784000,9296234000,9282704000,9284494000,95,13080000,13530000,1790000
29016074,9284974000,9292474000,9278984000,9281084000,88,5990000,13490000,2100000
29016075,9281634000,9284404000,9278984000,9280844000,70,2650000,5420000,1860000
29016076,9280505000,9282414000,9274794000,9281794000,86,5711000,7620000,7000000
29016077,9281234000,9281234000,9261708000,9264334000,118,19526000,19526000,2626000
29016078,9264334000,9264334000,9261024000,9261034000,53,3310000,3310000,10000
29016079,9261424000,9287634000,9261034000,9287634000,118,390000,26600000,26600000
29016080,9287894000,9287894000,9278158000,9287064000,92,9736000,9736000,8906000
29016081,9285621000,9313454000,9285234000,9307334000,113,387000,28220000,22100000
29016082,9308174000,9316274000,9308174000,9314904000,98,0,8100000,6730000
29016083,9315804000,9315804000,9308974000,9314354000,42,6830000,6830000,5380000
29016084,9313471000,9315974000,9298184000,9298644000,102,15287000,17790000,460000
29016085,9298644000,9298644000,9275614000,9278094000,104,23030000,23030000,2480000
29016086,9278874000,9295084000,9278724000,9295084000,82,150000,16360000,16360000
29016087,9295394000,9302484000,9286164000,9286164000,102,9230000,16320000,0
29016088,9287384000,9298214000,9286534000,9298214000,77,850000,11680000,11680000
29016089,9296444000,9300324000,9292304000,9300324000,80,4140000,8020000,8020000
29016090,9302125000,9310524000,9296812000,9298614000,112,5313000,13712000,1802000
29016091,9299064000,9301454000,9291824000,9293084000,108,7240000,9630000,1260000
29016092,9294334000,9298344000,9288994000,9292584000,85,5340000,9350000,3590000
29016093,9292584000,9304993000,9288984000,9292564000,96,3600000,16009000,3580000
29016094,9290984000,9292044000,9279154000,9279624000,104,11830000,12890000,470000
29016095,9278994000,9278994000,9266104000,9268974000,85,12890000,12890000,2870000
29016096,9267464000,9274764000,9265784000,9269163000,118,1680000,8980000,3379000
29016097,9268974000,9273574000,9266784000,9273134000,96,2190000,6790000,6350000
29016098,9273974000,9282474000,9272514000,9282474000,100,1460000,9960000,9960000
29016099,9283114000,9294574000,9283114000,9292974000,130,0,11460000,9860000
29016100,9291434000,9292344000,9280254000,9289254000,117,11180000,12090000,9000000
29016101,9288695000,9291674000,9285984000,9286474000,87,2711000,5690000,490000
29016102,9290624000,9295264000,9286396000,9290744000,82,4228000,8868000,4348000
29016103,9291164000,9302554000,9288584000,9301334000,105,2580000,13970000,12750000
29016104,9301614000,9301614000,9288304000,9288884000,102,13310000,13310000,580000
29016105,9291124000,9291124000,9271984000,9277014000,127,19140000,19140000,5030000
29016106,9277014000,9280374000,9272461000,9279624000,122,4553000,7913000,7163000
29016107,9279274000,9285444000,9274674000,9274674000,114,4600000,10770000,0
29016108,9275774000,9282374000,9275774000,9276184000,94,0,6600000,410000
29016109,9275984000,9279534000,9270484000,9277234000,122,5500000,9050000,6750000
29016110,9276464000,9286764000,9276392000,9286764000,99,72000,10372000,10372000
29016111,9286764000,9286914000,9276364000,9282164000,92,10400000,10550000,5800000
29016112,9281029000,9283374000,9274484000,9283374000,103,6545000,8890000,8890000
29016113,9283374000,9285034000,9281234000,9283594000,78,2140000,3800000,2360000
29016114,9283594000,9298944000,9283594000,9294134000,80,0,15350000,10540000
29016115,9294584000,9311894000,9293684000,9310264000,105,900000,18210000,16580000
29016116,9309624000,9309624000,9297464000,9298064000,72,12160000,12160000,600000
29016117,9297159000,9309724000,9294488000,9309724000,108,2671000,15236000,15236000
29016118,9310924000,9316884000,9301584000,9303544000,78,9340000,15300000,1960000
29016119,9303104000,9303774000,9300154000,9302364000,90,2950000,3620000,2210000
29016120,9303534000,9312724000,9298384000,9298384000,101,5150000,14340000,0
29016121,9298994000,9303444000,9295984000,9303444000,99,3010000,7460000,7460000
29016122,9302474000,9309544000,9301047000,9302344000,80,1427000,8497000,1297000
29016123,9302844000,9308734000,9290904000,9293014000,98,11940000,17830000,2110000
29016124,9293654000,9301224000,9286184000,9286184000,117,7470000,15040000,0
29016125,9286974000,9286974000,9280584000,9280584000,120,6390000,6390000,0
29016126,9280014000,9288114000,9274984000,9279924000,79,5030000,13130000,4940000
29016127,9280024000,9290974000,9280024000,9289624000,107,0,10950000,9600000
29016128,9289144000,9291484000,9284564000,9289894000,90,4580000,6920000,5330000
29016129,9288984000,9290444000,9280394000,9284204000,96,8590000,10050000,3810000
29016130,9285464000,9289394000,9280094000,9289394000,93,5370000,9300000,9300000
29016131,9290194000,9294984000,9280754000,9287797000,108,9440000,14230000,7043000
29016132,9287800000,9290554000,9278374000,9278374000,107,9426000,12180000,0
29016133,9277304000,9293974000,9277294000,9290314000,92,10000,16680000,13020000
29016134,9289828000,9294874000,9288984000,9288984000,66,844000,5890000,0
29016135,9291174000,9297494000,9286014000,9293644000,95,5160000,11480000,7630000
29016136,9293664000,9293674000,9279204000,9279204000,108,14460000,14470000,0
29016137,9280204000,9285634000,9276394000,9276591000,107,3810000,9240000,197000
29016138,9275945000,9283534000,9275290000,9280024000,104,655000,8244000,4734000
29016139,9280584000,9286584000,9280584000,9280914000,87,0,6000000,330000
29016140,9281134000,9287544000,9278984000,9280634000,96,2150000,8560000,1650000
29016141,9279931000,9283094000,9277484000,9278194000,86,2447000,5610000,710000
29016142,9276684000,9277934000,9263674000,9267184000,94,13010000,14260000,3510000
29016143,9266444000,9267514000,9259064000,9264114000,107,7380000,8450000,5050000
29016144,9264076000,9271494000,9263234000,9267974000,115,842000,8260000,4740000
29016145,9267234000,9269724000,9254644000,9254644000,88,12590000,15080000,0
29016146,9256714000,9264014000,9246284000,9256164000,147,10430000,17730000,9880000
29016147,9256564000,9260244000,9248994000,9248994000,77,7570000,11250000,0
29016148,9250384000,9250384000,9240114000,9244784000,128,10270000,10270000,4670000
29016149,9245224000,9251324000,9237020000,9238714000,91,8204000,14304000,1694000
29016150,9237974000,9251004000,9237974000,9241724000,111,0,13030000,3750000
29016151,9242934000,9256264000,9241954000,9250084000,120,980000,14310000,8130000
29016152,9249524000,9256334000,9248984000,9252940000,100,540000,7350000,3956000
29016153,9252774000,9266824000,9252774000,9266097000,113,0,14050000,13323000
29016154,9266534000,9280074000,9266534000,9279124000,116,0,13540000,12590000
29016155,9278539000,9296084000,9275044000,9291514000,138,3495000,21040000,16470000
29016156,9291094000,9306754000,9291094000,9306754000,137,0,15660000,15660000
29016157,9306974000,9306974000,9294034000,9296414000,117,12940000,12940000,2380000
29016158,9297814000,9304974000,9296244000,9298434000,109,1570000,8730000,2190000
29016159,9298974000,9310224000,9298974000,9306184000,95,0,11250000,7210000
29016160,9307104000,9314474000,9298984000,9301534000,106,8120000,15490000,2550000
29016161,9301084000,9310804000,9300464000,9307734000,77,620000,10340000,7270000
29016162,9307384000,9317441000,9305212000,9305212000,79,2172000,12229000,0
29016163,9305224000,9309724000,9298864000,9298864000,74,6360000,10860000,0
29016164,9298504000,9306134000,9296694000,9302114000,73,1810000,9440000,5420000
29016165,9302414000,9314964000,9300112000,9312724000,109,2302000,14852000,12612000
29016166,9312224000,9320444000,9309894000,9320224000,109,2330000,10550000,10330000
29016167,9319494000,9338124000,9319494000,9335334000,125,0,18630000,15840000
29016168,9335339000,9335339000,9317594000,9325164000,111,17745000,17745000,7570000
29016169,9324314000,9325794000,9314700000,9317064000,104,9614000,11094000,2364000
29016170,9317864000,9321974000,9312084000,9316444000,88,5780000,9890000,4360000
29016171,9317074000,9318954000,9311974000,9315614000,72,5100000,6980000,3640000
29016172,9316344000,9327924000,9315134000,9326694000,98,1210000,12790000,11560000
29016173,9326424000,9327564000,9317954000,9319374000,94,8470000,9610000,1420000
29016174,9319904000,9320104000,9305864000,9306594000,87,14040000,14240000,730000
29016175,9307204000,9313174000,9304334000,9313174000,85,2870000,8840000,8840000
29016176,9311974000,9313564000,9310164000,9312974000,52,1810000,3400000,2810000
29016177,9312264000,9321074000,9310984000,9319674000,85,1280000,10090000,8690000
29016178,9319447000,9324564000,9314984000,9324564000,87,4463000,9580000,9580000
29016179,9324264000,9324554000,9322114000,9324544000,32,2150000,2440000,2430000
29016180,9323994000,9328974000,9322984000,9327934000,48,1010000,5990000,4950000
29016181,9328294000,9332324000,9323204000,9324384000,72,5090000,9120000,1180000
29016182,9324784000,9335854000,9324784000,9335854000,71,0,11070000,11070000
29016183,9336974000,9336974000,9319444000,9319934000,106,17530000,17530000,490000
29016184,9319324000,9321974000,9314984000,9316124000,71,4340000,6990000,1140000
29016185,9315734000,9315734000,9305734000,9306984000,64,10000000,10000000,1250000
29016186,9306955000,9310924000,9305734000,9307124000,51,1221000,5190000,1390000
29016187,9305984000,9305984000,9295404000,9298974000,65,10580000,10580000,3570000
29016188,9298354000,9298354000,9291574000,9294004000,82,6780000,6780000,2430000
29016189,9294934000,9304944000,9292994000,9304944000,65,1940000,11950000,11950000
29016190,9306754000,9306754000,9295584000,9296974000,60,11170000,11170000,1390000
29016191,9295205000,9300974000,9294204000,9300974000,66,1001000,6770000,6770000
29016192,9300474000,9303874000,9297894000,9299364000,78,2580000,5980000,1470000
29016193,9297974000,9302834000,9292371000,9292371000,62,5603000,10463000,0
29016194,9292374000,9292374000,9276534000,9282774000,107,15840000,15840000,6240000
29016195,9281616000,9288974000,9276324000,9288374000,100,5292000,12650000,12050000
29016196,9287687000,9288974000,9265364000,9265364000,140,22323000,23610000,0
29016197,9265211000,9275984000,9265204000,9275044000,100,7000,10780000,9840000
29016198,9275734000,9276214000,9262419000,9262774000,95,13315000,13795000,355000
29016199,9263354000,9264744000,9251338000,9252394000,109,12016000,13406000,1056000
29016200,9252094000,9263104000,9251804000,9262234000,88,290000,11300000,10430000
29016201,9263174000,9270714000,9260174000,9265734000,107,3000000,10540000,5560000
29016202,9268024000,9271034000,9248924000,9249464000,102,19100000,22110000,540000
29016203,9250184000,9256534000,9243574000,9254974000,112,6610000,12960000,11400000
29016204,9252915000,9252915000,9238974000,9241804000,79,13941000,13941000,2830000
29016205,9243734000,9258074000,9242264000,9242604000,127,1470000,15810000,340000
29016206,9243804000,9251574000,9240174000,9242264000,101,3630000,11400000,2090000
29016207,9241894000,9253274000,9240484000,9253274000,91,1410000,12790000,12790000
29016208,9252534000,9262064000,9252534000,9262064000,95,0,9530000,9530000
29016209,9260764000,9269324000,9258984000,9265571000,85,1780000,10340000,6587000
29016210,9265494000,9277124000,9263984000,9268254000,131,1510000,13140000,4270000
29016211,9268484000,9275154000,9259984000,9260114000,102,8500000,15170000,130000
29016212,9259074000,9265174000,9258984000,9264924000,79,90000,6190000,5940000
29016213,9264924000,9272974000,9261984000,9272974000,113,2940000,10990000,10990000
29016214,9273724000,9278974000,9262554000,9270534000,133,11170000,16420000,7980000
29016215,9270034000,9273364000,9266714000,9271474000,103,3320000,6650000,4760000
29016216,9270791000,9276414000,9267644000,9273214000,113,3147000,8770000,5570000
29016217,9272974000,9276904000,9270984000,9270984000,76,1990000,5920000,0
29016218,9269984000,9275214000,9265984000,9271864000,70,4000000,9230000,5880000
29016219,9272884000,9273294000,9268934000,9272484000,47,3950000,4360000,3550000
29016220,9271734000,9272484000,9267284000,9269594000,57,4450000,5200000,2310000
29016221,9270114000,9270114000,9258984000,9258984000,38,11130000,11130000,0
29016222,9255984000,9256664000,9250282000,9250634000,66,5702000,6382000,352000
29016223,9251544000,9257164000,9249284000,9249284000,87,2260000,7880000,0
29016224,9248984000,9252994000,9246784000,9249704000,87,2200000,6210000,2920000
29016225,9249704000,9260484000,9247318000,9258484000,79,2386000,13166000,11166000
29016226,9258484000,9268944000,9255894000,9259374000,105,2590000,13050000,3480000
29016227,9258984000,9268974000,9258223000,9268974000,80,761000,10751000,10751000
29016228,9269694000,9271604000,9262684000,9265654000,86,7010000,8920000,2970000
29016229,9264764000,9271784000,9264764000,9268504000,75,0,7020000,3740000
29016230,9269224000,9276974000,9269224000,9274084000,96,0,7750000,4860000
29016231,9273344000,9276244000,9272577000,9272974000,84,767000,3667000,397000
29016232,9273974000,9282284000,9273101000,9280194000,51,873000,9183000,7093000
29016233,9280994000,9281504000,9273984000,9276904000,68,7010000,7520000,2920000
29016234,9276284000,9286374000,9274764000,9277004000,105,1520000,11610000,2240000
29016235,9276884000,9279384000,9267854000,9267854000,73,9030000,11530000,0
29016236,9266724000,9270224000,9265574000,9269144000,64,1150000,4650000,3570000
29016237,9268394000,9272034000,9267524000,9268974000,77,870000,4510000,1450000
29016238,9269584000,9272144000,9263864000,9269594000,50,5720000,8280000,5730000
29016239,9268994000,9268994000,9263984000,9264974000,50,5010000,5010000,990000
29016240,9265564000,9270994000,9264074000,9268494000,69,1490000,6920000,4420000
29016241,9268084000,9268934000,9265424000,9267064000,60,2660000,3510000,1640000
29016242,9266474000,9274974000,9266474000,9274964000,44,0,8500000,8490000
29016243,9274554000,9276204000,9260974000,9260974000,72,13580000,15230000,0
29016244,9260494000,9270974000,9260494000,9267734000,59,0,10480000,7240000
29016245,9267104000,9267104000,9262174000,9265994000,86,4930000,4930000,3820000
29016246,9266374000,9268974000,9260734000,9267824000,66,5640000,8240000,7090000
29016247,9266974000,9270034000,9263234000,9263234000,58,3740000,6800000,0
29016248,9262534000,9265014000,9259997000,9259997000,62,2537000,5017000,0
29016249,9259984000,9263234000,9257574000,9258984000,58,2410000,5660000,1410000
29016250,9258224000,9265484000,9254794000,9265484000,79,3430000,10690000,10690000
29016251,9265200000,9269974000,9260144000,9269344000,43,5056000,9830000,9200000
29016252,9269754000,9275974000,9265224000,9266984000,81,4530000,10750000,1760000
29016253,9266524000,9272334000,9266524000,9271474000,44,0,5810000,4950000
29016254,9271194000,9271194000,9263984000,9263984000,63,7210000,7210000,0
29016255,9263354000,9263354000,9255984000,9256734000,72,7370000,7370000,750000
29016256,9257484000,9260334000,9253319000,9257384000,96,4165000,7015000,4065000
29016257,9258234000,9267914000,9258234000,9259464000,84,0,9680000,1230000
29016258,9261064000,9266244000,9260644000,9263936000,82,420000,5600000,3292000
29016259,9263838000,9268454000,9263084000,9268454000,51,754000,5370000,5370000
29016260,9268754000,9274074000,9268334000,9272294000,43,420000,5740000,3960000
29016261,9272944000,9276944000,9271774000,9276944000,70,1170000,5170000,5170000
29016262,9276184000,9277494000,9274804000,9275864000,45,1380000,2690000,1060000
29016263,9276074000,9285974000,9276074000,9282964000,63,0,9900000,6890000
29016264,9281344000,9282824000,9280294000,9280294000,47,1050000,2530000,0
29016265,9280694000,9281597000,9267054000,9267054000,60,13640000,14543000,0
29016266,9266154000,9269934000,9263754000,9269084000,55,2400000,6180000,5330000
29016267,9270104000,9270494000,9264544000,9266154000,22,5560000,5950000,1610000
29016268,9265874000,9266134000,9261324000,9265164000,36,4550000,4810000,3840000
29016269,9265964000,9266844000,9263744000,9265524000,46,2220000,3100000,1780000
29016270,9264484000,9264484000,9255984000,9259564000,58,8500000,8500000,3580000
29016271,9258554000,9259774000,9255614000,9255964000,52,2940000,4160000,350000
29016272,9255354000,9260994000,9253984000,9260604000,62,1370000,7010000,6620000
29016273,9259774000,9265814000,9257184000,9259014000,63,2590000,8630000,1830000
29016274,9259414000,9266004000,9259414000,9266004000,49,0,6590000,6590000
29016275,9265544000,9269554000,9262540000,9264564000,52,3004000,7014000,2024000
29016276,9265554000,9268484000,9262764000,9266674000,59,2790000,5720000,3910000
29016277,9267674000,9270974000,9265684000,9268734000,51,1990000,5290000,3050000
29016278,9268734000,9273244000,9268734000,9269424000,61,0,4510000,690000
29016279,9267784000,9267784000,9263534000,9266484000,36,4250000,4250000,2950000
29016280,9265504000,9265504000,9263534000,9264554000,37,1970000,1970000,1020000
29016281,9264114000,9264114000,9262544000,9263974000,17,1570000,1570000,1430000
29016282,9264964000,9268974000,9263134000,9268974000,38,1830000,5840000,5840000
29016283,9269414000,9273164000,9268721000,9269706000,32,693000,4443000,985000
29016284,9269729000,9273974000,9269424000,9273974000,54,305000,4550000,4550000
29016285,9274434000,9276824000,9272659000,9275734000,54,1775000,4165000,3075000
29016286,9274724000,9278374000,9272587000,9278374000,71,2137000,5787000,5787000
29016287,9278254000,9287764000,9276873000,9284364000,78,1381000,10891000,7491000
29016288,9283654000,9287484000,9280964000,9282120000,89,2690000,6520000,1156000
29016289,9281154000,9282224000,9279229000,9279534000,51,1925000,2995000,305000
29016290,9278984000,9287094000,9277904000,9287094000,49,1080000,9190000,9190000
29016291,9288254000,9288304000,9285314000,9286984000,38,2940000,2990000,1670000
29016292,9287064000,9288674000,9287064000,9288674000,16,0,1610000,1610000
29016293,9288174000,9288174000,9283632000,9284814000,38,4542000,4542000,1182000
29016294,9283984000,9284034000,9271174000,9276014000,51,12810000,12860000,4840000
29016295,9275994000,9276014000,9267054000,9268994000,54,8940000,8960000,1940000
29016296,9267634000,9275464000,9267084000,9275464000,56,550000,8380000,8380000
29016297,9275462000,9277474000,9273984000,9275624000,55,1478000,3490000,1640000
29016298,9276174000,9281854000,9276174000,9280994000,33,0,5680000,4820000
29016299,9282084000,9284324000,9278394000,9281064000,54,3690000,5930000,2670000
29016300,9279740000,9284254000,9278104000,9278414000,64,1636000,6150000,310000
29016301,9279344000,9282654000,9276334000,9281014000,57,3010000,6320000,4680000
29016302,9282654000,9286624000,9282654000,9284772000,60,0,3970000,2118000
29016303,9284764000,9288744000,9284764000,9286724000,77,0,3980000,1960000
29016304,9286724000,9288974000,9286374000,9288974000,28,350000,2600000,2600000
29016305,9292494000,9298424000,9291780000,9298264000,97,714000,6644000,6484000
29016306,9298844000,9302944000,9297984000,9299174000,78,860000,4960000,1190000
29016307,9298684000,9306334000,9298684000,9303834000,79,0,7650000,5150000
29016308,9303384000,9303384000,9296014000,9298894000,61,7370000,7370000,2880000
29016309,9299464000,9299464000,9292724000,9292734000,57,6740000,6740000,10000
29016310,9292724000,9292724000,9287553000,9290774000,57,5171000,5171000,3221000
29016311,9290774000,9300254000,9290774000,9298134000,71,0,9480000,7360000
29016312,9297910000,9298074000,9294684000,9296684000,43,3226000,3390000,2000000
29016313,9295984000,9295984000,9291030000,9291724000,35,4954000,4954000,694000
29016314,9290984000,9296894000,9290984000,9293514000,65,0,5910000,2530000
29016315,9293304000,9296884000,9285094000,9285094000,63,8210000,11790000,0
29016316,9284685000,9292924000,9280024000,9289324000,67,4661000,12900000,9300000
29016317,9288114000,9295584000,9287231000,9295374000,59,883000,8353000,8143000
29016318,9296024000,9302904000,9291634000,9302904000,90,4390000,11270000,11270000
29016319,9302122000,9302122000,9293224000,9293744000,67,8898000,8898000,520000
29016320,9292617000,9292634000,9286714000,9290704000,77,5903000,5920000,3990000
29016321,9289510000,9292064000,9282659000,9288174000,96,6851000,9405000,5515000
29016322,9287104000,9302504000,9287104000,9295394000,81,0,15400000,8290000
29016323,9295333000,9298294000,9292910000,9293234000,51,2423000,5384000,324000
29016324,9292984000,9294584000,9291724000,9292234000,40,1260000,2860000,510000
29016325,9293324000,9293544000,9283994000,9283994000,45,9330000,9550000,0
29016326,9284404000,9292804000,9283994000,9288954000,53,410000,8810000,4960000
29016327,9290064000,9297264000,9290064000,9297264000,22,0,7200000,7200000
29016328,9297244000,9297254000,9292854000,9294484000,35,4390000,4400000,1630000
29016329,9293785000,9294574000,9292374000,9292374000,31,1411000,2200000,0
29016330,9290631000,9293024000,9286824000,9291924000,49,3807000,6200000,5100000
29016331,9292254000,9297474000,9292254000,9294984000,53,0,5220000,2730000
29016332,9294644000,9297804000,9293104000,9296234000,57,1540000,4700000,3130000
29016333,9295853000,9299814000,9293144000,9299814000,45,2709000,6670000,6670000
29016334,9300294000,9300304000,9297654000,9298474000,62,2640000,2650000,820000
29016335,9299504000,9301204000,9299024000,9301024000,26,480000,2180000,2000000
29016336,9301020000,9301964000,9300984000,9301964000,17,36000,980000,980000
29016337,9301974000,9306784000,9301974000,9305824000,46,0,4810000,3850000
29016338,9306474000,9310864000,9306474000,9307544000,65,0,4390000,1070000
29016339,9307944000,9315144000,9304784000,9314534000,75,3160000,10360000,9750000
29016340,9313904000,9314534000,9306594000,9309094000,51,7310000,7940000,2500000
29016341,9308186000,9312984000,9307654000,9312984000,31,532000,5330000,5330000
29016342,9312984000,9319584000,9309974000,9317114000,62,3010000,9610000,7140000
29016343,9317064000,9319604000,9313781000,9319604000,50,3283000,5823000,5823000
29016344,9319594000,9323404000,9319184000,9321664000,37,410000,4220000,2480000
29016345,9320404000,9321984000,9316056000,9317464000,70,4348000,5928000,1408000
29016346,9318574000,9328374000,9317634000,9323554000,48,940000,10740000,5920000
29016347,9322164000,9326974000,9317804000,9325064000,50,4360000,9170000,7260000
29016348,9323984000,9328404000,9319484000,9327284000,51,4500000,8920000,7800000
29016349,9326926000,9327284000,9323491000,9323534000,56,3435000,3793000,43000
29016350,9323204000,9325804000,9320474000,9320474000,49,2730000,5330000,0
29016351,9319624000,9324324000,9319624000,9322734000,42,0,4700000,3110000
29016352,9321214000,9321214000,9317624000,9317624000,31,3590000,3590000,0
29016353,9318454000,9318454000,9313984000,9313984000,25,4470000,4470000,0
29016354,9313904000,9315004000,9313014000,9314474000,24,890000,1990000,1460000
29016355,9315544000,9315614000,9313014000,9313014000,33,2530000,2600000,0
29016356,9313464000,9316054000,9313464000,9316054000,42,0,2590000,2590000
29016357,9315621000,9317474000,9312609000,9317474000,49,3012000,4865000,4865000
29016358,9318454000,9318974000,9316354000,9318974000,37,2100000,2620000,2620000
29016359,9320214000,9327224000,9319554000,9325824000,36,660000,7670000,6270000
29016360,9327255000,9327255000,9315764000,9315764000,69,11491000,11491000,0
29016361,9317004000,9320494000,9314434000,9317694000,50,2570000,6060000,3260000
29016362,9317516000,9318984000,9314984000,9316734000,40,2532000,4000000,1750000
29016363,9316544000,9316974000,9310364000,9313984000,36,6180000,6610000,3620000
29016364,9311584000,9313304000,9309424000,9309424000,36,2160000,3880000,0
29016365,9309414000,9309414000,9303984000,9303984000,33,5430000,5430000,0
29016366,9303824000,9303824000,9296237000,9297684000,62,7587000,7587000,1447000
29016367,9296024000,9296684000,9290984000,9290984000,44,5040000,5700000,0
29016368,9290781000,9290814000,9286484000,9287964000,48,4297000,4330000,1480000
29016369,9288614000,9298974000,9288614000,9298974000,58,0,10360000,10360000
29016370,9299974000,9308064000,9299974000,9303324000,59,0,8090000,3350000
29016371,9305654000,9309414000,9305654000,9309414000,32,0,3760000,3760000
29016372,9308594000,9308594000,9303984000,9305924000,52,4610000,4610000,1940000
29016373,9306694000,9306694000,9298906000,9298914000,61,7788000,7788000,8000
29016374,9298105000,9298105000,9291704000,9292554000,45,6401000,6401000,850000
29016375,9293204000,9293204000,9287839000,9289224000,50,5365000,5365000,1385000
29016376,9290484000,9294494000,9288984000,9294494000,52,1500000,5510000,5510000
29016377,9293454000,9294494000,9287984000,9290874000,72,5470000,6510000,2890000
29016378,9290364000,9297074000,9290364000,9294534000,47,0,6710000,4170000
29016379,9293604000,9296884000,9289114000,9289114000,53,4490000,7770000,0
29016380,9289444000,9292964000,9282984000,9283724000,58,6460000,9980000,740000
29016381,9283014000,9283014000,9277784000,9278164000,58,5230000,5230000,380000
29016382,9277284000,9280324000,9276684000,9277894000,53,600000,3640000,1210000
29016383,9278574000,9279554000,9272073000,9272314000,51,6501000,7481000,241000
29016384,9273174000,9275844000,9270674000,9273034000,62,2500000,5170000,2360000
29016385,9273774000,9275994000,9273734000,9275994000,26,40000,2260000,2260000
29016386,9275944000,9276919000,9270984000,9273474000,43,4960000,5935000,2490000
29016387,9272384000,9275844000,9270984000,9274514000,45,1400000,4860000,3530000
29016388,9275174000,9278034000,9272544000,9276774000,62,2630000,5490000,4230000
29016389,9277294000,9278624000,9277104000,9278054000,39,190000,1520000,950000
29016390,9276994000,9278214000,9267084000,9270424000,103,9910000,11130000,3340000
29016391,9271114000,9271474000,9267204000,9268454000,80,3910000,4270000,1250000
29016392,9267434000,9268224000,9259254000,9259384000,94,8180000,8970000,130000
29016393,9258994000,9261964000,9252854000,9252974000,88,6140000,9110000,120000
29016394,9254414000,9257164000,9249484000,9249554000,62,4930000,7680000,70000
29016395,9250234000,9253334000,9249484000,9249484000,43,750000,3850000,0
29016396,9250184000,9250404000,9249484000,9249564000,30,700000,920000,80000
29016397,9249484000,9249484000,9244764000,9246254000,24,4720000,4720000,1490000
29016398,9246674000,9248654000,9242254000,9242254000,52,4420000,6400000,0
29016399,9243454000,9244484000,9234484000,9234484000,57,8970000,10000000,0
29016400,9231534000,9231534000,9206484000,9208524000,167,25050000,25050000,2040000
29016401,9207194000,9222404000,9205254000,9206014000,152,1940000,17150000,760000
29016402,9205534000,9210874000,9199154000,9210874000,106,6380000,11720000,11720000
29016403,9211934000,9213724000,9200074000,9201374000,106,11860000,13650000,1300000
29016404,9202094000,9202094000,9194704000,9194704000,60,7390000,7390000,0
29016405,9195534000,9199974000,9194974000,9197347000,98,560000,5000000,2373000
29016406,9196234000,9201234000,9190084000,9190974000,97,6150000,11150000,890000
29016407,9190514000,9191684000,9186074000,9186584000,79,4440000,5610000,510000
29016408,9187314000,9202974000,9185584000,9200284000,114,1730000,17390000,14700000
29016409,9200594000,9226234000,9200594000,9207714000,166,0,25640000,7120000
29016410,9207714000,9207714000,9185954000,9188884000,146,21760000,21760000,2930000
29016411,9189014000,9189014000,9167764000,9169984000,152,21250000,21250000,2220000
29016412,9171374000,9171374000,9152914000,9152914000,109,18460000,18460000,0
29016413,9155294000,9155864000,9133224000,9137334000,150,22070000,22640000,4110000
29016414,9136164000,9156734000,9132424000,9144404000,163,3740000,24310000,11980000
29016415,9145144000,9158974000,9136187000,9136187000,163,8957000,22787000,0
29016416,9136154000,9145054000,9129484000,9136314000,131,6670000,15570000,6830000
29016417,9133798000,9136534000,9129494000,9133664000,95,4304000,7040000,4170000
29016418,9133596000,9138974000,9131484000,9136764000,129,2112000,7490000,5280000
29016419,9135554000,9162054000,9135554000,9159784000,150,0,26500000,24230000
29016420,9161544000,9169324000,9146930000,9146930000,146,14614000,22394000,0
29016421,9146826000,9146826000,9133984000,9135544000,144,12842000,12842000,1560000
29016422,9135674000,9139424000,9129494000,9129604000,123,6180000,9930000,110000
29016423,9129614000,9129864000,9115324000,9118754000,152,14290000,14540000,3430000
29016424,9121554000,9125634000,9115274000,9121814000,172,6280000,10360000,6540000
29016425,9121084000,9163694000,9118484000,9154534000,200,2600000,45210000,36050000
29016426,9151974000,9177374000,9148984000,9168184000,181,2990000,28390000,19200000
29016427,9166584000,9192534000,9159093000,9159093000,183,7491000,33441000,0
29016428,9158984000,9159724000,9140484000,9144194000,171,18500000,19240000,3710000
29016429,9143292000,9158974000,9141784000,9155704000,172,1508000,17190000,13920000
29016430,9155954000,9175984000,9148984000,9174644000,185,6970000,27000000,25660000
29016431,9174664000,9187464000,9173984000,9185494000,170,680000,13480000,11510000
29016432,9182584000,9202574000,9175414000,9198094000,151,7170000,27160000,22680000
29016433,9199744000,9200234000,9193884000,9200034000,112,5860000,6350000,6150000
29016434,9199474000,9207774000,9182454000,9183044000,147,17020000,25320000,590000
29016435,9182804000,9199134000,9182804000,9190984000,147,0,16330000,8180000
29016436,9191734000,9203914000,9189484000,9190504000,148,2250000,14430000,1020000
29016437,9189676000,9197104000,9168994000,9177374000,169,20682000,28110000,8380000
29016438,9178974000,9181024000,9173484000,9176274000,137,5490000,7540000,2790000
29016439,9178214000,9196854000,9176994000,9193974000,142,1220000,19860000,16980000
29016440,9192104000,9197564000,9189094000,9190154000,103,3010000,8470000,1060000
29016441,9190974000,9192784000,9186128000,9186584000,102,4846000,6656000,456000
29016442,9187694000,9192114000,9177794000,9188604000,131,9900000,14320000,10810000
29016443,9188604000,9191234000,9175214000,9178984000,105,13390000,16020000,3770000
29016444,9177753000,9181444000,9171894000,9173994000,129,5859000,9550000,2100000
29016445,9172444000,9174784000,9159614000,9161284000,120,12830000,15170000,1670000
29016446,9161494000,9170827000,9158484000,9166224000,143,3010000,12343000,7740000
29016447,9164728000,9173534000,9158064000,9171634000,137,6664000,15470000,13570000
29016448,9172574000,9187714000,9169434000,9186114000,137,3140000,18280000,16680000
29016449,9185564000,9191474000,9181984000,9191474000,92,3580000,9490000,9490000
29016450,9191594000,9194774000,9181513000,9193234000,132,10081000,13261000,11721000
29016451,9193574000,9199774000,9191114000,9199124000,104,2460000,8660000,8010000
29016452,9198294000,9212734000,9198294000,9210224000,112,0,14440000,11930000
29016453,9210544000,9213634000,9201974000,9204774000,116,8570000,11660000,2800000
29016454,9205514000,9207574000,9198984000,9206854000,96,6530000,8590000,7870000
29016455,9207204000,9207204000,9186694000,9191344000,105,20510000,20510000,4650000
29016456,9191344000,9205764000,9190914000,9204974000,123,430000,14850000,14060000
29016457,9203464000,9214734000,9202614000,9214084000,94,850000,12120000,11470000
29016458,9213064000,9222384000,9210694000,9214024000,109,2370000,11690000,3330000
29016459,9213574000,9216974000,9208984000,9216974000,93,4590000,7990000,7990000
29016460,9216974000,9217514000,9202805000,9207474000,103,14169000,14709000,4669000
29016461,9207360000,9213974000,9203734000,9203734000,115,3626000,10240000,0
29016462,9203754000,9206984000,9203734000,9206124000,52,20000,3250000,2390000
29016463,9205934000,9205944000,9193744000,9200124000,80,12190000,12200000,6380000
29016464,9198754000,9208974000,9197974000,9208974000,75,780000,11000000,11000000
29016465,9207754000,9229614000,9207754000,9224114000,123,0,21860000,16360000
29016466,9223984000,9223984000,9214984000,9218774000,121,9000000,9000000,3790000
29016467,9217304000,9227974000,9216924000,9227964000,72,380000,11050000,11040000
29016468,9227974000,9232074000,9223184000,9227974000,95,4790000,8890000,4790000
29016469,9227504000,9227504000,9219554000,9222174000,47,7950000,7950000,2620000
29016470,9221904000,9224054000,9217904000,9224054000,60,4000000,6150000,6150000
29016471,9224054000,9229354000,9221734000,9223974000,68,2320000,7620000,2240000
29016472,9224434000,9233794000,9224434000,9232944000,85,0,9360000,8510000
29016473,9233614000,9239854000,9233614000,9238044000,59,0,6240000,4430000
29016474,9237434000,9239844000,9231984000,9239844000,67,5450000,7860000,7860000
29016475,9238574000,9249494000,9238574000,9243694000,92,0,10920000,5120000
29016476,9243104000,9250144000,9241184000,9245444000,89,1920000,8960000,4260000
29016477,9244654000,9244964000,9233984000,9235434000,63,10670000,10980000,1450000
29016478,9236374000,9238974000,9234644000,9236384000,69,1730000,4330000,1740000
29016479,9236384000,9237104000,9229184000,9230303000,72,7200000,7920000,1119000
29016480,9229657000,9232684000,9218984000,9219854000,99,10673000,13700000,870000
29016481,9218984000,9224674000,9216474000,9217484000,86,2510000,8200000,1010000
29016482,9216594000,9222124000,9216594000,9222124000,60,0,5530000,5530000
29016483,9223694000,9229774000,9219954000,9229774000,64,3740000,9820000,9820000
29016484,9230124000,9233974000,9225396000,9233974000,62,4728000,8578000,8578000
29016485,9231934000,9231934000,9219064000,9219064000,80,12870000,12870000,0
29016486,9219694000,9226404000,9217778000,9217884000,87,1916000,8626000,106000
29016487,9216704000,9228034000,9215834000,9225384000,83,870000,12200000,9550000
29016488,9225994000,9228974000,9224284000,9227944000,65,1710000,4690000,3660000
29016489,9226984000,9229374000,9223934000,9227404000,43,3050000,5440000,3470000
29016490,9228574000,9228974000,9222802000,9222984000,40,5772000,6172000,182000
29016491,9223354000,9223354000,9214114000,9214114000,63,9240000,9240000,0
29016492,9214584000,9222764000,9214584000,9222254000,49,0,8180000,7670000
29016493,9220174000,9220174000,9212984000,9213254000,47,7190000,7190000,270000
29016494,9213714000,9217544000,9211484000,9213714000,55,2230000,6060000,2230000
29016495,9213974000,9219004000,9207374000,9208604000,75,6600000,11630000,1230000
29016496,9208684000,9213974000,9204034000,9204034000,77,4650000,9940000,0
29016497,9203984000,9207374000,9192804000,9192804000,86,11180000,14570000,0
29016498,9191984000,9203404000,9190774000,9203404000,87,1210000,12630000,12630000
29016499,9204644000,9208154000,9201354000,9205254000,94,3290000,6800000,3900000
29016500,9204994000,9204994000,9190784000,9192454000,94,14210000,14210000,1670000
29016501,9193134000,9199044000,9187784000,9190484000,90,5350000,11260000,2700000
29016502,9189999000,9189999000,9178984000,9186274000,119,11015000,11015000,7290000
29016503,9188974000,9189794000,9173524000,9177774000,119,15450000,16270000,4250000
29016504,9177166000,9178304000,9171654000,9178084000,96,5512000,6650000,6430000
29016505,9177724000,9180084000,9164744000,9165854000,111,12980000,15340000,1110000
29016506,9164934000,9176664000,9159784000,9159784000,133,5150000,16880000,0
29016507,9161174000,9168984000,9158424000,9168984000,118,2750000,10560000,10560000
29016508,9168514000,9185094000,9166284000,9184814000,107,2230000,18810000,18530000
29016509,9185784000,9190064000,9183724000,9190064000,71,2060000,6340000,6340000
29016510,9190036000,9199974000,9185034000,9192735000,120,5002000,14940000,7701000
29016511,9192984000,9192984000,9168984000,9175974000,126,24000000,24000000,6990000
29016512,9176104000,9177104000,9167034000,9170984000,108,9070000,10070000,3950000
29016513,9170914000,9186544000,9170084000,9186544000,115,830000,16460000,16460000
29016514,9186954000,9195024000,9180444000,9182514000,123,6510000,14580000,2070000
29016515,9180831000,9193174000,9178932000,9191574000,99,1899000,14242000,12642000
29016516,9191179000,9197564000,9189954000,9193034000,117,1225000,7610000,3080000
29016517,9194074000,9201874000,9190464000,9190464000,92,3610000,11410000,0
29016518,9189954000,9193744000,9186094000,9186174000,91,3860000,7650000,80000
29016519,9187398000,9192174000,9184234000,9190154000,76,3164000,7940000,5920000
29016520,9189734000,9202914000,9187454000,9202914000,93,2280000,15460000,15460000
29016521,9201564000,9209674000,9199504000,9206984000,88,2060000,10170000,7480000
29016522,9207764000,9214704000,9205884000,9212654000,83,1880000,8820000,6770000
29016523,9213054000,9214594000,9202554000,9204264000,81,10500000,12040000,1710000
29016524,9204524000,9204774000,9194814000,9194814000,46,9710000,9960000,0
29016525,9196034000,9197114000,9191384000,9193984000,90,4650000,5730000,2600000
29016526,9193374000,9193374000,9175194000,9175194000,113,18180000,18180000,0
29016527,9173654000,9177024000,9163784000,9168624000,118,9870000,13240000,4840000
29016528,9168624000,9168624000,9152354000,9156714000,125,16270000,16270000,4360000
29016529,9157254000,9162534000,9149174000,9153854000,143,8080000,13360000,4680000
29016530,9154704000,9156844000,9142044000,9144784000,105,12660000,14800000,2740000
29016531,9143984000,9143984000,9129346000,9135974000,162,14638000,14638000,6628000
29016532,9134644000,9137234000,9128984000,9129984000,104,5660000,8250000,1000000
29016533,9131744000,9145984000,9124804000,9135254000,158,6940000,21180000,10450000
29016534,9134954000,9140634000,9120984000,9122664000,136,13970000,19650000,1680000
29016535,9122784000,9127534000,9116994000,9126974000,134,5790000,10540000,9980000
29016536,9125214000,9130134000,9118984000,9124614000,133,6230000,11150000,5630000
29016537,9125184000,9125714000,9108984000,9120404000,129,16200000,16730000,11420000
29016538,9121624000,9141274000,9121504000,9133164000,158,120000,19770000,11660000
29016539,9133704000,9144574000,9125734000,9143384000,127,7970000,18840000,17650000
29016540,9143034000,9149084000,9120264000,9121262000,172,22770000,28820000,998000
29016541,9120634000,9126174000,9116754000,9116754000,172,3880000,9420000,0
29016542,9118764000,9126544000,9113984000,9122974000,144,4780000,12560000,8990000
29016543,9122303000,9144564000,9121234000,9138984000,150,1069000,23330000,17750000
29016544,9141724000,9162114000,9141724000,9153934000,154,0,20390000,12210000
29016545,9154244000,9158974000,9146024000,9149674000,164,8220000,12950000,3650000
29016546,9149908000,9155774000,9139614000,9140774000,155,10294000,16160000,1160000
29016547,9140029000,9150354000,9136004000,9139014000,155,4025000,14350000,3010000
29016548,9139414000,9153084000,9133984000,9152974000,124,5430000,19100000,18990000
29016549,9153974000,9163974000,9153974000,9157524000,129,0,10000000,3550000
29016550,9157774000,9168174000,9154174000,9163984000,113,3600000,14000000,9810000
29016551,9164574000,9183274000,9161984000,9176754000,122,2590000,21290000,14770000
29016552,9178215000,9182124000,9168314000,9168314000,111,9901000,13810000,0
29016553,9168974000,9176974000,9161234000,9171414000,87,7740000,15740000,10180000
29016554,9171044000,9173714000,9159484000,9159484000,90,11560000,14230000,0
29016555,9160034000,9190224000,9159484000,9189094000,112,550000,30740000,29610000
29016556,9188984000,9189454000,9173304000,9174164000,117,15680000,16150000,860000
29016557,9173072000,9180644000,9168374000,9168874000,95,4698000,12270000,500000
29016558,9168974000,9175464000,9160714000,9166576000,106,8260000,14750000,5862000
29016559,9165844000,9167724000,9158984000,9162264000,118,6860000,8740000,3280000
29016560,9163034000,9164874000,9151324000,9152314000,128,11710000,13550000,990000
29016561,9151514000,9153284000,9127384000,9132994000,125,24130000,25900000,5610000
29016562,9133304000,9143974000,9122241000,9140984000,152,11063000,21733000,18743000
29016563,9141654000,9166645000,9141654000,9158014000,180,0,24991000,16360000
29016564,9158914000,9165884000,9155664000,9161624000,160,3250000,10220000,5960000
29016565,9161284000,9182634000,9161164000,9180454000,153,120000,21470000,19290000
29016566,9180974000,9183787000,9169264000,9174244000,149,11710000,14523000,4980000
29016567,9174914000,9175674000,9164584000,9168094000,119,10330000,11090000,3510000
29016568,9166204000,9174464000,9164454000,9172984000,115,1750000,10010000,8530000
29016569,9172144000,9184374000,9171494000,9183474000,112,650000,12880000,11980000
29016570,9182984000,9186474000,9171164000,9171594000,144,11820000,15310000,430000
29016571,9171164000,9180594000,9167874000,9171974000,156,3290000,12720000,4100000
29016572,9170894000,9181854000,9167947000,9169294000,130,2947000,13907000,1347000
29016573,9170044000,9178974000,9170044000,9175734000,142,0,8930000,5690000
29016574,9175462000,9187904000,9169037000,9187044000,113,6425000,18867000,18007000
29016575,9188394000,9195874000,9186904000,9195874000,97,1490000,8970000,8970000
29016576,9195894000,9201634000,9194264000,9199154000,119,1630000,7370000,4890000
29016577,9197236000,9202034000,9193354000,9195534000,118,3882000,8680000,2180000
29016578,9195534000,9196964000,9181304000,9184634000,107,14230000,15660000,3330000
29016579,9185484000,9185484000,9179347000,9180674000,60,6137000,6137000,1327000
29016580,9180174000,9189954000,9177939000,9188064000,95,2235000,12015000,10125000
29016581,9187634000,9197424000,9179944000,9193634000,85,7690000,17480000,13690000
29016582,9193184000,9196664000,9186190000,9190114000,77,6994000,10474000,3924000
29016583,9189624000,9195344000,9186294000,9195344000,98,3330000,9050000,9050000
29016584,9195714000,9198374000,9189704000,9189704000,95,6010000,8670000,0
29016585,9188054000,9193404000,9179594000,9192534000,133,8460000,13810000,12940000
29016586,9193304000,9197044000,9190539000,9196714000,107,2765000,6505000,6175000
29016587,9197034000,9197034000,9181724000,9185064000,78,15310000,15310000,3340000
29016588,9185604000,9185774000,9174124000,9177634000,117,11480000,11650000,3510000
29016589,9178184000,9180404000,9172439000,9173484000,92,5745000,7965000,1045000
29016590,9173084000,9182774000,9172464000,9175824000,95,620000,10310000,3360000
29016591,9175364000,9191014000,9175364000,9189814000,75,0,15650000,14450000
29016592,9190984000,9197274000,9190984000,9196394000,96,0,6290000,5410000
29016593,9197274000,9199804000,9192174000,9195454000,68,5100000,7630000,3280000
29016594,9196654000,9198914000,9191735000,9192544000,57,4919000,7179000,809000
29016595,9191824000,9193994000,9185304000,9191264000,78,6520000,8690000,5960000
29016596,9190688000,9193914000,9186322000,9192444000,60,4366000,7592000,6122000
29016597,9191110000,9191110000,9182575000,9190344000,74,8535000,8535000,7769000
29016598,9187604000,9190114000,9184734000,9186814000,76,2870000,5380000,2080000
29016599,9185804000,9185804000,9179784000,9179784000,31,6020000,6020000,0
29016600,9178501000,9191234000,9178501000,9188404000,84,0,12733000,9903000
29016601,9188544000,9192474000,9179974000,9180974000,93,8570000,12500000,1000000
29016602,9180104000,9185714000,9172187000,9185714000,103,7917000,13527000,13527000
29016603,9186054000,9191204000,9185604000,9189714000,105,450000,5600000,4110000
29016604,9189604000,9192564000,9181934000,9192564000,68,7670000,10630000,10630000
29016605,9191972000,9191972000,9181260000,9181984000,95,10712000,10712000,724000
29016606,9182014000,9189624000,9174784000,9183354000,93,7230000,14840000,8570000
29016607,9184694000,9185064000,9178984000,9179184000,104,5710000,6080000,200000
29016608,9180484000,9186064000,9175714000,9176084000,81,4770000,10350000,370000
29016609,9176584000,9178814000,9171944000,9172104000,102,4640000,6870000,160000
29016610,9171394000,9173374000,9165954000,9167794000,124,5440000,7420000,1840000
29016611,9167974000,9170074000,9158984000,9160024000,118,8990000,11090000,1040000
29016612,9160144000,9165564000,9155274000,9155274000,122,4870000,10290000,0
29016613,9155714000,9161264000,9149084000,9156104000,143,6630000,12180000,7020000
29016614,9156984000,9161044000,9153254000,9154694000,83,3730000,7790000,1440000
29016615,9154694000,9165154000,9152044000,9165154000,115,2650000,13110000,13110000
29016616,9164744000,9189524000,9164744000,9188984000,134,0,24780000,24240000
29016617,9188984000,9211314000,9188694000,9211314000,139,290000,22620000,22620000
29016618,9208324000,9208324000,9198494000,9202434000,140,9830000,9830000,3940000
29016619,9202004000,9202004000,9188984000,9194814000,113,13020000,13020000,5830000
29016620,9195774000,9203864000,9190351000,9203864000,101,5423000,13513000,13513000
29016621,9204864000,9215474000,9202384000,9213984000,111,2480000,13090000,11600000
29016622,9214274000,9215474000,9201674000,9204404000,124,12600000,13800000,2730000
29016623,9204907000,9205854000,9198514000,9201864000,94,6393000,7340000,3350000
29016624,9200761000,9201894000,9198984000,9201894000,46,1777000,2910000,2910000
29016625,9200564000,9205114000,9197234000,9200654000,70,3330000,7880000,3420000
29016626,9200984000,9200984000,9192194000,9198964000,91,8790000,8790000,6770000
29016627,9197554000,9203974000,9196610000,9203124000,79,944000,7364000,6514000
29016628,9202474000,9202474000,9196984000,9201414000,86,5490000,5490000,4430000
29016629,9201924000,9203474000,9197604000,9198144000,48,4320000,5870000,540000
29016630,9198484000,9200704000,9192984000,9200704000,50,5500000,7720000,7720000
29016631,9201274000,9208904000,9197224000,9208904000,77,4050000,11680000,11680000
29016632,9210974000,9213974000,9205844000,9205854000,92,5130000,8130000,10000
29016633,9205844000,9205844000,9199674000,9203814000,87,6170000,6170000,4140000
29016634,9202824000,9208004000,9201965000,9203984000,79,859000,6039000,2019000
29016635,9203474000,9204284000,9197234000,9204284000,58,6240000,7050000,7050000
29016636,9203024000,9211824000,9202024000,9211124000,92,1000000,9800000,9100000
29016637,9211724000,9232974000,9211724000,9230984000,91,0,21250000,19260000
29016638,9232774000,9237774000,9232034000,9237774000,90,740000,5740000,5740000
29016639,9238874000,9245294000,9235834000,9236384000,97,3040000,9460000,550000
29016640,9236254000,9236295000,9221614000,9223524000,112,14640000,14681000,1910000
29016641,9222974000,9228694000,9219674000,9223429000,88,3300000,9020000,3755000
29016642,9223384000,9225284000,9218254000,9218364000,82,5130000,7030000,110000
29016643,9219084000,9226164000,9219084000,9225224000,73,0,7080000,6140000
29016644,9226114000,9230174000,9220804000,9230174000,76,5310000,9370000,9370000
29016645,9230834000,9230834000,9219820000,9222642000,91,11014000,11014000,2822000
29016646,9222824000,9228164000,9217268000,9226404000,105,5556000,10896000,9136000
29016647,9227774000,9231714000,9223754000,9230914000,103,4020000,7960000,7160000
29016648,9230234000,9236674000,9228424000,9234444000,91,1810000,8250000,6020000
29016649,9235324000,9240934000,9232184000,9239274000,80,3140000,8750000,7090000
29016650,9238984000,9238984000,9228434000,9229774000,83,10550000,10550000,1340000
29016651,9228129000,9229644000,9224984000,9224984000,73,3145000,4660000,0
29016652,9224484000,9230024000,9224484000,9230024000,56,0,5540000,5540000
29016653,9229296000,9238814000,9229296000,9236424000,75,0,9518000,7128000
29016654,9235754000,9235754000,9231384000,9233524000,61,4370000,4370000,2140000
29016655,9235724000,9236974000,9230884000,9230924000,59,4840000,6090000,40000
29016656,9231374000,9236474000,9230884000,9235784000,27,490000,5590000,4900000
29016657,9235094000,9243544000,9231994000,9241914000,69,3100000,11550000,9920000
29016658,9241934000,9247474000,9238271000,9244974000,88,3663000,9203000,6703000
29016659,9245434000,9252664000,9245434000,9249474000,83,0,7230000,4040000
29016660,9246624000,9246664000,9240694000,9246504000,100,5930000,5970000,5810000
29016661,9248344000,9259284000,9244104000,9259284000,89,4240000,15180000,15180000
29016662,9261374000,9261374000,9239304000,9239934000,118,22070000,22070000,630000
29016663,9239434000,9244974000,9237784000,9244974000,64,1650000,7190000,7190000
29016664,9244514000,9245894000,9238434000,9242904000,62,6080000,7460000,4470000
29016665,9241024000,9241974000,9235144000,9236034000,53,5880000,6830000,890000
29016666,9236404000,9244964000,9236014000,9244964000,75,390000,8950000,8950000
29016667,9245064000,9256314000,9245064000,9255754000,77,0,11250000,10690000
29016668,9256314000,9259104000,9251044000,9256034000,97,5270000,8060000,4990000
29016669,9255574000,9278434000,9254474000,9277034000,132,1100000,23960000,22560000
29016670,9276874000,9285474000,9268704000,9269134000,151,8170000,16770000,430000
29016671,9268082000,9271484000,9265404000,9267484000,104,2678000,6080000,2080000
29016672,9266844000,9267484000,9260064000,9267484000,87,6780000,7420000,7420000
29016673,9269104000,9273164000,9267484000,9270754000,71,1620000,5680000,3270000
29016674,9271964000,9271964000,9261724000,9266484000,75,10240000,10240000,4760000
29016675,9266844000,9270484000,9256304000,9256674000,110,10540000,14180000,370000
29016676,9256304000,9265574000,9254024000,9265474000,102,2280000,11550000,11450000
29016677,9264984000,9265574000,9259114000,9260384000,77,5870000,6460000,1270000
29016678,9261984000,9261984000,9248984000,9248984000,113,13000000,13000000,0
29016679,9247424000,9255674000,9240264000,9254854000,97,7160000,15410000,14590000
29016680,9254114000,9271974000,9253984000,9266544000,133,130000,17990000,12560000
29016681,9266954000,9278634000,9254964000,9260944000,158,11990000,23670000,5980000
29016682,9259830000,9269022000,9258024000,9259234000,113,1806000,10998000,1210000
29016683,9259206000,9262274000,9251594000,9257254000,96,7612000,10680000,5660000
29016684,9255604000,9258474000,9249984000,9252564000,89,5620000,8490000,2580000
29016685,9253224000,9260144000,9246484000,9259454000,91,6740000,13660000,12970000
29016686,9258724000,9263474000,9256684000,9258364000,80,2040000,6790000,1680000
29016687,9257784000,9261124000,9255026000,9258094000,86,2758000,6098000,3068000
29016688,9257294000,9258974000,9251399000,9254874000,57,5895000,7575000,3475000
29016689,9253804000,9274584000,9253804000,9266894000,100,0,20780000,13090000
29016690,9266878000,9272904000,9253184000,9259094000,105,13694000,19720000,5910000
29016691,9259704000,9261974000,9255094000,9259394000,70,4610000,6880000,4300000
29016692,9258728000,9261884000,9257864000,9259234000,83,864000,4020000,1370000
29016693,9258064000,9261864000,9246124000,9248794000,117,11940000,15740000,2670000
29016694,9249084000,9251214000,9245841000,9248974000,88,3243000,5373000,3133000
29016695,9248574000,9252174000,9246445000,9252174000,76,2129000,5729000,5729000
29016696,9251514000,9251514000,9238984000,9241734000,83,12530000,12530000,2750000
29016697,9241027000,9248484000,9239654000,9241024000,83,1373000,8830000,1370000
29016698,9244384000,9247724000,9239984000,9247714000,66,4400000,7740000,7730000
29016699,9247293000,9247293000,9244084000,9244774000,36,3209000,3209000,690000
29016700,9245704000,9248974000,9245004000,9248974000,25,700000,3970000,3970000
29016701,9248064000,9252184000,9248064000,9250274000,26,0,4120000,2210000
29016702,9250864000,9252594000,9247244000,9252594000,60,3620000,5350000,5350000
29016703,9252984000,9253974000,9250864000,9252184000,32,2120000,3110000,1320000
29016704,9252514000,9257774000,9252514000,9253624000,41,0,5260000,1110000
29016705,9253974000,9259594000,9246354000,9259594000,72,7620000,13240000,13240000
29016706,9260214000,9265634000,9260214000,9262454000,68,0,5420000,2240000
29016707,9261724000,9268974000,9261724000,9265355000,58,0,7250000,3631000
29016708,9264004000,9264004000,9259684000,9259684000,58,4320000,4320000,0
29016709,9260084000,9260084000,9249284000,9249804000,56,10800000,10800000,520000
29016710,9249444000,9253444000,9248230000,9253444000,65,1214000,5214000,5214000
29016711,9253444000,9265574000,9253444000,9265384000,52,0,12130000,11940000
29016712,9264421000,9264474000,9259004000,9260274000,66,5417000,5470000,1270000
29016713,9259907000,9261124000,9253984000,9256534000,64,5923000,7140000,2550000
29016714,9256534000,9257204000,9252940000,9252940000,55,3594000,4264000,0
29016715,9252944000,9255954000,9252234000,9254654000,30,710000,3720000,2420000
29016716,9255284000,9255384000,9252734000,9253964000,21,2550000,2650000,1230000
29016717,9256194000,9267304000,9256194000,9263984000,40,0,11110000,7790000
29016718,9263234000,9266274000,9261884000,9265184000,77,1350000,4390000,3300000
29016719,9265204000,9268794000,9263984000,9268794000,40,1220000,4810000,4810000
29016720,9268974000,9283344000,9266194000,9280774000,143,2780000,17150000,14580000
29016721,9280234000,9288174000,9278854000,9287974000,108,1380000,9320000,9120000
29016722,9288304000,9298234000,9288304000,9297314000,96,0,9930000,9010000
29016723,9300081000,9318904000,9299644000,9318904000,142,437000,19260000,19260000
29016724,9318824000,9318974000,9305304000,9313524000,156,13520000,13670000,8220000
29016725,9313474000,9315294000,9298844000,9298984000,144,14630000,16450000,140000
29016726,9298984000,9308674000,9294584000,9294584000,129,4400000,14090000,0
29016727,9294954000,9318824000,9294954000,9312074000,141,0,23870000,17120000
29016728,9313384000,9320504000,9311864000,9317194000,124,1520000,8640000,5330000
29016729,9316652000,9316652000,9305709000,9307614000,98,10943000,10943000,1905000
29016730,9308304000,9308542000,9300554000,9303376000,111,7750000,7988000,2822000
29016731,9303169000,9308294000,9300531000,9300544000,86,2638000,7763000,13000
29016732,9300184000,9310644000,9299994000,9308974000,91,190000,10650000,8980000
29016733,9308634000,9313304000,9304044000,9308974000,82,4590000,9260000,4930000
29016734,9308261000,9310294000,9305024000,9310234000,83,3237000,5270000,5210000
29016735,9310284000,9316284000,9306194000,9313984000,88,4090000,10090000,7790000
29016736,9314484000,9314484000,9301704000,9302794000,97,12780000,12780000,1090000
29016737,9303314000,9307794000,9292054000,9292054000,103,11260000,15740000,0
29016738,9291004000,9295374000,9286984000,9291104000,107,4020000,8390000,4120000
29016739,9291654000,9298204000,9290064000,9290064000,77,1590000,8140000,0
29016740,9289194000,9295424000,9288164000,9288974000,111,1030000,7260000,810000
29016741,9289464000,9295734000,9289464000,9295734000,100,0,6270000,6270000
29016742,9295934000,9301164000,9295234000,9297404000,102,700000,5930000,2170000
29016743,9297394000,9306184000,9297394000,9305244000,65,0,8790000,7850000
29016744,9305154000,9305974000,9299504000,9300184000,68,5650000,6470000,680000
29016745,9299584000,9300894000,9294434000,9300894000,60,5150000,6460000,6460000
29016746,9301644000,9302274000,9289044000,9294334000,76,12600000,13230000,5290000
29016747,9294934000,9294934000,9286984000,9287544000,78,7950000,7950000,560000
29016748,9287378000,9289034000,9283974000,9285984000,55,3404000,5060000,2010000
29016749,9285494000,9285494000,9280114000,9280484000,53,5380000,5380000,370000
29016750,9280484000,9289294000,9278514000,9287534000,89,1970000,10780000,9020000
29016751,9289174000,9289354000,9270214000,9270474000,86,18960000,19140000,260000
29016752,9270224000,9275094000,9266684000,9273974000,112,3540000,8410000,7290000
29016753,9272944000,9273974000,9260394000,9270604000,86,12550000,13580000,10210000
29016754,9270524000,9304274000,9270524000,9296334000,159,0,33750000,25810000
29016755,9297634000,9307814000,9294354000,9301984000,164,3280000,13460000,7630000
29016756,9301554000,9302004000,9289454000,9289454000,132,12100000,12550000,0
29016757,9291454000,9293004000,9284714000,9288884000,110,6740000,8290000,4170000
29016758,9289574000,9294424000,9276414000,9278674000,107,13160000,18010000,2260000
29016759,9278274000,9283334000,9276364000,9282794000,106,1910000,6970000,6430000
29016760,9283334000,9287974000,9281491000,9285984000,98,1843000,6483000,4493000
29016761,9286284000,9295934000,9286284000,9293024000,101,0,9650000,6740000
29016762,9293159000,9301574000,9293114000,9300074000,94,45000,8460000,6960000
29016763,9299614000,9302934000,9295064000,9301654000,91,4550000,7870000,6590000
29016764,9303584000,9304734000,9294654000,9295764000,87,8930000,10080000,1110000
29016765,9296864000,9299334000,9292924000,9295694000,87,3940000,6410000,2770000
29016766,9295954000,9303974000,9295944000,9298754000,83,10000,8030000,2810000
29016767,9299504000,9304504000,9296974000,9304504000,85,2530000,7530000,7530000
29016768,9305034000,9311634000,9299594000,9310074000,73,5440000,12040000,10480000
29016769,9310674000,9311614000,9305984000,9307484000,64,4690000,5630000,1500000
29016770,9306704000,9308024000,9301284000,9308024000,61,5420000,6740000,6740000
29016771,9308324000,9310974000,9303464000,9304694000,79,4860000,7510000,1230000
29016772,9305594000,9305724000,9295750000,9298394000,68,9844000,9974000,2644000
29016773,9297284000,9297284000,9290664000,9292034000,42,6620000,6620000,1370000
29016774,9291998000,9292954000,9287984000,9292174000,68,4014000,4970000,4190000
29016775,9293534000,9293534000,9287984000,9291464000,66,5550000,5550000,3480000
29016776,9290524000,9292334000,9288474000,9291984000,40,2050000,3860000,3510000
29016777,9292184000,9295064000,9291684000,9294934000,44,500000,3380000,3250000
29016778,9295064000,9297904000,9294094000,9294094000,55,970000,3810000,0
29016779,9294874000,9297204000,9293984000,9297204000,55,890000,3220000,3220000
29016780,9298204000,9305764000,9289254000,9304824000,82,8950000,16510000,15570000
29016781,9304369000,9310224000,9304102000,9310224000,81,267000,6122000,6122000
29016782,9310504000,9313974000,9306564000,9313244000,111,3940000,7410000,6680000
29016783,9312319000,9314894000,9309654000,9311094000,100,2665000,5240000,1440000
29016784,9311534000,9318584000,9310884000,9315974000,90,650000,7700000,5090000
29016785,9315324000,9323404000,9303154000,9312474000,141,12170000,20250000,9320000
29016786,9314724000,9314724000,9307399000,9310354000,92,7325000,7325000,2955000
29016787,9309614000,9322174000,9308984000,9316414000,87,630000,13190000,7430000
29016788,9317504000,9318974000,9309614000,9312724000,108,7890000,9360000,3110000
29016789,9312724000,9312724000,9303504000,9308124000,71,9220000,9220000,4620000
29016790,9308034000,9308034000,9295434000,9295434000,81,12600000,12600000,0
29016791,9295984000,9295984000,9287274000,9287274000,64,8710000,8710000,0
29016792,9288784000,9291414000,9285594000,9291414000,70,3190000,5820000,5820000
29016793,9288974000,9291974000,9285984000,9288734000,56,2990000,5990000,2750000
29016794,9288734000,9288734000,9284124000,9286974000,61,4610000,4610000,2850000
29016795,9286284000,9293284000,9282284000,9286964000,76,4000000,11000000,4680000
29016796,9288914000,9296974000,9288914000,9291814000,82,0,8060000,2900000
29016797,9292724000,9296114000,9291634000,9294504000,94,1090000,4480000,2870000
29016798,9294504000,9295704000,9291114000,9294484000,42,3390000,4590000,3370000
29016799,9293984000,9293984000,9290202000,9292574000,67,3782000,3782000,2372000
29016800,9291474000,9293534000,9289384000,9289824000,52,2090000,4150000,440000
29016801,9291684000,9298364000,9289884000,9293214000,83,1800000,8480000,3330000
29016802,9294164000,9296644000,9289772000,9295094000,74,4392000,6872000,5322000
29016803,9294054000,9302964000,9289984000,9300634000,73,4070000,12980000,10650000
29016804,9301264000,9313334000,9301264000,9313204000,70,0,12070000,11940000
29016805,9311844000,9315234000,9310000000,9314234000,42,1844000,5234000,4234000
29016806,9312979000,9312979000,9304834000,9305504000,60,8145000,8145000,670000
29016807,9304914000,9310974000,9303944000,9310674000,47,970000,7030000,6730000
29016808,9309974000,9309974000,9305394000,9307724000,54,4580000,4580000,2330000
29016809,9308974000,9311494000,9295988000,9296934000,55,12986000,15506000,946000
29016810,9297484000,9302034000,9294954000,9299524000,45,2530000,7080000,4570000
29016811,9298164000,9308184000,9295834000,9307824000,70,2330000,12350000,11990000
29016812,9308574000,9310974000,9305484000,9310364000,71,3090000,5490000,4880000
29016813,9308764000,9312974000,9307254000,9312974000,60,1510000,5720000,5720000
29016814,9312274000,9317934000,9312234000,9315974000,57,40000,5700000,3740000
29016815,9314944000,9314944000,9308204000,9313474000,100,6740000,6740000,5270000
29016816,9312667000,9314474000,9309430000,9313014000,78,3237000,5044000,3584000
29016817,9313374000,9314474000,9309394000,9314474000,56,3980000,5080000,5080000
29016818,9313423000,9318974000,9312774000,9318974000,64,649000,6200000,6200000
29016819,9319434000,9319434000,9314634000,9316064000,67,4800000,4800000,1430000
29016820,9316714000,9328664000,9313894000,9326904000,88,2820000,14770000,13010000
29016821,9326784000,9354474000,9326784000,9349364000,142,0,27690000,22580000
29016822,9349085000,9355284000,9345341000,9350014000,105,3744000,9943000,4673000
29016823,9352434000,9363484000,9352434000,9362424000,137,0,11050000,9990000
29016824,9364214000,9364214000,9354900000,9358564000,115,9314000,9314000,3664000
29016825,9359464000,9363514000,9345984000,9346384000,128,13480000,17530000,400000
29016826,9345984000,9345984000,9332564000,9333364000,120,13420000,13420000,800000
29016827,9333684000,9339904000,9328504000,9336244000,115,5180000,11400000,7740000
29016828,9335854000,9339934000,9329714000,9339934000,92,6140000,10220000,10220000
29016829,9342224000,9346174000,9339984000,9339984000,93,2240000,6190000,0
29016830,9339300000,9339334000,9328984000,9330874000,94,10316000,10350000,1890000
29016831,9330554000,9332884000,9318624000,9318624000,95,11930000,14260000,0
29016832,9316634000,9328464000,9314464000,9325492000,142,2170000,14000000,11028000
29016833,9325348000,9333174000,9324114000,9324114000,119,1234000,9060000,0
29016834,9324095000,9330174000,9320584000,9330174000,102,3511000,9590000,9590000
29016835,9329544000,9333164000,9326664000,9330424000,85,2880000,6500000,3760000
29016836,9329924000,9336934000,9323984000,9335374000,93,5940000,12950000,11390000
29016837,9334354000,9337974000,9334354000,9337974000,44,0,3620000,3620000
29016838,9338544000,9343584000,9335754000,9341664000,90,2790000,7830000,5910000
29016839,9341164000,9353744000,9340984000,9352024000,87,180000,12760000,11040000
29016840,9351264000,9355734000,9338264000,9338264000,127,13000000,17470000,0
29016841,9338264000,9342534000,9333474000,9333924000,97,4790000,9060000,450000
29016842,9333124000,9334824000,9328074000,9333894000,108,5050000,6750000,5820000
29016843,9334494000,9349734000,9334442000,9349734000,78,52000,15292000,15292000
29016844,9351024000,9353474000,9346814000,9346814000,83,4210000,6660000,0
29016845,9345654000,9345654000,9338564000,9344854000,96,7090000,7090000,6290000
29016846,9344490000,9344491000,9335034000,9336124000,95,9456000,9457000,1090000
29016847,9336703000,9344574000,9334606000,9343464000,111,2097000,9968000,8858000
29016848,9342055000,9350874000,9342055000,9349604000,67,0,8819000,7549000
29016849,9349274000,9352294000,9344424000,9347894000,68,4850000,7870000,3470000
29016850,9347894000,9359794000,9345884000,9358574000,76,2010000,13910000,12690000
29016851,9358574000,9361664000,9358574000,9360974000,63,0,3090000,2400000
29016852,9360974000,9365074000,9350681000,9353204000,127,10293000,14393000,2523000
29016853,9353204000,9354064000,9342244000,9342824000,77,10960000,11820000,580000
29016854,9342254000,9358424000,9339024000,9357414000,98,3230000,19400000,18390000
29016855,9357414000,9358824000,9344704000,9348204000,115,12710000,14120000,3500000
29016856,9348964000,9348964000,9335204000,9337974000,139,13760000,13760000,2770000
29016857,9338174000,9338984000,9330234000,9333094000,110,7940000,8750000,2860000
29016858,9332774000,9335084000,9322304000,9322884000,97,10470000,12780000,580000
29016859,9322554000,9330324000,9314104000,9320584000,126,8450000,16220000,6480000
29016860,9320984000,9323624000,9311784000,9315054000,120,9200000,11840000,3270000
29016861,9315214000,9320304000,9312894000,9312894000,88,2320000,7410000,0
29016862,9311994000,9312634000,9292874000,9296364000,122,19120000,19760000,3490000
29016863,9295634000,9296354000,9271914000,9282894000,174,23720000,24440000,10980000
29016864,9282414000,9303614000,9272994000,9302424000,149,9420000,30620000,29430000
29016865,9301174000,9317824000,9296584000,9300274000,155,4590000,21240000,3690000
29016866,9303934000,9313964000,9303054000,9305274000,121,880000,10910000,2220000
29016867,9304968000,9312974000,9301674000,9307724000,118,3294000,11300000,6050000
29016868,9309974000,9312504000,9299184000,9302704000,112,10790000,13320000,3520000
29016869,9303634000,9311984000,9300274000,9311234000,105,3360000,11710000,10960000
29016870,9311584000,9319974000,9278984000,9279384000,205,32600000,40990000,400000
29016871,9277284000,9300078000,9264844000,9287734000,207,12440000,35234000,22890000
29016872,9288504000,9308844000,9272074000,9303734000,212,16430000,36770000,31660000
29016873,9303734000,9321514000,9285754000,9289484000,206,17980000,35760000,3730000
29016874,9287984000,9301024000,9273484000,9284624000,210,14500000,27540000,11140000
29016875,9284624000,9284624000,9247074000,9249494000,205,37550000,37550000,2420000
29016876,9248099000,9256825000,9233064000,9246724000,204,15035000,23761000,13660000
29016877,9247484000,9248214000,9205994000,9206184000,215,41490000,42220000,190000
29016878,9206834000,9206834000,9168054000,9186991000,219,38780000,38780000,18937000
29016879,9187224000,9195884000,9160484000,9160484000,215,26740000,35400000,0
29016880,9160704000,9201624000,9159148000,9177674000,214,1556000,42476000,18526000
29016881,9177364000,9191144000,9165014000,9185594000,203,12350000,26130000,20580000
29016882,9184689000,9185726000,9138984000,9138984000,196,45705000,46742000,0
29016883,9138484000,9142314000,9070904000,9092634000,222,67580000,71410000,21730000
29016884,9092974000,9132974000,9091984000,9130925000,222,990000,40990000,38941000
29016885,9130984000,9134784000,9083685000,9114164000,231,47299000,51099000,30479000
29016886,9114724000,9147974000,9110114000,9147554000,228,4610000,37860000,37440000
29016887,9147274000,9148854000,9120304000,9147254000,214,26970000,28550000,26950000
29016888,9145984000,9151664000,9130509000,9132714000,222,15475000,21155000,2205000
29016889,9132654000,9138824000,9100494000,9107204000,214,32160000,38330000,6710000
29016890,9107624000,9117824000,9080024000,9084414000,216,27600000,37800000,4390000
29016891,9084554000,9105414000,9064984000,9093944000,225,19570000,40430000,28960000
29016892,9093204000,9093684000,9034284000,9035834000,225,58920000,59400000,1550000
29016893,9035484000,9045454000,9015654000,9017044000,230,19830000,29800000,1390000
29016894,9017774000,9028824000,9004564000,9012754000,225,13210000,24260000,8190000
29016895,9015594000,9037264000,9002362000,9005804000,222,13232000,34902000,3442000
29016896,9006037000,9024087000,8948984000,8966085000,239,57053000,75103000,17101000
29016897,8966395000,8985219000,8921414000,8936194000,237,44981000,63805000,14780000
29016898,8936544000,8976881000,8932314000,8968234000,234,4230000,44567000,35920000
29016899,8967784000,8978604000,8912444000,8913339000,232,55340000,66160000,895000
29016900,8915056000,8966158000,8908984000,8962234000,234,6072000,57174000,53250000
29016901,8961144000,9002314000,8955504000,8983494000,234,5640000,46810000,27990000
29016902,8982734000,8989024000,8946224000,8971734000,238,36510000,42800000,25510000
29016903,8972154000,9000854000,8962499000,9000854000,233,9655000,38355000,38355000
29016904,9000274000,9023161000,8996569000,9017904000,226,3705000,26592000,21335000
29016905,9019714000,9020974000,8952715000,8960484000,221,66999000,68259000,7769000
29016906,8960984000,8983604000,8953454000,8967584000,232,7530000,30150000,14130000
29016907,8971464000,8998974000,8970904000,8973858000,212,560000,28070000,2954000
29016908,8973314000,8995044000,8963434000,8976164000,186,9880000,31610000,12730000
29016909,8975314000,8985074000,8968984000,8975474000,202,6330000,16090000,6490000
29016910,8975364000,9005104000,8967914000,9003974000,202,7450000,37190000,36060000
29016911,8999079000,9019784000,8998354000,9008814000,205,725000,21430000,10460000
29016912,9009364000,9031374000,9003964000,9031374000,207,5400000,27410000,27410000
29016913,9031684000,9056854000,9031684000,9054934000,191,0,25170000,23250000
29016914,9054034000,9054934000,9032554000,9039394000,197,21480000,22380000,6840000
29016915,9038234000,9038234000,8992964000,8992964000,199,45270000,45270000,0
29016916,8993964000,9001074000,8984614000,8996544000,185,9350000,16460000,11930000
29016917,8998386000,9007864000,8993984000,9000584000,171,4402000,13880000,6600000
29016918,9000258000,9022968000,8998784000,8998784000,176,1474000,24184000,0
29016919,8999044000,9011864000,8997784000,9002714000,160,1260000,14080000,4930000
29016920,9001443000,9038524000,9001443000,9030474000,174,0,37081000,29031000
29016921,9029054000,9088864000,9027114000,9078104000,200,1940000,61750000,50990000
29016922,9077544000,9097134000,9075287000,9087504000,206,2257000,21847000,12217000
29016923,9082997000,9121794000,9069044000,9112754000,203,13953000,52750000,43710000
29016924,9117344000,9125233000,9091714000,9092014000,197,25630000,33519000,300000
29016925,9092544000,9103144000,9074734000,9079094000,200,17810000,28410000,4360000
29016926,9078704000,9091614000,9069457000,9074734000,195,9247000,22157000,5277000
29016927,9078594000,9103574000,9077759000,9102994000,185,835000,25815000,25235000
29016928,9103734000,9110534000,9091614000,9094531000,199,12120000,18920000,2917000
29016929,9094184000,9106094000,9086194000,9102774000,201,7990000,19900000,16580000
29016930,9104490000,9121034000,9086994000,9089564000,205,17496000,34040000,2570000
29016931,9090124000,9090934000,9068274000,9073234000,193,21850000,22660000,4960000
29016932,9074134000,9080581000,9056674000,9056674000,160,17460000,23907000,0
29016933,9056674000,9056894000,9029384000,9041824000,182,27290000,27510000,12440000
29016934,9041844000,9057114000,9030504000,9055174000,170,11340000,26610000,24670000
29016935,9056084000,9060344000,9032484000,9047514000,179,23600000,27860000,15030000
29016936,9047624000,9058864000,9035944000,9055714000,171,11680000,22920000,19770000
29016937,9055724000,9056817000,9030467000,9039934000,133,25257000,26350000,9467000
29016938,9038602000,9057584000,9038602000,9056804000,181,0,18982000,18202000
29016939,9056784000,9076674000,9056784000,9061634000,176,0,19890000,4850000
29016940,9061087000,9070884000,9046224000,9067304000,192,14863000,24660000,21080000
29016941,9067184000,9073354000,9057926000,9070364000,194,9258000,15428000,12438000
29016942,9071854000,9075974000,9057934000,9057934000,164,13920000,18040000,0
29016943,9055553000,9074534000,9054254000,9070164000,174,1299000,20280000,15910000
29016944,9071384000,9074984000,9062904000,9065714000,144,8480000,12080000,2810000
29016945,9063172000,9065984000,9051624000,9059184000,176,11548000,14360000,7560000
29016946,9059566000,9059566000,9044434000,9044434000,184,15132000,15132000,0
29016947,9042324000,9056184000,9039224000,9054128000,169,3100000,16960000,14904000
29016948,9053804000,9056514000,9036484000,9036484000,149,17320000,20030000,0
29016949,9037224000,9051234000,9031754000,9051184000,164,5470000,19480000,19430000
29016950,9052544000,9063144000,9046264000,9054394000,169,6280000,16880000,8130000
29016951,9053734000,9075973000,9053734000,9072724000,165,0,22239000,18990000
29016952,9074144000,9074764000,9063984000,9066454000,146,10160000,10780000,2470000
29016953,9066474000,9076674000,9062984000,9068984000,131,3490000,13690000,6000000
29016954,9066974000,9068234000,9056484000,9063054000,139,10490000,11750000,6570000
29016955,9066264000,9068974000,9054004000,9058944000,160,12260000,14970000,4940000
29016956,9057694000,9057694000,9045774000,9051934000,154,11920000,11920000,6160000
29016957,9051354000,9051354000,9026984000,9027394000,170,24370000,24370000,410000
29016958,9027194000,9027194000,9003984000,9011514000,149,23210000,23210000,7530000
29016959,9011078000,9011774000,8990564000,8999924000,158,20514000,21210000,9360000
29016960,9001094000,9013774000,9001094000,9012994000,164,0,12680000,11900000
29016961,9013484000,9023974000,9004184000,9011724000,173,9300000,19790000,7540000
29016962,9012044000,9023974000,9008312000,9018974000,150,3732000,15662000,10662000
29016963,9019214000,9026014000,9016844000,9022364000,139,2370000,9170000,5520000
29016964,9023564000,9026014000,9008584000,9023974000,153,14980000,17430000,15390000
29016965,9023934000,9029974000,9019864000,9026484000,142,4070000,10110000,6620000
29016966,9026234000,9032474000,9012534000,9012534000,168,13700000,19940000,0
29016967,9011984000,9021974000,9006244000,9015268000,152,5740000,15730000,9024000
29016968,9013425000,9013425000,8981934000,8987764000,163,31491000,31491000,5830000
29016969,8988014000,8991974000,8975764000,8991974000,167,12250000,16210000,16210000
29016970,8993094000,9006175000,8985204000,8987344000,168,7890000,20971000,2140000
29016971,8987804000,8991787000,8964484000,8967689000,181,23320000,27303000,3205000
29016972,8967544000,8986944000,8966734000,8986784000,170,810000,20210000,20050000
29016973,8990434000,9000964000,8989524000,8999231000,158,910000,11440000,9707000
29016974,9000104000,9003504000,8990884000,8996384000,153,9220000,12620000,5500000
29016975,8998814000,9004954000,8979789000,8983554000,164,19025000,25165000,3765000
29016976,8984384000,9018754000,8983144000,9018754000,171,1240000,35610000,35610000
29016977,9021414000,9032274000,9017114000,9019954000,175,4300000,15160000,2840000
29016978,9019594000,9045774000,9017974000,9039599000,153,1620000,27800000,21625000
29016979,9039587000,9045304000,9033344000,9043004000,157,6243000,11960000,9660000
29016980,9042264000,9048114000,9033224000,9048114000,159,9040000,14890000,14890000
29016981,9046744000,9064824000,9046264000,9058984000,157,480000,18560000,12720000
29016982,9057964000,9071064000,9057964000,9069269000,133,0,13100000,11305000
29016983,9069304000,9070264000,9054784000,9055324000,157,14520000,15480000,540000
29016984,9053634000,9054294000,9044004000,9049684000,120,9630000,10290000,5680000
29016985,9051464000,9051464000,9028524000,9028524000,136,22940000,22940000,0
29016986,9025984000,9039674000,9024794000,9037974000,152,1190000,14880000,13180000
29016987,9040514000,9047334000,9034664000,9035394000,125,5850000,12670000,730000
29016988,9037504000,9037644000,9018520000,9018704000,116,18984000,19124000,184000
29016989,9021674000,9026724000,9016884000,9022914000,145,4790000,9840000,6030000
29016990,9025084000,9033054000,9016894000,9032734000,154,8190000,16160000,15840000
29016991,9032234000,9034454000,9016984000,9022394000,123,15250000,17470000,5410000
29016992,9020694000,9021904000,9003364000,9010107000,145,17330000,18540000,6743000
29016993,9010081000,9010288000,8998094000,9000524000,156,11987000,12194000,2430000
29016994,8999534000,9006414000,8990364000,8994894000,143,9170000,16050000,4530000
29016995,8993324000,9021664000,8991964000,9016544000,164,1360000,29700000,24580000
29016996,9017334000,9018988000,8999094000,9004664000,160,18240000,19894000,5570000
29016997,9004281000,9007784000,8992472000,8999944000,170,11809000,15312000,7472000
29016998,8998224000,9005974000,8983494000,8989014000,168,14730000,22480000,5520000
29016999,8987304000,8991744000,8980484000,8991744000,160,6820000,11260000,11260000
29017000,8991744000,8994554000,8986744000,8990874000,146,5000000,7810000,4130000
29017001,8989494000,8998974000,8980764000,8998974000,139,8730000,18210000,18210000
29017002,8998168000,9018974000,8996744000,9018324000,154,1424000,22230000,21580000
29017003,9018344000,9018344000,8993984000,8997064000,154,24360000,24360000,3080000
29017004,8994835000,9000914000,8985224000,9000914000,152,9611000,15690000,15690000
29017005,8999541000,9010454000,8998155000,8999251000,155,1386000,12299000,1096000
29017006,8999136000,9009814000,8992584000,9000544000,140,6552000,17230000,7960000
29017007,9000544000,9010604000,8999094000,9010604000,148,1450000,11510000,11510000
29017008,9013164000,9027484000,9010064000,9027484000,145,3100000,17420000,17420000
29017009,9027074000,9027074000,9012274000,9017184000,135,14800000,14800000,4910000
29017010,9016825000,9026974000,9014264000,9019294000,148,2561000,12710000,5030000
29017011,9019414000,9028884000,9017574000,9020254000,166,1840000,11310000,2680000
29017012,9018284000,9020974000,9013984000,9017924000,123,4300000,6990000,3940000
29017013,9017164000,9029746000,9016484000,9021574000,145,680000,13262000,5090000
29017014,9022244000,9026594000,9005764000,9006544000,104,16480000,20830000,780000
29017015,9007784000,9011594000,9002634000,9010834000,127,5150000,8960000,8200000
29017016,9010844000,9035994000,9010844000,9031174000,117,0,25150000,20330000
29017017,9031514000,9032514000,9019884000,9019884000,119,11630000,12630000,0
29017018,9019764000,9023704000,9008304000,9008984000,101,11460000,15400000,680000
29017019,9011054000,9020044000,9009734000,9010324000,110,1320000,10310000,590000
29017020,9008117000,9015544000,8992614000,9001143000,127,15503000,22930000,8529000
29017021,9000010000,9006144000,8991984000,8991984000,106,8026000,14160000,0
29017022,8991517000,9006154000,8985204000,9003734000,134,6313000,20950000,18530000
29017023,9003325000,9005474000,8996754000,9000294000,121,6571000,8720000,3540000
29017024,9001174000,9014234000,9001174000,9013374000,89,0,13060000,12200000
29017025,9012184000,9029814000,9006194000,9029814000,132,5990000,23620000,23620000
29017026,9030274000,9040754000,9020805000,9024204000,118,9469000,19949000,3399000
29017027,9024504000,9036974000,9023034000,9033854000,122,1470000,13940000,10820000
29017028,9034414000,9035054000,9021625000,9026495000,138,12789000,13429000,4870000
29017029,9026500000,9033204000,9013064000,9014524000,112,13436000,20140000,1460000
29017030,9014484000,9022934000,9009054000,9011554000,115,5430000,13880000,2500000
29017031,9010914000,9015081000,9003314000,9011114000,132,7600000,11767000,7800000
29017032,9011564000,9018274000,9003744000,9003754000,124,7820000,14530000,10000
29017033,9004334000,9005204000,8995162000,9002524000,117,9172000,10042000,7362000
29017034,9003114000,9014044000,9003114000,9011044000,106,0,10930000,7930000
29017035,9012724000,9012924000,8995164000,8997184000,132,17560000,17760000,2020000
29017036,8997964000,9022314000,8997964000,9019564000,145,0,24350000,21600000
29017037,9021684000,9034974000,9019234000,9031954000,134,2450000,15740000,12720000
29017038,9031964000,9038974000,9023984000,9027014000,127,7980000,14990000,3030000
29017039,9027014000,9038164000,9024988000,9038164000,131,2026000,13176000,13176000
29017040,9038064000,9038634000,9030394000,9036634000,133,7670000,8240000,6240000
29017041,9036184000,9038474000,9030984000,9031984000,88,5200000,7490000,1000000
29017042,9032984000,9048074000,9029484000,9035494000,142,3500000,18590000,6010000
29017043,9035154000,9041574000,9033384000,9038224000,111,1770000,8190000,4840000
29017044,9038594000,9039984000,9024994000,9025294000,83,13600000,14990000,300000
29017045,9024024000,9029984000,9018984000,9019534000,105,5040000,11000000,550000
29017046,9018985000,9021484000,9005994000,9012554000,117,12991000,15490000,6560000
29017047,9012554000,9020684000,9009814000,9016984000,97,2740000,10870000,7170000
29017048,9018974000,9029114000,9015234000,9024668000,116,3740000,13880000,9434000
29017049,9024671000,9029304000,9019544000,9027324000,108,5127000,9760000,7780000
29017050,9027324000,9033154000,9024344000,9033154000,101,2980000,8810000,8810000
29017051,9032764000,9047084000,9032764000,9040714000,129,0,14320000,7950000
29017052,9042214000,9048744000,9040987000,9047524000,92,1227000,7757000,6537000
29017053,9048574000,9050374000,9045914000,9046744000,100,2660000,4460000,830000
29017054,9047374000,9054894000,9043984000,9045224000,105,3390000,10910000,1240000
29017055,9044584000,9050824000,9040544000,9050824000,104,4040000,10280000,10280000
29017056,9049984000,9067674000,9049904000,9063604000,121,80000,17770000,13700000
29017057,9063974000,9066974000,9052164000,9053184000,107,11810000,14810000,1020000
29017058,9053534000,9062824000,9053274000,9054924000,103,260000,9550000,1650000
29017059,9054214000,9064844000,9053094000,9060054000,90,1120000,11750000,6960000
29017060,9060524000,9062774000,9052804000,9062774000,85,7720000,9970000,9970000
29017061,9063974000,9078664000,9063254000,9078144000,91,720000,15410000,14890000
29017062,9077424000,9085134000,9070844000,9081574000,112,6580000,14290000,10730000
29017063,9081048000,9094884000,9076001000,9088564000,124,5047000,18883000,12563000
29017064,9089124000,9089124000,9082984000,9086904000,101,6140000,6140000,3920000
29017065,9086824000,9086824000,9066674000,9075074000,134,20150000,20150000,8400000
29017066,9072944000,9072944000,9056064000,9056064000,137,16880000,16880000,0
29017067,9058224000,9062974000,9049771000,9059932000,134,8453000,13203000,10161000
29017068,9059614000,9059864000,9050224000,9052434000,167,9390000,9640000,2210000
29017069,9052924000,9056774000,9043553000,9043553000,122,9371000,13221000,0
29017070,9043415000,9043415000,9017787000,9027844000,161,25628000,25628000,10057000
29017071,9027844000,9041264000,9026594000,9040054000,133,1250000,14670000,13460000
29017072,9040424000,9047334000,9040424000,9043534000,112,0,6910000,3110000
29017073,9042997000,9044034000,9032464000,9038544000,122,10533000,11570000,6080000
29017074,9037944000,9044224000,9034404000,9041724000,97,3540000,9820000,7320000
29017075,9042383000,9042383000,9028074000,9032754000,112,14309000,14309000,4680000
29017076,9034924000,9037074000,9028074000,9029874000,107,6850000,9000000,1800000
29017077,9030154000,9033054000,9005944000,9005944000,147,24210000,27110000,0
29017078,9007134000,9020904000,8998984000,9020904000,124,8150000,21920000,21920000
29017079,9023334000,9027774000,9022408000,9024134000,110,926000,5366000,1726000
29017080,9025974000,9038654000,9017384000,9038654000,147,8590000,21270000,21270000
29017081,9039754000,9039904000,9020450000,9020450000,138,19304000,19454000,0
29017082,9020454000,9020454000,9004984000,9010224000,134,15470000,15470000,5240000
29017083,9012784000,9018764000,9004724000,9004874000,153,8060000,14040000,150000
29017084,9005704000,9010284000,8998984000,9000004000,124,6720000,11300000,1020000
29017085,8997992000,8997992000,8971754000,8979474000,168,26238000,26238000,7720000
29017086,8979214000,8979214000,8954694000,8972904000,174,24520000,24520000,18210000
29017087,8975414000,8976934000,8942204000,8951274000,167,33210000,34730000,9070000
29017088,8951434000,8956704000,8940487000,8955224000,172,10947000,16217000,14737000
29017089,8949814000,8975494000,8947984000,8970904000,150,1830000,27510000,22920000
29017090,8969094000,8969184000,8947354000,8953764000,159,21740000,21830000,6410000
29017091,8951084000,8968214000,8933974000,8961784000,179,17110000,34240000,27810000
29017092,8960926000,8960978000,8935334000,8939944000,163,25592000,25644000,4610000
29017093,8938995000,8951504000,8929714000,8929714000,175,9281000,21790000,0
29017094,8931154000,8941324000,8919872000,8935929000,166,11282000,21452000,16057000
29017095,8935814000,8951814000,8926994000,8951194000,173,8820000,24820000,24200000
29017096,8950933000,8954404000,8932954000,8935584000,178,17979000,21450000,2630000
29017097,8934246000,8934246000,8921494000,8921604000,174,12752000,12752000,110000
29017098,8919994000,8920984000,8886874000,8896624000,203,33120000,34110000,9750000
29017099,8896624000,8896624000,8879994000,8880534000,167,16630000,16630000,540000
29017100,8880544000,8897434000,8880544000,8896184000,161,0,16890000,15640000
29017101,8896702000,8898774000,8874974000,8875434000,174,21728000,23800000,460000
29017102,8874834000,8884734000,8874494000,8875604000,142,340000,10240000,1110000
29017103,8874274000,8877994000,8862984000,8863984000,119,11290000,15010000,1000000
29017104,8862984000,8885344000,8857984000,8883484000,161,5000000,27360000,25500000
29017105,8885224000,8888704000,8851224000,8853484000,172,34000000,37480000,2260000
29017106,8853774000,8857134000,8806834000,8806834000,199,46940000,50300000,0
29017107,8806264000,8824974000,8766424000,8778904000,218,39840000,58550000,12480000
29017108,8779610000,8799704000,8735734000,8753004000,220,43876000,63970000,17270000
29017109,8753374000,8790744000,8747944000,8769704000,227,5430000,42800000,21760000
29017110,8770324000,8797024000,8759964000,8791254000,224,10360000,37060000,31290000
29017111,8790670000,8811974000,8778986000,8802532000,227,11684000,32988000,23546000
29017112,8800566000,8804087000,8717894000,8723464000,223,82672000,86193000,5570000
29017113,8723884000,8787234000,8719065000,8782734000,230,4819000,68169000,63669000
29017114,8781814000,8784654000,8745734000,8756014000,212,36080000,38920000,10280000
29017115,8756484000,8797644000,8756484000,8797644000,226,0,41160000,41160000
29017116,8797774000,8806264000,8779640000,8786195000,211,18134000,26624000,6555000
29017117,8786974000,8796144000,8748094000,8752504000,202,38880000,48050000,4410000
29017118,8752724000,8752724000,8701012000,8712734000,231,51712000,51712000,11722000
29017119,8712974000,8726594000,8689684000,8689684000,216,23290000,36910000,0
29017120,8691154000,8755754000,8691154000,8749864000,229,0,64600000,58710000
29017121,8749894000,8764104000,8721066000,8726124000,225,28828000,43038000,5058000
29017122,8724624000,8758974000,8720584000,8755794000,221,4040000,38390000,35210000
29017123,8755474000,8761164000,8732426000,8740801000,225,23048000,28738000,8375000
29017124,8740884000,8751884000,8723314000,8724434000,181,17570000,28570000,1120000
29017125,8723834000,8754974000,8715083000,8754974000,213,8751000,39891000,39891000
29017126,8754334000,8773134000,8724457000,8724974000,214,29877000,48677000,517000
29017127,8723004000,8723457000,8671721000,8676355000,215,51283000,51736000,4634000
29017128,8677877000,8782704000,8677877000,8776137000,233,0,104827000,98260000
29017129,8773924000,8782263000,8726484000,8729224000,234,47440000,55779000,2740000
29017130,8729694000,8756054000,8715800000,8756054000,237,13894000,40254000,40254000
29017131,8756574000,8768774000,8731870000,8735974000,228,24704000,36904000,4104000
29017132,8736654000,8751188000,8720004000,8735804000,220,16650000,31184000,15800000
29017133,8736184000,8749234000,8730844000,8745504000,214,5340000,18390000,14660000
29017134,8745744000,8746444000,8716024000,8722814000,222,29720000,30420000,6790000
29017135,8722974000,8729644000,8704337000,8723088000,214,18637000,25307000,18751000
29017136,8723138000,8724104000,8679184000,8682244000,210,43954000,44920000,3060000
29017137,8683704000,8718124000,8683704000,8713484000,205,0,34420000,29780000
29017138,8713484000,8728824000,8700670000,8720974000,206,12814000,28154000,20304000
29017139,8721797000,8721924000,8704640000,8710090000,198,17157000,17284000,5450000
29017140,8709816000,8745174000,8698038000,8740314000,226,11778000,47136000,42276000
29017141,8743544000,8750584000,8721164000,8724614000,229,22380000,29420000,3450000
29017142,8724924000,8750984000,8724924000,8747064000,220,0,26060000,22140000
29017143,8746774000,8767774000,8739612000,8739612000,208,7162000,28162000,0
29017144,8739594000,8753914000,8725147000,8729554000,216,14447000,28767000,4407000
29017145,8729984000,8740754000,8717484000,8717484000,214,12500000,23270000,0
29017146,8715004000,8743314000,8714592000,8731584000,214,412000,28722000,16992000
29017147,8731203000,8737370000,8714554000,8719714000,199,16649000,22816000,5160000
29017148,8720194000,8744234000,8715064000,8744234000,187,5130000,29170000,29170000
29017149,8745104000,8762124000,8742556000,8744885000,210,2548000,19568000,2329000
29017150,8744349000,8745774000,8724984000,8730314000,191,19365000,20790000,5330000
29017151,8730008000,8740784000,8711224000,8720394000,216,18784000,29560000,9170000
29017152,8720485000,8740625000,8719834000,8723274000,206,651000,20791000,3440000
29017153,8726524000,8727784000,8683224000,8691024000,192,43300000,44560000,7800000
29017154,8690734000,8714374000,8687787000,8703134000,210,2947000,26587000,15347000
29017155,8703104000,8713644000,8664984000,8670364000,219,38120000,48660000,5380000
29017156,8670364000,8692654000,8669554000,8680754000,220,810000,23100000,11200000
29017157,8678704000,8679045000,8652785000,8677464000,219,25919000,26260000,24679000
29017158,8677554000,8677554000,8650514000,8667974000,223,27040000,27040000,17460000
29017159,8667734000,8679384000,8656974000,8660644000,212,10760000,22410000,3670000
29017160,8660734000,8684644000,8659114000,8680166000,210,1620000,25530000,21052000
29017161,8679434000,8701534000,8670834000,8700784000,204,8600000,30700000,29950000
29017162,8700974000,8702424000,8673004000,8679274000,205,27970000,29420000,6270000
29017163,8679444000,8701224000,8679444000,8700154000,193,0,21780000,20710000
29017164,8699844000,8701704000,8684077000,8698554000,184,15767000,17627000,14477000
29017165,8698544000,8708014000,8696064000,8697973000,176,2480000,11950000,1909000
29017166,8697638000,8697638000,8674894000,8674894000,174,22744000,22744000,0
29017167,8676724000,8687524000,8673994000,8687524000,166,2730000,13530000,13530000
29017168,8687434000,8700404000,8678984000,8695574000,183,8450000,21420000,16590000
29017169,8695854000,8698314000,8686084000,8698314000,147,9770000,12230000,12230000
29017170,8698784000,8706124000,8690994000,8706124000,202,7790000,15130000,15130000
29017171,8706674000,8737704000,8700434000,8736974000,195,6240000,37270000,36540000
29017172,8737214000,8744534000,8724144000,8725074000,212,13070000,20390000,930000
29017173,8724094000,8740134000,8722884000,8723484000,202,1210000,17250000,600000
29017174,8724974000,8728554000,8711914000,8711914000,194,13060000,16640000,0
29017175,8711842000,8713804000,8694684000,8694684000,198,17158000,19120000,0
29017176,8692622000,8692894000,8666174000,8678564000,198,26448000,26720000,12390000
29017177,8678094000,8694984000,8670658000,8683084000,204,7436000,24326000,12426000
29017178,8682594000,8692414000,8674384000,8691974000,186,8210000,18030000,17590000
29017179,8693174000,8710894000,8690574000,8710714000,186,2600000,20320000,20140000
29017180,8713464000,8734534000,8713464000,8723124000,183,0,21070000,9660000
29017181,8721634000,8724034000,8711614000,8712228000,169,10020000,12420000,614000
29017182,8712584000,8712584000,8690534000,8692784000,187,22050000,22050000,2250000
29017183,8692304000,8692304000,8676124000,8683415000,178,16180000,16180000,7291000
29017184,8683174000,8694664000,8681454000,8686484000,175,1720000,13210000,5030000
29017185,8685408000,8686004000,8661144000,8666384000,181,24264000,24860000,5240000
29017186,8666384000,8682863000,8653984000,8682863000,187,12400000,28879000,28879000
29017187,8683014000,8697104000,8683014000,8686974000,179,0,14090000,3960000
29017188,8685934000,8690034000,8670984000,8689424000,185,14950000,19050000,18440000
29017189,8691564000,8702784000,8679474000,8683994000,188,12090000,23310000,4520000
29017190,8681745000,8698974000,8677594000,8688510000,173,4151000,21380000,10916000
29017191,8688062000,8698164000,8652565000,8657244000,203,35497000,45599000,4679000
29017192,8656454000,8667394000,8607968000,8618184000,224,48486000,59426000,10216000
29017193,8618004000,8631546000,8609244000,8618164000,228,8760000,22302000,8920000
29017194,8616614000,8617934000,8581015000,8587734000,234,35599000,36919000,6719000
29017195,8584697000,8594214000,8557184000,8575504000,230,27513000,37030000,18320000
29017196,8577934000,8591284000,8560204000,8591284000,227,17730000,31080000,31080000
29017197,8592954000,8593214000,8557234000,8584574000,229,35720000,35980000,27340000
29017198,8584524000,8612057000,8572928000,8576394000,222,11596000,39129000,3466000
29017199,8576424000,8577074000,8549124000,8554284000,221,27300000,27950000,5160000
29017200,8554104000,8580214000,8538634000,8566234000,227,15470000,41580000,27600000
29017201,8565904000,8580174000,8525614000,8538754000,231,40290000,54560000,13140000
29017202,8540224000,8564054000,8540224000,8550234000,232,0,23830000,10010000
29017203,8550964000,8568624000,8544584000,8561464000,233,6380000,24040000,16880000
29017204,8563273000,8600954000,8563273000,8591804000,227,0,37681000,28531000
29017205,8589124000,8610611000,8566512000,8569434000,232,22612000,44099000,2922000
29017206,8571914000,8601814000,8563536000,8592118000,227,8378000,38278000,28582000
29017207,8591513000,8597574000,8570274000,8586954000,220,21239000,27300000,16680000
29017208,8586104000,8594694000,8560274000,8560444000,221,25830000,34420000,170000
29017209,8562844000,8577764000,8554385000,8567454000,219,8459000,23379000,13069000
29017210,8567024000,8575794000,8548984000,8555424000,219,18040000,26810000,6440000
29017211,8555224000,8572034000,8544734000,8570134000,220,10490000,27300000,25400000
29017212,8569596000,8570034000,8527954000,8545778000,216,41642000,42080000,17824000
29017213,8545804000,8584304000,8539784000,8577884000,217,6020000,44520000,38100000
29017214,8577295000,8587754000,8563074000,8571904000,220,14221000,24680000,8830000
29017215,8571904000,8601544000,8568724000,8600664000,223,3180000,32820000,31940000
29017216,8600104000,8612121000,8589729000,8609654000,216,10375000,22392000,19925000
29017217,8609644000,8624884000,8599487000,8609214000,209,10157000,25397000,9727000
29017218,8608604000,8625184000,8602884000,8611304000,214,5720000,22300000,8420000
29017219,8617984000,8623854000,8606994000,8613464000,199,10990000,16860000,6470000
29017220,8612534000,8629714000,8600134000,8624569000,215,12400000,29580000,24435000
29017221,8624984000,8637064000,8602308000,8612964000,206,22676000,34756000,10656000
29017222,8612924000,8620694000,8601784000,8608064000,200,11140000,18910000,6280000
29017223,8607359000,8614854000,8598984000,8603824000,206,8375000,15870000,4840000
29017224,8604214000,8609054000,8587504000,8592954000,195,16710000,21550000,5450000
29017225,8593224000,8611974000,8593224000,8606670000,209,0,18750000,13446000
29017226,8606631000,8616554000,8591693000,8599984000,206,14938000,24861000,8291000
29017227,8599754000,8611694000,8591567000,8591644000,206,8187000,20127000,77000
29017228,8591834000,8592574000,8574634000,8576004000,182,17200000,17940000,1370000
29017229,8574304000,8581164000,8563064000,8575674000,185,11240000,18100000,12610000
29017230,8572896000,8600394000,8572524000,8591194000,209,372000,27870000,18670000
29017231,8591754000,8611714000,8591754000,8610474000,207,0,19960000,18720000
29017232,8612714000,8619444000,8594717000,8595974000,197,17997000,24727000,1257000
29017233,8596224000,8605614000,8590444000,8601677000,194,5780000,15170000,11233000
29017234,8601824000,8605774000,8587982000,8587982000,200,13842000,17792000,0
29017235,8588014000,8594094000,8579124000,8580817000,183,8890000,14970000,1693000
29017236,8581064000,8597565000,8579460000,8584813000,203,1604000,18105000,5353000
29017237,8584424000,8586164000,8556484000,8557144000,204,27940000,29680000,660000
29017238,8557144000,8574464000,8554584000,8567904000,173,2560000,19880000,13320000
29017239,8567064000,8567064000,8528604000,8531684000,198,38460000,38460000,3080000
29017240,8532674000,8548734000,8530874000,8531694000,182,1800000,17860000,820000
29017241,8531874000,8548674000,8517784000,8520564000,193,14090000,30890000,2780000
29017242,8520514000,8530804000,8513984000,8530804000,187,6530000,16820000,16820000
29017243,8530974000,8540114000,8521994000,8534984000,191,8980000,18120000,12990000
29017244,8535254000,8541354000,8522964000,8539214000,174,12290000,18390000,16250000
29017245,8535122000,8560784000,8535122000,8550044000,204,0,25662000,14922000
29017246,8549525000,8571343000,8545634000,8571343000,207,3891000,25709000,25709000
29017247,8571804000,8583974000,8565984000,8568124000,185,5820000,17990000,2140000
29017248,8565454000,8579724000,8556104000,8579724000,207,9350000,23620000,23620000
29017249,8579984000,8581416000,8564698000,8567504000,203,15286000,16718000,2806000
29017250,8568194000,8581984000,8556664000,8577654000,203,11530000,25320000,20990000
29017251,8577544000,8580444000,8560174000,8566224000,197,17370000,20270000,6050000
29017252,8566344000,8576724000,8556734000,8572294000,188,9610000,19990000,15560000
29017253,8572674000,8573784000,8557974000,8564964000,161,14700000,15810000,6990000
29017254,8565514000,8575034000,8555022000,8574134000,174,10492000,20012000,19112000
29017255,8573104000,8583764000,8564054000,8581154000,189,9050000,19710000,17100000
29017256,8580384000,8591984000,8576184000,8588584000,158,4200000,15800000,12400000
29017257,8586194000,8602214000,8581484000,8598044000,145,4710000,20730000,16560000
29017258,8598034000,8598454000,8585074000,8594029000,160,12960000,13380000,8955000
29017259,8594224000,8602414000,8584454000,8602414000,174,9770000,17960000,17960000
29017260,8602184000,8617984000,8595450000,8614814000,154,6734000,22534000,19364000
29017261,8615734000,8635814000,8609644000,8635222000,162,6090000,26170000,25578000
29017262,8635041000,8635041000,8614174000,8619954000,153,20867000,20867000,5780000
29017263,8617761000,8619724000,8607654000,8609144000,137,10107000,12070000,1490000
29017264,8607959000,8611644000,8597124000,8605914000,146,10835000,14520000,8790000
29017265,8605764000,8605764000,8593714000,8604124000,170,12050000,12050000,10410000
29017266,8601872000,8625074000,8601872000,8621974000,149,0,23202000,20102000
29017267,8622054000,8628934000,8616814000,8627574000,135,5240000,12120000,10760000
29017268,8627454000,8631774000,8616980000,8617084000,144,10474000,14794000,104000
29017269,8616955000,8624434000,8613954000,8620884000,111,3001000,10480000,6930000
29017270,8621234000,8630174000,8615124000,8623984000,103,6110000,15050000,8860000
29017271,8622737000,8622737000,8611484000,8612424000,89,11253000,11253000,940000
29017272,8611934000,8618654000,8607594000,8614804000,120,4340000,11060000,7210000
29017273,8614504000,8629844000,8614314000,8628984000,151,190000,15530000,14670000
29017274,8629584000,8633604000,8622244000,8633504000,92,7340000,11360000,11260000
29017275,8633207000,8646004000,8627984000,8646004000,114,5223000,18020000,18020000
29017276,8645886000,8651201000,8638984000,8641714000,154,6902000,12217000,2730000
29017277,8642274000,8643974000,8630424000,8631804000,128,11850000,13550000,1380000
29017278,8632184000,8633194000,8624424000,8625624000,144,7760000,8770000,1200000
29017279,8624434000,8639724000,8624434000,8633314000,113,0,15290000,8880000
29017280,8633314000,8633374000,8625132000,8629134000,112,8182000,8242000,4002000
29017281,8628984000,8639284000,8625404000,8635614000,121,3580000,13880000,10210000
29017282,8636284000,8638974000,8633034000,8633984000,120,3250000,5940000,950000
29017283,8633514000,8634474000,8627494000,8627494000,91,6020000,6980000,0
29017284,8627194000,8627514000,8610864000,8617994000,134,16330000,16650000,7130000
29017285,8618494000,8623724000,8606124000,8620234000,148,12370000,17600000,14110000
29017286,8620614000,8626044000,8620614000,8621804000,113,0,5430000,1190000
29017287,8620574000,8625914000,8611484000,8611484000,135,9090000,14430000,0
29017288,8610904000,8616814000,8610144000,8610144000,114,760000,6670000,0
29017289,8609874000,8610114000,8599464000,8600414000,122,10410000,10650000,950000
29017290,8601774000,8609944000,8599414000,8609064000,140,2360000,10530000,9650000
29017291,8609614000,8624974000,8609614000,8624974000,139,0,15360000,15360000
29017292,8627194000,8630424000,8620444000,8623234000,139,6750000,9980000,2790000
29017293,8622571000,8625344000,8620394000,8623714000,115,2177000,4950000,3320000
29017294,8625344000,8634144000,8623604000,8634144000,110,1740000,10540000,10540000
29017295,8633534000,8634354000,8627224000,8633974000,111,6310000,7130000,6750000
29017296,8633724000,8641694000,8632484000,8638114000,110,1240000,9210000,5630000
29017297,8638864000,8642734000,8637768000,8640554000,100,1096000,4966000,2786000
29017298,8640065000,8642574000,8634854000,8637274000,77,5211000,7720000,2420000
29017299,8638584000,8644854000,8638584000,8644334000,93,0,6270000,5750000
29017300,8644824000,8644854000,8635341000,8637084000,90,9483000,9513000,1743000
29017301,8636534000,8644794000,8635284000,8635284000,104,1250000,9510000,0
29017302,8635084000,8635084000,8623184000,8623184000,115,11900000,11900000,0
29017303,8623184000,8627254000,8620486000,8623584000,119,2698000,6768000,3098000
29017304,8624414000,8627254000,8618464000,8619114000,102,5950000,8790000,650000
29017305,8619364000,8619474000,8602077000,8603924000,133,17287000,17397000,1847000
29017306,8603614000,8609844000,8582294000,8582294000,139,21320000,27550000,0
29017307,8580748000,8590524000,8575574000,8590262000,155,5174000,14950000,14688000
29017308,8590270000,8592964000,8584004000,8592964000,151,6266000,8960000,8960000
29017309,8592964000,8595447000,8583494000,8586474000,123,9470000,11953000,2980000
29017310,8586484000,8588714000,8550164000,8550214000,151,36320000,38550000,50000
29017311,8552814000,8568974000,8552814000,8568254000,168,0,16160000,15440000
29017312,8568234000,8570174000,8561384000,8568774000,127,6850000,8790000,7390000
29017313,8568974000,8574226000,8562144000,8564234000,150,6830000,12082000,2090000
29017314,8565264000,8566949000,8547864000,8549214000,162,17400000,19085000,1350000
29017315,8551004000,8572454000,8549794000,8572454000,167,1210000,22660000,22660000
29017316,8571984000,8573974000,8553314000,8553314000,153,18670000,20660000,0
29017317,8553167000,8559844000,8528984000,8529764000,170,24183000,30860000,780000
29017318,8530454000,8535234000,8504744000,8504744000,173,25710000,30490000,0
29017319,8504154000,8531174000,8504154000,8529444000,143,0,27020000,25290000
29017320,8530594000,8549674000,8524374000,8548814000,174,6220000,25300000,24440000
29017321,8550604000,8570654000,8546974000,8569174000,185,3630000,23680000,22200000
29017322,8568984000,8582274000,8563804000,8579774000,163,5180000,18470000,15970000
29017323,8580314000,8589714000,8578984000,8588264000,179,1330000,10730000,9280000
29017324,8588794000,8608104000,8587404000,8597094000,168,1390000,20700000,9690000
29017325,8599054000,8626954000,8599054000,8615734000,195,0,27900000,16680000
29017326,8615104000,8631904000,8615104000,8628304000,87,0,16800000,13200000
29017327,8616594000,8618805000,8607144000,8607484000,101,9450000,11661000,340000
29017328,8611798000,8625934000,8606874000,8620454000,152,4924000,19060000,13580000
29017329,8620654000,8623974000,8609154000,8612894000,154,11500000,14820000,3740000
29017330,8612354000,8612894000,8593674000,8600984000,140,18680000,19220000,7310000
29017331,8602574000,8611224000,8596314000,8606704000,150,6260000,14910000,10390000
29017332,8606974000,8620034000,8600039000,8600454000,169,6935000,19995000,415000
29017333,8600884000,8603044000,8595404000,8599044000,148,5480000,7640000,3640000
29017334,8598374000,8609964000,8595134000,8605614000,132,3240000,14830000,10480000
29017335,8606054000,8612344000,8595894000,8612344000,150,10160000,16450000,16450000
29017336,8612954000,8627404000,8610554000,8627234000,151,2400000,16850000,16680000
29017337,8628434000,8633974000,8618424000,8633604000,148,10010000,15550000,15180000
29017338,8632984000,8636374000,8618434000,8623484000,141,14550000,17940000,5050000
29017339,8624274000,8642552000,8622954000,8634887000,156,1320000,19598000,11933000
29017340,8634853000,8635294000,8623224000,8624664000,111,11629000,12070000,1440000
29017341,8624884000,8632954000,8622984000,8631284000,105,1900000,9970000,8300000
29017342,8630784000,8638504000,8623984000,8637294000,110,6800000,14520000,13310000
29017343,8636044000,8640484000,8630064000,8640484000,95,5980000,10420000,10420000
29017344,8639854000,8642964000,8638274000,8642714000,82,1580000,4690000,4440000
29017345,8643304000,8643974000,8638584000,8641304000,94,4720000,5390000,2720000
29017346,8642444000,8651124000,8640489000,8650724000,116,1955000,10635000,10235000
29017347,8650964000,8650964000,8622884000,8622884000,140,28080000,28080000,0
29017348,8622884000,8637694000,8622884000,8634134000,136,0,14810000,11250000
29017349,8633774000,8643134000,8632324000,8634071000,105,1450000,10810000,1747000
29017350,8633614000,8641764000,8631654000,8632824000,122,1960000,10110000,1170000
29017351,8633264000,8641284000,8632814000,8641284000,91,450000,8470000,8470000
29017352,8641284000,8642224000,8622204000,8623084000,140,19080000,20020000,880000
29017353,8622594000,8632517000,8618434000,8619604000,136,4160000,14083000,1170000
29017354,8620774000,8635694000,8618434000,8621974000,149,2340000,17260000,3540000
29017355,8621194000,8628644000,8617914000,8624314000,120,3280000,10730000,6400000
29017356,8622144000,8630084000,8618324000,8629904000,133,3820000,11760000,11580000
29017357,8629934000,8631074000,8619704000,8622164000,135,10230000,11370000,2460000
29017358,8623474000,8623534000,8608984000,8608984000,115,14490000,14550000,0
29017359,8609194000,8617974000,8606514000,8611644000,85,2680000,11460000,5130000
29017360,8610117000,8617924000,8609304000,8613384000,107,813000,8620000,4080000
29017361,8613394000,8625054000,8612984000,8620124000,116,410000,12070000,7140000
29017362,8618254000,8625034000,8614559000,8620024000,140,3695000,10475000,5465000
29017363,8620044000,8632674000,8619494000,8632674000,108,550000,13180000,13180000
29017364,8632204000,8635894000,8629184000,8630664000,124,3020000,6710000,1480000
29017365,8630004000,8630004000,8623734000,8624174000,120,6270000,6270000,440000
29017366,8623534000,8636734000,8623534000,8633674000,110,0,13200000,10140000
29017367,8633344000,8642734000,8632514000,8641774000,118,830000,10220000,9260000
29017368,8641244000,8643974000,8634814000,8634814000,133,6430000,9160000,0
29017369,8634274000,8646034000,8633984000,8645254000,133,290000,12050000,11270000
29017370,8646034000,8655074000,8642964000,8655054000,147,3070000,12110000,12090000
29017371,8654624000,8665174000,8648984000,8664474000,127,5640000,16190000,15490000
29017372,8663514000,8670174000,8663474000,8670174000,98,40000,6700000,6700000
29017373,8670274000,8671474000,8664894000,8671474000,71,5380000,6580000,6580000
29017374,8672364000,8696186000,8672004000,8696186000,127,360000,24182000,24182000
29017375,8695974000,8698324000,8674164000,8677434000,122,21810000,24160000,3270000
29017376,8676124000,8686794000,8663354000,8686544000,114,12770000,23440000,23190000
29017377,8687364000,8688974000,8668404000,8669774000,141,18960000,20570000,1370000
29017378,8669794000,8678974000,8669124000,8674274000,105,670000,9850000,5150000
29017379,8673978000,8673980000,8657604000,8658304000,107,16374000,16376000,700000
29017380,8657124000,8659924000,8620994000,8620994000,179,36130000,38930000,0
29017381,8620284000,8638044000,8618554000,8631834000,156,1730000,19490000,13280000
29017382,8634594000,8638204000,8620466000,8622984000,169,14128000,17738000,2518000
29017383,8618984000,8623374000,8614434000,8622984000,153,4550000,8940000,8550000
29017384,8619670000,8623274000,8614364000,8615514000,129,5306000,8910000,1150000
29017385,8615514000,8616644000,8595293000,8598394000,159,20221000,21351000,3101000
29017386,8596674000,8615574000,8596674000,8614984000,139,0,18900000,18310000
29017387,8614984000,8620754000,8610169000,8614824000,129,4815000,10585000,4655000
29017388,8614294000,8626074000,8614294000,8620554000,113,0,11780000,6260000
29017389,8620944000,8626074000,8620665000,8621314000,105,279000,5409000,649000
29017390,8621304000,8631974000,8621304000,8630554000,106,0,10670000,9250000
29017391,8630711000,8635544000,8623984000,8634074000,103,6727000,11560000,10090000
29017392,8634934000,8638034000,8629875000,8633674000,132,5059000,8159000,3799000
29017393,8634564000,8634744000,8619114000,8620434000,127,15450000,15630000,1320000
29017394,8621564000,8624654000,8609654000,8624654000,129,11910000,15000000,15000000
29017395,8625704000,8627134000,8606834000,8621154000,149,18870000,20300000,14320000
29017396,8621864000,8629414000,8615754000,8628784000,144,6110000,13660000,13030000
29017397,8629188000,8637934000,8626854000,8634194000,144,2334000,11080000,7340000
29017398,8634214000,8636224000,8630804000,8635634000,126,3410000,5420000,4830000
29017399,8635024000,8635024000,8629184000,8634124000,111,5840000,5840000,4940000
29017400,8635504000,8644144000,8632324000,8643124000,136,3180000,11820000,10800000
29017401,8644694000,8644694000,8639404000,8642214000,125,5290000,5290000,2810000
29017402,8642634000,8647454000,8640524000,8644814000,119,2110000,6930000,4290000
29017403,8645554000,8658974000,8644794000,8655774000,149,760000,14180000,10980000
29017404,8654884000,8668974000,8654884000,8668974000,123,0,14090000,14090000
29017405,8669194000,8673445000,8659734000,8672374000,145,9460000,13711000,12640000
29017406,8672034000,8675994000,8663554000,8671554000,135,8480000,12440000,8000000
29017407,8671974000,8671974000,8652314000,8658504000,153,19660000,19660000,6190000
29017408,8657974000,8657974000,8644484000,8645044000,129,13490000,13490000,560000
29017409,8646154000,8649054000,8644274000,8644464000,120,1880000,4780000,190000
29017410,8643314000,8643314000,8631394000,8631724000,115,11920000,11920000,330000
29017411,8631394000,8632474000,8624754000,8629334000,120,6640000,7720000,4580000
29017412,8628554000,8632484000,8625818000,8627304000,106,2736000,6666000,1486000
29017413,8628134000,8636764000,8625774000,8635984000,112,2360000,10990000,10210000
29017414,8636094000,8655294000,8634654000,8651764000,137,1440000,20640000,17110000
29017415,8653064000,8660124000,8650444000,8654724000,124,2620000,9680000,4280000
29017416,8654724000,8656394000,8641934000,8643124000,103,12790000,14460000,1190000
29017417,8642544000,8646744000,8635704000,8645734000,116,6840000,11040000,10030000
29017418,8647174000,8648094000,8641064000,8646824000,129,6110000,7030000,5760000
29017419,8646624000,8655184000,8644704000,8651804000,117,1920000,10480000,7100000
29017420,8650074000,8650394000,8643874000,8644291000,97,6200000,6520000,417000
29017421,8643989000,8656074000,8634634000,8653784000,136,9355000,21440000,19150000
29017422,8657944000,8659654000,8651760000,8654694000,114,6184000,7894000,2934000
29017423,8654694000,8664974000,8649824000,8663124000,129,4870000,15150000,13300000
29017424,8662744000,8662744000,8653374000,8653414000,129,9370000,9370000,40000
29017425,8651301000,8652924000,8644462000,8645334000,124,6839000,8462000,872000
29017426,8644984000,8644984000,8631301000,8635544000,156,13683000,13683000,4243000
29017427,8636424000,8643134000,8635854000,8638484000,135,570000,7280000,2630000
29017428,8638374000,8646754000,8638374000,8646114000,119,0,8380000,7740000
29017429,8645864000,8648124000,8636984000,8638054000,126,8880000,11140000,1070000
29017430,8637274000,8643594000,8637274000,8638038000,128,0,6320000,764000
29017431,8638041000,8639174000,8621784000,8621784000,146,16257000,17390000,0
29017432,8621484000,8624804000,8612794000,8615204000,125,8690000,12010000,2410000
29017433,8614464000,8617694000,8612144000,8616164000,119,2320000,5550000,4020000
29017434,8615634000,8624874000,8613984000,8622194000,93,1650000,10890000,8210000
29017435,8622894000,8622894000,8605484000,8611914000,113,17410000,17410000,6430000
29017436,8611474000,8615124000,8603544000,8607294000,117,7930000,11580000,3750000
29017437,8606074000,8607584000,8599484000,8600624000,150,6590000,8100000,1140000
29017438,8601064000,8612534000,8595954000,8611184000,155,5110000,16580000,15230000
29017439,8610714000,8618654000,8609594000,8617174000,95,1120000,9060000,7580000
29017440,8618314000,8618914000,8606404000,8608904000,161,11910000,12510000,2500000
29017441,8607554000,8610044000,8595254000,8600774000,171,12300000,14790000,5520000
29017442,8601394000,8609844000,8597704000,8599844000,148,3690000,12140000,2140000
29017443,8599834000,8601984000,8582984000,8588234000,153,16850000,19000000,5250000
29017444,8588654000,8606284000,8588654000,8606254000,150,0,17630000,17600000
29017445,8605644000,8622774000,8603734000,8622774000,140,1910000,19040000,19040000
29017446,8623094000,8642754000,8623094000,8642754000,148,0,19660000,19660000
29017447,8643444000,8646034000,8632571000,8637194000,155,10873000,13463000,4623000
29017448,8636334000,8649643000,8622384000,8623224000,153,13950000,27259000,840000
29017449,8625074000,8628054000,8609344000,8611084000,161,15730000,18710000,1740000
29017450,8611614000,8615624000,8600504000,8613994000,160,11110000,15120000,13490000
29017451,8613781000,8627714000,8613244000,8622624000,167,537000,14470000,9380000
29017452,8622624000,8634764000,8620534000,8625184000,135,2090000,14230000,4650000
29017453,8624044000,8640214000,8621184000,8628334000,141,2860000,19030000,7150000
29017454,8626154000,8631184000,8618224000,8618624000,140,7930000,12960000,400000
29017455,8618184000,8634874000,8614274000,8634874000,133,3910000,20600000,20600000
29017456,8634671000,8636934000,8615004000,8617654000,151,19667000,21930000,2650000
29017457,8617224000,8640384000,8617224000,8639324000,129,0,23160000,22100000
29017458,8641044000,8643614000,8629084000,8634094000,152,11960000,14530000,5010000
29017459,8634614000,8651974000,8634614000,8651974000,139,0,17360000,17360000
29017460,8649454000,8671099000,8641964000,8670364000,130,7490000,29135000,28400000
29017461,8669694000,8672774000,8648634000,8670824000,166,21060000,24140000,22190000
29017462,8670084000,8676104000,8655444000,8655984000,173,14640000,20660000,540000
29017463,8655444000,8658574000,8649026000,8650734000,151,6418000,9548000,1708000
29017464,8650244000,8660214000,8646499000,8654694000,135,3745000,13715000,8195000
29017465,8653984000,8653984000,8626154000,8628984000,153,27830000,27830000,2830000
29017466,8630494000,8635464000,8614984000,8621214000,161,15510000,20480000,6230000
29017467,8623974000,8630444000,8618524000,8627434000,121,5450000,11920000,8910000
29017468,8626564000,8634684000,8624384000,8630314000,136,2180000,10300000,5930000
29017469,8629864000,8641254000,8625754000,8638514000,131,4110000,15500000,12760000
29017470,8638654000,8648644000,8635184000,8635624000,167,3470000,13460000,440000
29017471,8636224000,8646534000,8619234000,8621984000,171,16990000,27300000,2750000
29017472,8621274000,8626414000,8611274000,8616984000,163,10000000,15140000,5710000
29017473,8617734000,8630954000,8616984000,8616984000,161,750000,13970000,0
29017474,8617484000,8617484000,8603124000,8606344000,167,14360000,14360000,3220000
29017475,8608344000,8614464000,8600884000,8614464000,160,7460000,13580000,13580000
29017476,8616554000,8621884000,8606984000,8619214000,163,9570000,14900000,12230000
29017477,8619484000,8628974000,8617905000,8623014000,171,1579000,11069000,5109000
29017478,8622404000,8624134000,8613020000,8614184000,177,9384000,11114000,1164000
29017479,8616174000,8629864000,8615644000,8616944000,163,530000,14220000,1300000
29017480,8617994000,8624414000,8607774000,8611904000,176,10220000,16640000,4130000
29017481,8614084000,8618594000,8595884000,8596894000,159,18200000,22710000,1010000
29017482,8596734000,8603014000,8591244000,8599774000,149,5490000,11770000,8530000
29017483,8599335000,8606088000,8596734000,8598024000,150,2601000,9354000,1290000
29017484,8598494000,8598974000,8587784000,8597234000,143,10710000,11190000,9450000
29017485,8595794000,8611734000,8595794000,8608594000,168,0,15940000,12800000
29017486,8608584000,8610774000,8594984000,8604374000,161,13600000,15790000,9390000
29017487,8604374000,8611974000,8594254000,8608465000,136,10120000,17720000,14211000
29017488,8607294000,8609164000,8590766000,8607624000,177,16528000,18398000,16858000
29017489,8609044000,8613604000,8596764000,8598584000,155,12280000,16840000,1820000
29017490,8597594000,8600974000,8585214000,8587424000,151,12380000,15760000,2210000
29017491,8588564000,8597794000,8587984000,8597254000,160,580000,9810000,9270000
29017492,8598194000,8608974000,8596774000,8602894000,145,1420000,12200000,6120000
29017493,8599535000,8602874000,8594008000,8601674000,149,5527000,8866000,7666000
29017494,8602114000,8620974000,8602114000,8620974000,144,0,18860000,18860000
29017495,8622004000,8627214000,8618544000,8622934000,141,3460000,8670000,4390000
29017496,8621214000,8628034000,8614724000,8617974000,144,6490000,13310000,3250000
29017497,8618884000,8626374000,8616814000,8623854000,133,2070000,9560000,7040000
29017498,8623354000,8623809000,8602854000,8602854000,131,20500000,20955000,0
29017499,8602114000,8606724000,8592994000,8600084000,125,9120000,13730000,7090000
29017500,8599744000,8607144000,8592834000,8604754000,161,6910000,14310000,11920000
29017501,8605184000,8615474000,8603612000,8611524000,166,1572000,11862000,7912000
29017502,8611714000,8611834000,8591804000,8591804000,145,19910000,20030000,0
29017503,8592414000,8600174000,8587784000,8587784000,164,4630000,12390000,0
29017504,8587234000,8588144000,8562554000,8566754000,176,24680000,25590000,4200000
29017505,8568294000,8582324000,8565234000,8578944000,185,3060000,17090000,13710000
29017506,8579054000,8591464000,8569519000,8591464000,182,9535000,21945000,21945000
29017507,8591904000,8603734000,8585464000,8593738000,174,6440000,18270000,8274000
29017508,8593734000,8593734000,8567468000,8568274000,202,26266000,26266000,806000
29017509,8568724000,8575994000,8555794000,8564974000,172,12930000,20200000,9180000
29017510,8564524000,8576114000,8557844000,8565934000,181,6680000,18270000,8090000
29017511,8565584000,8578974000,8559924000,8562474000,184,5660000,19050000,2550000
29017512,8563264000,8574624000,8553204000,8553204000,178,10060000,21420000,0
29017513,8553204000,8559144000,8549914000,8555434000,193,3290000,9230000,5520000
29017514,8556264000,8570984000,8550622000,8569974000,170,5642000,20362000,19352000
29017515,8570974000,8582234000,8567234000,8582234000,178,3740000,15000000,15000000
29017516,8582974000,8593934000,8581214000,8584134000,174,1760000,12720000,2920000
29017517,8584124000,8584484000,8569010000,8577474000,157,15114000,15474000,8464000
29017518,8574460000,8577674000,8554691000,8558984000,175,19769000,22983000,4293000
29017519,8558887000,8559364000,8548984000,8554194000,162,9903000,10380000,5210000
29017520,8554614000,8564974000,8548984000,8557704000,164,5630000,15990000,8720000
29017521,8558024000,8569474000,8558024000,8566164000,171,0,11450000,8140000
29017522,8566254000,8568834000,8552804000,8559144000,166,13450000,16030000,6340000
29017523,8558554000,8562404000,8550534000,8550844000,141,8020000,11870000,310000
29017524,8550734000,8555244000,8539294000,8539294000,132,11440000,15950000,0
29017525,8539294000,8542464000,8527354000,8527914000,148,11940000,15110000,560000
29017526,8527174000,8541904000,8525914000,8537004000,167,1260000,15990000,11090000
29017527,8536244000,8548044000,8529834000,8533104000,172,6410000,18210000,3270000
29017528,8533764000,8562504000,8532064000,8559934000,160,1700000,30440000,27870000
29017529,8560284000,8569394000,8557494000,8566984000,159,2790000,11900000,9490000
29017530,8567014000,8583764000,8565876000,8575034000,168,1138000,17888000,9158000
29017531,8572404000,8574884000,8560655000,8561224000,171,11749000,14229000,569000
29017532,8562844000,8562844000,8548984000,8549304000,168,13860000,13860000,320000
29017533,8550484000,8554024000,8537784000,8544314000,181,12700000,16240000,6530000
29017534,8544234000,8547224000,8519904000,8527344000,180,24330000,27320000,7440000
29017535,8529986000,8541454000,8521484000,8523304000,186,8502000,19970000,1820000
29017536,8523724000,8544334000,8523484000,8525984000,176,240000,20850000,2500000
29017537,8526434000,8527064000,8513984000,8515734000,173,12450000,13080000,1750000
29017538,8517154000,8522464000,8464984000,8498204000,215,52170000,57480000,33220000
29017539,8496984000,8498105000,8426834000,8430184000,229,70150000,71271000,3350000
29017540,8428984000,8445654000,8409384000,8433924000,233,19600000,36270000,24540000
29017541,8432079000,8443574000,8360951000,8367668000,235,71128000,82623000,6717000
29017542,8368484000,8407758000,8365414000,8386964000,235,3070000,42344000,21550000
29017543,8384522000,8401956000,8354384000,8354384000,226,30138000,47572000,0
29017544,8353706000,8373984000,8335954000,8352124000,231,17752000,38030000,16170000
29017545,8351924000,8354164000,8274714000,8278174000,235,77210000,79450000,3460000
29017546,8276894000,8314914000,8260244000,8310125000,232,16650000,54670000,49881000
29017547,8308665000,8341609000,8286286000,8286286000,236,22379000,55323000,0
29017548,8286484000,8304494000,8267797000,8304244000,240,18687000,36697000,36447000
29017549,8306944000,8310714000,8275294000,8275294000,232,31650000,35420000,0
29017550,8276304000,8304574000,8261064000,8304574000,236,15240000,43510000,43510000
29017551,8303104000,8354895000,8289084000,8348634000,225,14020000,65811000,59550000
29017552,8349624000,8363954000,8328494000,8355774000,231,21130000,35460000,27280000
29017553,8353484000,8370504000,8336284000,8339984000,223,17200000,34220000,3700000
29017554,8340114000,8366204000,8335774000,8362744000,214,4340000,30430000,26970000
29017555,8362623000,8378944000,8357224000,8358974000,212,5399000,21720000,1750000
29017556,8359814000,8374384000,8347501000,8347501000,214,12313000,26883000,0
29017557,8348566000,8353724000,8311984000,8313203000,211,36582000,41740000,1219000
29017558,8313426000,8334044000,8307150000,8333484000,199,6276000,26894000,26334000
29017559,8333466000,8336824000,8316284000,8331874000,211,17182000,20540000,15590000
29017560,8332944000,8337594000,8313678000,8337594000,210,19266000,23916000,23916000
29017561,8337714000,8350034000,8316124000,8346464000,227,21590000,33910000,30340000
29017562,8346544000,8372044000,8346544000,8371134000,214,0,25500000,24590000
29017563,8371474000,8378974000,8359274000,8366234000,201,12200000,19700000,6960000
29017564,8367514000,8367514000,8335544000,8339868000,219,31970000,31970000,4324000
29017565,8339494000,8347991000,8289884000,8289884000,218,49610000,58107000,0
29017566,8289884000,8298414000,8243984000,8247054000,233,45900000,54430000,3070000
29017567,8246986000,8276744000,8242178000,8276744000,234,4808000,34566000,34566000
29017568,8276986000,8315686000,8275444000,8307284000,233,1542000,40242000,31840000
29017569,8307544000,8325205000,8302750000,8321504000,225,4794000,22455000,18754000
29017570,8322284000,8331764000,8296846000,8303424000,226,25438000,34918000,6578000
29017571,8303794000,8321294000,8289860000,8318984000,230,13934000,31434000,29124000
29017572,8319854000,8363974000,8315984000,8363974000,221,3870000,47990000,47990000
29017573,8365574000,8368604000,8351304000,8368214000,217,14270000,17300000,16910000
29017574,8364024000,8373634000,8355294000,8372224000,201,8730000,18340000,16930000
29017575,8372484000,8372484000,8341494000,8341984000,199,30990000,30990000,490000
29017576,8342025000,8349693000,8321984000,8341214000,215,20041000,27709000,19230000
29017577,8341618000,8351694000,8328531000,8329594000,213,13087000,23163000,1063000
29017578,8329984000,8340284000,8314957000,8334984000,210,15027000,25327000,20027000
29017579,8333899000,8341384000,8311784000,8311784000,225,22115000,29600000,0
29017580,8309634000,8315324000,8294501000,8308974000,202,15133000,20823000,14473000
29017581,8308814000,8315577000,8290984000,8305814000,218,17830000,24593000,14830000
29017582,8305884000,8312584000,8294434000,8295494000,213,11450000,18150000,1060000
29017583,8295724000,8307504000,8290984000,8301124000,172,4740000,16520000,10140000
29017584,8301764000,8315484000,8280094000,8292114000,195,21670000,35390000,12020000
29017585,8291104000,8319464000,8286584000,8319464000,202,4520000,32880000,32880000
29017586,8318474000,8333892000,8313024000,8329314000,181,5450000,20868000,16290000
29017587,8331144000,8331144000,8294114000,8303124000,207,37030000,37030000,9010000
29017588,8304424000,8319504000,8302924000,8306074000,186,1500000,16580000,3150000
29017589,8306077000,8320864000,8305354000,8316424000,179,723000,15510000,11070000
29017590,8317004000,8336097000,8309454000,8333424000,185,7550000,26643000,23970000
29017591,8333654000,8340974000,8329984000,8330114000,196,3670000,10990000,130000
29017592,8329624000,8329624000,8312954000,8322554000,184,16670000,16670000,9600000
29017593,8321984000,8337964000,8321984000,8334674000,190,0,15980000,12690000
29017594,8335714000,8336974000,8318804000,8329474000,180,16910000,18170000,10670000
29017595,8328433000,8338974000,8328433000,8334784000,160,0,10541000,6351000
29017596,8334984000,8365364000,8330864000,8365364000,188,4120000,34500000,34500000
29017597,8365354000,8373364000,8360614000,8364544000,183,4740000,12750000,3930000
29017598,8364024000,8371974000,8358974000,8367784000,184,5050000,13000000,8810000
29017599,8367061000,8376534000,8364634000,8375384000,157,2427000,11900000,10750000
29017600,8374774000,8388454000,8363739000,8365054000,188,11035000,24715000,1315000
29017601,8363724000,8369164000,8357476000,8365494000,177,6248000,11688000,8018000
29017602,8366514000,8368974000,8358059000,8364514000,166,8455000,10915000,6455000
29017603,8364514000,8364514000,8342214000,8350274000,173,22300000,22300000,8060000
29017604,8350556000,8353984000,8344142000,8344161000,170,6414000,9842000,19000
29017605,8344374000,8363974000,8336994000,8363064000,190,7380000,26980000,26070000
29017606,8365825000,8375914000,8364114000,8371464000,172,1711000,11800000,7350000
29017607,8371504000,8379574000,8358884000,8378974000,178,12620000,20690000,20090000
29017608,8378974000,8384974000,8372025000,8378224000,174,6949000,12949000,6199000
29017609,8377657000,8386714000,8372499000,8373214000,171,5158000,14215000,715000
29017610,8372874000,8382774000,8367204000,8370744000,165,5670000,15570000,3540000
29017611,8369104000,8371834000,8362604000,8367374000,149,6500000,9230000,4770000
29017612,8367484000,8383574000,8367484000,8382074000,175,0,16090000,14590000
29017613,8382724000,8401064000,8377869000,8398984000,149,4855000,23195000,21115000
29017614,8398144000,8420434000,8396704000,8419324000,132,1440000,23730000,22620000
29017615,8419534000,8435061000,8411114000,8415122000,185,8420000,23947000,4008000
29017616,8415034000,8418964000,8403164000,8407544000,174,11870000,15800000,4380000
29017617,8406984000,8408433000,8394824000,8398984000,150,12160000,13609000,4160000
29017618,8399434000,8400414000,8388984000,8394934000,161,10450000,11430000,5950000
29017619,8393984000,8396954000,8386334000,8387014000,120,7650000,10620000,680000
29017620,8387974000,8401694000,8386324000,8401694000,175,1650000,15370000,15370000
29017621,8402594000,8418974000,8402594000,8418214000,169,0,16380000,15620000
29017622,8418201000,8418201000,8400796000,8403794000,158,17405000,17405000,2998000
29017623,8402464000,8405804000,8394634000,8400184000,154,7830000,11170000,5550000
29017624,8400734000,8415064000,8398564000,8414364000,130,2170000,16500000,15800000
29017625,8414934000,8417514000,8401745000,8411974000,143,13189000,15769000,10229000
29017626,8410884000,8434306000,8410884000,8430204000,141,0,23422000,19320000
29017627,8429660000,8440504000,8421684000,8422174000,163,7976000,18820000,490000
29017628,8421504000,8421504000,8408084000,8408984000,151,13420000,13420000,900000
29017629,8408838000,8413664000,8404694000,8407554000,136,4144000,8970000,2860000
29017630,8407234000,8407804000,8390294000,8391804000,142,16940000,17510000,1510000
29017631,8391134000,8395994000,8381064000,8384174000,131,10070000,14930000,3110000
29017632,8383164000,8385994000,8380334000,8383854000,111,2830000,5660000,3520000
29017633,8384894000,8385124000,8376014000,8377234000,115,8880000,9110000,1220000
29017634,8376394000,8376394000,8369324000,8375544000,89,7070000,7070000,6220000
29017635,8375984000,8376954000,8365774000,8369924000,130,10210000,11180000,4150000
29017636,8370514000,8370984000,8362614000,8369314000,129,7900000,8370000,6700000
29017637,8369464000,8378974000,8365814000,8378964000,138,3650000,13160000,13150000
29017638,8378284000,8382474000,8373184000,8378264000,128,5100000,9290000,5080000
29017639,8378264000,8390744000,8378264000,8385044000,150,0,12480000,6780000
29017640,8385144000,8392574000,8378984000,8387085000,145,6160000,13590000,8101000
29017641,8387096000,8391134000,8379544000,8389104000,149,7552000,11590000,9560000
29017642,8390314000,8400974000,8385024000,8399864000,109,5290000,15950000,14840000
29017643,8399444000,8420624000,8397522000,8416884000,110,1922000,23102000,19362000
29017644,8416634000,8416634000,8398024000,8405394000,124,18610000,18610000,7370000
29017645,8408174000,8415974000,8391149000,8391149000,132,17025000,24825000,0
29017646,8390984000,8396974000,8384784000,8396664000,133,6200000,12190000,11880000
29017647,8396464000,8402974000,8390974000,8398974000,133,5490000,12000000,8000000
29017648,8397841000,8400014000,8388904000,8395653000,125,8937000,11110000,6749000
29017649,8395785000,8397974000,8388297000,8396204000,99,7488000,9677000,7907000
29017650,8397244000,8408064000,8392914000,8404224000,155,4330000,15150000,11310000
29017651,8404324000,8417774000,8404324000,8412844000,137,0,13450000,8520000
29017652,8411734000,8411734000,8402901000,8404404000,143,8833000,8833000,1503000
29017653,8404974000,8416114000,8403484000,8414384000,127,1490000,12630000,10900000
29017654,8413984000,8418774000,8403264000,8403264000,121,10720000,15510000,0
29017655,8402962000,8414974000,8399817000,8408414000,139,3145000,15157000,8597000
29017656,8407644000,8414984000,8403036000,8403036000,136,4608000,11948000,0
29017657,8402965000,8410204000,8402965000,8406244000,119,0,7239000,3279000
29017658,8406964000,8411174000,8401314000,8403504000,108,5650000,9860000,2190000
29017659,8404064000,8408354000,8402054000,8405054000,81,2010000,6300000,3000000
29017660,8404804000,8408974000,8402832000,8402884000,106,1972000,6142000,52000
29017661,8402802000,8410974000,8399164000,8399164000,110,3638000,11810000,0
29017662,8399118000,8406674000,8390830000,8391114000,89,8288000,15844000,284000
29017663,8390434000,8392984000,8372524000,8374214000,123,17910000,20460000,1690000
29017664,8375204000,8382934000,8375204000,8377854000,82,0,7730000,2650000
29017665,8378694000,8378694000,8365930000,8366334000,121,12764000,12764000,404000
29017666,8367704000,8367714000,8353994000,8356294000,91,13710000,13720000,2300000
29017667,8357254000,8378974000,8356354000,8378434000,136,900000,22620000,22080000
29017668,8378714000,8381824000,8373584000,8378464000,96,5130000,8240000,4880000
29017669,8377984000,8386434000,8373984000,8385004000,96,4000000,12450000,11020000
29017670,8385604000,8402444000,8384134000,8402444000,125,1470000,18310000,18310000
29017671,8401214000,8417854000,8398984000,8414964000,164,2230000,18870000,15980000
29017672,8414564000,8437104000,8409784000,8427254000,179,4780000,27320000,17470000
29017673,8426954000,8428794000,8418364000,8424004000,157,8590000,10430000,5640000
29017674,8423674000,8424455000,8411744000,8417734000,144,11930000,12711000,5990000
29017675,8416984000,8423974000,8409974000,8411924000,152,7010000,14000000,1950000
29017676,8410992000,8417434000,8409994000,8415344000,98,998000,7440000,5350000
29017677,8414227000,8425434000,8413734000,8422264000,114,493000,11700000,8530000
29017678,8421484000,8421484000,8399944000,8399944000,127,21540000,21540000,0
29017679,8399838000,8400984000,8391044000,8392274000,116,8794000,9940000,1230000
29017680,8391874000,8398974000,8380204000,8396724000,169,11670000,18770000,16520000
29017681,8395996000,8397064000,8379984000,8381004000,159,16012000,17080000,1020000
29017682,8381824000,8386717000,8367964000,8377004000,144,13860000,18753000,9040000
29017683,8378384000,8378544000,8364984000,8367544000,161,13400000,13560000,2560000
29017684,8367004000,8386024000,8365584000,8383774000,121,1420000,20440000,18190000
29017685,8385924000,8389624000,8365644000,8371874000,144,20280000,23980000,6230000
29017686,8370386000,8375224000,8364144000,8374434000,130,6242000,11080000,10290000
29017687,8373984000,8373984000,8362464000,8364054000,129,11520000,11520000,1590000
29017688,8364544000,8371114000,8357394000,8363734000,142,7150000,13720000,6340000
29017689,8363734000,8372304000,8363734000,8371974000,121,0,8570000,8240000
29017690,8373514000,8378764000,8369584000,8378764000,103,3930000,9180000,9180000
29017691,8376704000,8380227000,8365264000,8377184000,134,11440000,14963000,11920000
29017692,8377474000,8383534000,8371504000,8382134000,121,5970000,12030000,10630000
29017693,8381544000,8383764000,8365304000,8368264000,110,16240000,18460000,2960000
29017694,8368264000,8382974000,8368209000,8382724000,128,55000,14765000,14515000
29017695,8382974000,8388874000,8375748000,8377555000,141,7226000,13126000,1807000
29017696,8377984000,8395774000,8370934000,8393764000,141,7050000,24840000,22830000
29017697,8393168000,8396974000,8382762000,8382784000,162,10406000,14212000,22000
29017698,8381884000,8390484000,8377164000,8387493000,129,4720000,13320000,10329000
29017699,8387064000,8393395000,8369218000,8370124000,150,17846000,24177000,906000
29017700,8371684000,8372114000,8364394000,8367064000,147,7290000,7720000,2670000
29017701,8366994000,8376114000,8363334000,8367004000,138,3660000,12780000,3670000
29017702,8366914000,8371234000,8362784000,8363694000,111,4130000,8450000,910000
29017703,8363694000,8382234000,8362004000,8381764000,121,1690000,20230000,19760000
29017704,8380884000,8397244000,8379104000,8387904000,139,1780000,18140000,8800000
29017705,8388204000,8390204000,8379752000,8382124000,151,8452000,10452000,2372000
29017706,8381064000,8385294000,8375784000,8382904000,126,5280000,9510000,7120000
29017707,8383144000,8384974000,8372764000,8373944000,147,10380000,12210000,1180000
29017708,8374694000,8380134000,8369573000,8377404000,144,5121000,10561000,7831000
29017709,8378304000,8378554000,8373714000,8373714000,96,4590000,4840000,0
29017710,8374364000,8374364000,8363644000,8364724000,136,10720000,10720000,1080000
29017711,8364314000,8368394000,8363854000,8365574000,126,460000,4540000,1720000
29017712,8365374000,8370384000,8359434000,8365384000,126,5940000,10950000,5950000
29017713,8365517000,8378704000,8365517000,8376134000,122,0,13187000,10617000
29017714,8376714000,8378714000,8367406000,8369174000,112,9308000,11308000,1768000
29017715,8369844000,8380144000,8369329000,8377484000,135,515000,10815000,8155000
29017716,8378324000,8381014000,8373517000,8381014000,144,4807000,7497000,7497000
29017717,8381474000,8382414000,8369414000,8369744000,133,12060000,13000000,330000
29017718,8369134000,8369134000,8342704000,8355944000,145,26430000,26430000,13240000
29017719,8355360000,8358874000,8346984000,8358874000,159,8376000,11890000,11890000
29017720,8360104000,8375004000,8356264000,8371634000,147,3840000,18740000,15370000
29017721,8371124000,8374994000,8366714000,8368057000,135,4410000,8280000,1343000
29017722,8367736000,8367736000,8357164000,8367244000,118,10572000,10572000,10080000
29017723,8366684000,8372974000,8362824000,8372054000,103,3860000,10150000,9230000
29017724,8371604000,8377774000,8370114000,8376474000,80,1490000,7660000,6360000
29017725,8376094000,8377244000,8361230000,8362224000,141,14864000,16014000,994000
29017726,8362324000,8363764000,8356524000,8362364000,111,5800000,7240000,5840000
29017727,8363054000,8366214000,8346684000,8352704000,113,16370000,19530000,6020000
29017728,8352121000,8353984000,8345914000,8348124000,127,6207000,8070000,2210000
29017729,8349534000,8358164000,8346534000,8356164000,113,3000000,11630000,9630000
29017730,8356034000,8360714000,8351944000,8360474000,133,4090000,8770000,8530000
29017731,8361294000,8370704000,8358202000,8366434000,145,3092000,12502000,8232000
29017732,8366434000,8371874000,8360598000,8370964000,84,5836000,11276000,10366000
29017733,8371874000,8373974000,8368764000,8371226000,82,3110000,5210000,2462000
29017734,8371024000,8371024000,8355314000,8355764000,123,15710000,15710000,450000
29017735,8354584000,8357414000,8350804000,8350984000,124,3780000,6610000,180000
29017736,8350984000,8355794000,8350984000,8355794000,60,0,4810000,4810000
29017737,8356554000,8364064000,8350264000,8350264000,118,6290000,13800000,0
29017738,8350984000,8353014000,8337374000,8337574000,138,13610000,15640000,200000
29017739,8338134000,8341364000,8326684000,8336134000,135,11450000,14680000,9450000
29017740,8337534000,8348484000,8334224000,8345344000,172,3310000,14260000,11120000
29017741,8345514000,8346904000,8330058000,8344604000,178,15456000,16846000,14546000
29017742,8346494000,8350784000,8335066000,8344424000,189,11428000,15718000,9358000
29017743,8341439000,8393484000,8341404000,8392604000,176,35000,52080000,51200000
29017744,8392044000,8406984000,8383784000,8398254000,182,8260000,23200000,14470000
29017745,8396984000,8413940000,8383864000,8411934000,213,13120000,30076000,28070000
29017746,8410984000,8450174000,8410984000,8449344000,220,0,39190000,38360000
29017747,8450024000,8455194000,8420284000,8420324000,216,29740000,34910000,40000
29017748,8419834000,8438064000,8405344000,8406574000,190,14490000,32720000,1230000
29017749,8405524000,8417974000,8399414000,8401984000,202,6110000,18560000,2570000
29017750,8402512000,8406654000,8392674000,8399684000,176,9838000,13980000,7010000
29017751,8398984000,8404514000,8389804000,8402364000,172,9180000,14710000,12560000
29017752,8403274000,8406704000,8388038000,8392224000,177,15236000,18666000,4186000
29017753,8391634000,8399224000,8382286000,8385053000,175,9348000,16938000,2767000
29017754,8384862000,8395194000,8372334000,8377814000,154,12528000,22860000,5480000
29017755,8378574000,8380971000,8367504000,8371124000,176,11070000,13467000,3620000
29017756,8371894000,8381184000,8365714000,8379476000,171,6180000,15470000,13762000
29017757,8379504000,8387804000,8376984000,8379994000,170,2520000,10820000,3010000
29017758,8379734000,8387974000,8367574000,8372974000,160,12160000,20400000,5400000
29017759,8373364000,8381224000,8363204000,8381224000,176,10160000,18020000,18020000
29017760,8381016000,8382634000,8365774000,8372084000,180,15242000,16860000,6310000
29017761,8372974000,8391914000,8371204000,8385414000,184,1770000,20710000,14210000
29017762,8385414000,8399714000,8385414000,8396454000,166,0,14300000,11040000
29017763,8396774000,8404224000,8394114000,8400574000,149,2660000,10110000,6460000
29017764,8400374000,8407614000,8396994000,8400884000,122,3380000,10620000,3890000
29017765,8401974000,8409974000,8397504000,8405984000,141,4470000,12470000,8480000
29017766,8406054000,8416804000,8402000000,8416804000,133,4054000,14804000,14804000
29017767,8415714000,8421774000,8413104000,8417524000,141,2610000,8670000,4420000
29017768,8415624000,8421614000,8411854000,8420124000,120,3770000,9760000,8270000
29017769,8419424000,8421174000,8412307000,8414224000,113,7117000,8867000,1917000
29017770,8414934000,8415334000,8401064000,8401724000,140,13870000,14270000,660000
29017771,8401284000,8404034000,8395094000,8399574000,132,6190000,8940000,4480000
29017772,8398984000,8402114000,8394244000,8395264000,118,4740000,7870000,1020000
29017773,8395574000,8405734000,8392484000,8403304000,128,3090000,13250000,10820000
29017774,8402845000,8414124000,8394254000,8414124000,134,8591000,19870000,19870000
29017775,8414124000,8431964000,8414124000,8424233000,143,0,17840000,10109000
29017776,8423734000,8423734000,8397114000,8399974000,149,26620000,26620000,2860000
29017777,8399684000,8421674000,8399684000,8415844000,157,0,21990000,16160000
29017778,8415443000,8424274000,8410871000,8422504000,124,4572000,13403000,11633000
29017779,8421193000,8422774000,8414621000,8416794000,118,6572000,8153000,2173000
29017780,8416683000,8416794000,8408984000,8411774000,134,7699000,7810000,2790000
29017781,8409284000,8416084000,8407213000,8416084000,145,2071000,8871000,8871000
29017782,8415096000,8417414000,8411374000,8416024000,94,3722000,6040000,4650000
29017783,8416374000,8420914000,8413804000,8417865000,93,2570000,7110000,4061000
29017784,8417984000,8421574000,8408984000,8408984000,102,9000000,12590000,0
29017785,8408685000,8413974000,8403994000,8410684000,133,4691000,9980000,6690000
29017786,8410636000,8412864000,8404984000,8406224000,109,5652000,7880000,1240000
29017787,8406224000,8414974000,8402659000,8410244000,131,3565000,12315000,7585000
29017788,8410244000,8410724000,8398984000,8402384000,113,11260000,11740000,3400000
29017789,8401234000,8403504000,8398994000,8403114000,105,2240000,4510000,4120000
29017790,8403564000,8406824000,8402234000,8404984000,111,1330000,4590000,2750000
29017791,8405554000,8417264000,8405554000,8415034000,108,0,11710000,9480000
29017792,8415034000,8415034000,8409304000,8411474000,112,5730000,5730000,2170000
29017793,8411474000,8417474000,8411474000,8416904000,73,0,6000000,5430000
29017794,8417474000,8426144000,8417474000,8422634000,93,0,8670000,5160000
29017795,8422004000,8426154000,8420394000,8425964000,75,1610000,5760000,5570000
29017796,8424334000,8424334000,8419984000,8423264000,91,4350000,4350000,3280000
29017797,8424674000,8426974000,8420334000,8424454000,100,4340000,6640000,4120000
29017798,8424524000,8425104000,8418984000,8425104000,60,5540000,6120000,6120000
29017799,8425684000,8426564000,8419864000,8422084000,87,5820000,6700000,2220000
29017800,8421804000,8424011000,8415369000,8417044000,110,6435000,8642000,1675000
29017801,8417534000,8417534000,8408620000,8410274000,102,8914000,8914000,1654000
29017802,8411824000,8421974000,8409904000,8418654000,107,1920000,12070000,8750000
29017803,8419724000,8433928000,8418974000,8433254000,112,750000,14954000,14280000
29017804,8433244000,8433244000,8415814000,8422413000,145,17430000,17430000,6599000
29017805,8422290000,8424984000,8414284000,8423904000,148,8006000,10700000,9620000
29017806,8424574000,8431764000,8423154000,8424611000,140,1420000,8610000,1457000
29017807,8424404000,8425014000,8418944000,8423984000,93,5460000,6070000,5040000
29017808,8422964000,8422964000,8414784000,8414784000,100,8180000,8180000,0
29017809,8414224000,8414784000,8409184000,8412074000,92,5040000,5600000,2890000
29017810,8410102000,8416734000,8405024000,8416734000,120,5078000,11710000,11710000
29017811,8416734000,8420624000,8409944000,8413884000,91,6790000,10680000,3940000
29017812,8413884000,8415594000,8405144000,8405984000,109,8740000,10450000,840000
29017813,8405684000,8406564000,8394034000,8397684000,91,11650000,12530000,3650000
29017814,8397221000,8400774000,8396994000,8398984000,63,227000,3780000,1990000
29017815,8399394000,8401784000,8396994000,8400994000,62,2400000,4790000,4000000
29017816,8400574000,8410894000,8398614000,8400004000,96,1960000,12280000,1390000
29017817,8399284000,8402894000,8387104000,8389734000,123,12180000,15790000,2630000
29017818,8390084000,8392034000,8382434000,8382894000,107,7650000,9600000,460000
29017819,8384834000,8388484000,8382684000,8386934000,115,2150000,5800000,4250000
29017820,8387364000,8392324000,8384334000,8385484000,79,3030000,7990000,1150000
29017821,8387568000,8391974000,8385484000,8391974000,83,2084000,6490000,6490000
29017822,8392614000,8396514000,8389374000,8396124000,88,3240000,7140000,6750000
29017823,8397314000,8406654000,8397314000,8405544000,107,0,9340000,8230000
29017824,8405279000,8412954000,8405124000,8406744000,99,155000,7830000,1620000
29017825,8407484000,8408354000,8400354000,8402754000,88,7130000,8000000,2400000
29017826,8403294000,8410124000,8403294000,8405984000,84,0,6830000,2690000
29017827,8405918000,8418874000,8405918000,8415484000,95,0,12956000,9566000
29017828,8416494000,8424974000,8415474000,8423924000,80,1020000,9500000,8450000
29017829,8424074000,8427704000,8417694000,8418234000,102,6380000,10010000,540000
29017830,8417676000,8428204000,8416080000,8420974000,119,1596000,12124000,4894000
29017831,8421784000,8421784000,8414744000,8417434000,90,7040000,7040000,2690000
29017832,8417044000,8418364000,8405684000,8405684000,96,11360000,12680000,0
29017833,8405284000,8410454000,8402474000,8409364000,84,2810000,7980000,6890000
29017834,8409014000,8416044000,8406015000,8414274000,102,2999000,10029000,8259000
29017835,8412990000,8413044000,8400444000,8401809000,95,12546000,12600000,1365000
29017836,8401544000,8402084000,8395084000,8396184000,79,6460000,7000000,1100000
29017837,8396654000,8397184000,8392131000,8394254000,81,4523000,5053000,2123000
29017838,8394664000,8394664000,8382204000,8382204000,98,12460000,12460000,0
29017839,8383354000,8385134000,8371764000,8381564000,101,11590000,13370000,9800000
29017840,8380805000,8385124000,8378994000,8380374000,64,1811000,6130000,1380000
29017841,8379634000,8379634000,8370644000,8370644000,77,8990000,8990000,0
29017842,8371044000,8371964000,8358104000,8359684000,66,12940000,13860000,1580000
29017843,8357804000,8367964000,8354924000,8367964000,83,2880000,13040000,13040000
29017844,8367084000,8370504000,8365494000,8367044000,47,1590000,5010000,1550000
29017845,8367964000,8368414000,8354624000,8356974000,116,13340000,13790000,2350000
29017846,8358974000,8362974000,8353014000,8355174000,82,5960000,9960000,2160000
29017847,8353984000,8365154000,8353984000,8364084000,86,0,11170000,10100000
29017848,8366694000,8367384000,8354624000,8364564000,107,12070000,12760000,9940000
29017849,8364974000,8366544000,8362564000,8365154000,63,2410000,3980000,2590000
29017850,8364063000,8368264000,8358984000,8368264000,88,5079000,9280000,9280000
29017851,8368874000,8371894000,8368274000,8368284000,83,600000,3620000,10000
29017852,8368974000,8373744000,8367206000,8368184000,97,1768000,6538000,978000
29017853,8367984000,8378524000,8367584000,8372014000,77,400000,10940000,4430000
29017854,8372724000,8374704000,8366664000,8368754000,117,6060000,8040000,2090000
29017855,8368134000,8370574000,8359624000,8359624000,88,8510000,10950000,0
29017856,8359974000,8369984000,8359974000,8368214000,66,0,10010000,8240000
29017857,8368184000,8376474000,8366744000,8376474000,84,1440000,9730000,9730000
29017858,8377004000,8385044000,8375744000,8385044000,62,1260000,9300000,9300000
29017859,8384744000,8384744000,8380699000,8381510000,73,4045000,4045000,811000
29017860,8382684000,8389414000,8378470000,8388984000,114,4214000,10944000,10514000
29017861,8389554000,8395924000,8387874000,8390244000,102,1680000,8050000,2370000
29017862,8388554000,8389614000,8382824000,8383124000,73,5730000,6790000,300000
29017863,8384724000,8385724000,8375564000,8376194000,95,9160000,10160000,630000
29017864,8375957000,8377464000,8367044000,8376444000,106,8913000,10420000,9400000
29017865,8377284000,8377284000,8364594000,8366204000,109,12690000,12690000,1610000
29017866,8365511000,8368734000,8363204000,8367484000,85,2307000,5530000,4280000
29017867,8367174000,8367174000,8361294000,8366534000,84,5880000,5880000,5240000
29017868,8365994000,8366094000,8354484000,8358734000,113,11510000,11610000,4250000
29017869,8359514000,8359514000,8345174000,8345954000,121,14340000,14340000,780000
29017870,8346314000,8353764000,8340184000,8353484000,145,6130000,13580000,13300000
29017871,8353484000,8353974000,8341784000,8348474000,128,11700000,12190000,6690000
29017872,8349034000,8354974000,8346204000,8349954000,105,2830000,8770000,3750000
29017873,8349384000,8351144000,8340987000,8343974000,90,8397000,10157000,2987000
29017874,8342974000,8348234000,8340247000,8340344000,81,2727000,7987000,97000
29017875,8340474000,8348324000,8329924000,8347348000,145,10550000,18400000,17424000
29017876,8347038000,8354884000,8341505000,8354884000,141,5533000,13379000,13379000
29017877,8352544000,8358274000,8345507000,8350574000,113,7037000,12767000,5067000
29017878,8349774000,8355674000,8344584000,8355674000,131,5190000,11090000,11090000
29017879,8357164000,8363284000,8353594000,8356074000,134,3570000,9690000,2480000
29017880,8355754000,8356574000,8341064000,8346204000,130,14690000,15510000,5140000
29017881,8346714000,8351984000,8344504000,8349454000,102,2210000,7480000,4950000
29017882,8348934000,8348934000,8333824000,8335434000,117,15110000,15110000,1610000
29017883,8335614000,8344574000,8335179000,8344574000,81,435000,9395000,9395000
29017884,8347594000,8362894000,8346524000,8356714000,131,1070000,16370000,10190000
29017885,8356604000,8359484000,8351871000,8354864000,114,4733000,7613000,2993000
29017886,8353998000,8365784000,8352214000,8363304000,90,1784000,13570000,11090000
29017887,8361624000,8364294000,8357051000,8357051000,110,4573000,7243000,0
29017888,8356984000,8356984000,8349844000,8354404000,54,7140000,7140000,4560000
29017889,8352640000,8353304000,8344184000,8345254000,82,8456000,9120000,1070000
29017890,8345481000,8347304000,8338984000,8347304000,115,6497000,8320000,8320000
29017891,8347304000,8362264000,8346464000,8360321000,85,840000,15800000,13857000
29017892,8360324000,8360324000,8350084000,8351574000,89,10240000,10240000,1490000
29017893,8350474000,8358874000,8350474000,8351974000,103,0,8400000,1500000
29017894,8351974000,8366444000,8351974000,8360984000,119,0,14470000,9010000
29017895,8362014000,8365764000,8358544000,8362234000,108,3470000,7220000,3690000
29017896,8362234000,8362234000,8350294000,8355524000,117,11940000,11940000,5230000
29017897,8354811000,8366934000,8354811000,8366934000,95,0,12123000,12123000
29017898,8366584000,8375144000,8361734000,8375144000,91,4850000,13410000,13410000
29017899,8375154000,8379474000,8360784000,8360784000,106,14370000,18690000,0
29017900,8360914000,8361344000,8350884000,8354574000,105,10030000,10460000,3690000
29017901,8353234000,8354574000,8348984000,8353444000,73,4250000,5590000,4460000
29017902,8353724000,8359214000,8353724000,8356174000,93,0,5490000,2450000
29017903,8356614000,8357724000,8351194000,8354144000,86,5420000,6530000,2950000
29017904,8354484000,8355894000,8336414000,8342944000,110,18070000,19480000,6530000
29017905,8340920000,8344414000,8336274000,8343854000,105,4646000,8140000,7580000
29017906,8344114000,8346374000,8336404000,8345674000,113,7710000,9970000,9270000
29017907,8344984000,8344984000,8337984000,8342494000,74,7000000,7000000,4510000
29017908,8342504000,8350964000,8339224000,8347774000,97,3280000,11740000,8550000
29017909,8348324000,8352144000,8345824000,8345834000,85,2500000,6320000,10000
29017910,8344774000,8344944000,8338984000,8343164000,112,5790000,5960000,4180000
29017911,8343164000,8347284000,8341244000,8341244000,86,1920000,6040000,0
29017912,8342074000,8342074000,8323384000,8331394000,152,18690000,18690000,8010000
29017913,8331394000,8342094000,8331394000,8334864000,85,0,10700000,3470000
29017914,8335956000,8336204000,8324784000,8324784000,71,11172000,11420000,0
29017915,8323034000,8325784000,8315784000,8318724000,124,7250000,10000000,2940000
29017916,8318974000,8325274000,8318974000,8319524000,81,0,6300000,550000
29017917,8319954000,8321884000,8310094000,8310094000,111,9860000,11790000,0
29017918,8310084000,8318224000,8310084000,8310894000,83,0,8140000,810000
29017919,8311854000,8315114000,8310114000,8314914000,77,1740000,5000000,4800000
29017920,8314434000,8330034000,8307884000,8327004000,138,6550000,22150000,19120000
29017921,8326994000,8335774000,8317684000,8328814000,158,9310000,18090000,11130000
29017922,8329104000,8329104000,8307044000,8307404000,149,22060000,22060000,360000
29017923,8306784000,8325224000,8306604000,8318094000,167,180000,18620000,11490000
29017924,8319014000,8331694000,8312984000,8331684000,139,6030000,18710000,18700000
29017925,8331854000,8336574000,8326784000,8327474000,160,5070000,9790000,690000
29017926,8326884000,8329654000,8314994000,8318408000,140,11890000,14660000,3414000
29017927,8318284000,8323664000,8309984000,8311474000,150,8300000,13680000,1490000
29017928,8312084000,8313724000,8308157000,8309784000,146,3927000,5567000,1627000
29017929,8309894000,8315534000,8299484000,8299484000,167,10410000,16050000,0
29017930,8298994000,8313974000,8298984000,8313974000,148,10000,14990000,14990000
29017931,8313084000,8317784000,8309054000,8314375000,131,4030000,8730000,5321000
29017932,8314294000,8320174000,8313460000,8316044000,134,834000,6714000,2584000
29017933,8315574000,8322774000,8315574000,8322774000,105,0,7200000,7200000
29017934,8323374000,8329187000,8318164000,8323865000,147,5210000,11023000,5701000
29017935,8323664000,8324914000,8313984000,8314994000,89,9680000,10930000,1010000
29017936,8317984000,8327604000,8315664000,8327604000,122,2320000,11940000,11940000
29017937,8327098000,8343624000,8324474000,8339484000,127,2624000,19150000,15010000
29017938,8339294000,8343654000,8336124000,8341974000,113,3170000,7530000,5850000
29017939,8342304000,8342664000,8337524000,8337524000,56,4780000,5140000,0
29017940,8337469000,8337474000,8324683000,8328924000,117,12786000,12791000,4241000
29017941,8327597000,8337514000,8325471000,8335764000,105,2126000,12043000,10293000
29017942,8336034000,8341704000,8333514000,8338594000,113,2520000,8190000,5080000
29017943,8336214000,8348234000,8336214000,8343104000,106,0,12020000,6890000
29017944,8342944000,8342944000,8338224000,8339724000,80,4720000,4720000,1500000
29017945,8338744000,8360314000,8338744000,8359234000,129,0,21570000,20490000
29017946,8359454000,8386064000,8358734000,8377984000,165,720000,27330000,19250000
29017947,8377414000,8380674000,8361484000,8363884000,136,15930000,19190000,2400000
29017948,8364964000,8368914000,8361974000,8363974000,114,2990000,6940000,2000000
29017949,8362824000,8365184000,8355774000,8355774000,95,7050000,9410000,0
29017950,8356754000,8363584000,8355584000,8362864000,118,1170000,8000000,7280000
29017951,8362864000,8383244000,8361744000,8377724000,154,1120000,21500000,15980000
29017952,8377724000,8386064000,8375464000,8381644000,165,2260000,10600000,6180000
29017953,8381434000,8385324000,8369944000,8370224000,143,11490000,15380000,280000
29017954,8370724000,8383374000,8370124000,8374796000,136,600000,13250000,4672000
29017955,8374984000,8379844000,8364994000,8364994000,117,9990000,14850000,0
29017956,8362424000,8362924000,8356507000,8356507000,122,5917000,6417000,0
29017957,8356304000,8363464000,8351384000,8362214000,123,4920000,12080000,10830000
29017958,8363304000,8364234000,8354344000,8361444000,127,8960000,9890000,7100000
29017959,8361464000,8374164000,8359574000,8373184000,113,1890000,14590000,13610000
29017960,8373634000,8380824000,8371134000,8377894000,120,2500000,9690000,6760000
29017961,8378174000,8378174000,8369934000,8373224000,103,8240000,8240000,3290000
29017962,8372984000,8380574000,8370245000,8372734000,110,2739000,10329000,2489000
29017963,8373484000,8375584000,8371614000,8373974000,75,1870000,3970000,2360000
29017964,8374544000,8377134000,8363984000,8365744000,101,10560000,13150000,1760000
29017965,8366114000,8372104000,8357396000,8358164000,121,8718000,14708000,768000
29017966,8357444000,8358634000,8347994000,8351124000,138,9450000,10640000,3130000
29017967,8351124000,8356154000,8348614000,8354924000,114,2510000,7540000,6310000
29017968,8355864000,8356064000,8347974000,8354764000,106,7890000,8090000,6790000
29017969,8353484000,8353973000,8340984000,8340984000,112,12500000,12989000,0
29017970,8340858000,8341314000,8335564000,8337344000,113,5294000,5750000,1780000
29017971,8338294000,8347714000,8333984000,8344934000,104,4310000,13730000,10950000
29017972,8344234000,8352598000,8344234000,8350544000,96,0,8364000,6310000
29017973,8350874000,8358624000,8350444000,8355684000,101,430000,8180000,5240000
29017974,8355014000,8358974000,8355014000,8356674000,97,0,3960000,1660000
29017975,8357134000,8363374000,8356344000,8363374000,83,790000,7030000,7030000
29017976,8359274000,8368754000,8359274000,8368754000,83,0,9480000,9480000
29017977,8368754000,8382384000,8368754000,8381554000,92,0,13630000,12800000
29017978,8381094000,8388734000,8379474000,8388734000,98,1620000,9260000,9260000
29017979,8389634000,8389634000,8384454000,8384944000,60,5180000,5180000,490000
29017980,8385564000,8389414000,8382534000,8384984000,109,3030000,6880000,2450000
29017981,8384534000,8386614000,8377014000,8377984000,107,7520000,9600000,970000
29017982,8377264000,8383654000,8377264000,8378554000,122,0,6390000,1290000
29017983,8379134000,8384924000,8377633000,8377964000,117,1501000,7291000,331000
29017984,8377984000,8383974000,8370684000,8371284000,96,7300000,13290000,600000
29017985,8371484000,8372934000,8364694000,8368924000,121,6790000,8240000,4230000
29017986,8367214000,8372224000,8365074000,8371464000,135,2140000,7150000,6390000
29017987,8370644000,8382064000,8369274000,8381854000,111,1370000,12790000,12580000
29017988,8381824000,8382934000,8379654000,8382194000,76,2170000,3280000,2540000
29017989,8381724000,8382104000,8377984000,8381464000,72,3740000,4120000,3480000
29017990,8382444000,8402974000,8379554000,8400224000,128,2890000,23420000,20670000
29017991,8399784000,8413514000,8395744000,8413514000,118,4040000,17770000,17770000
29017992,8413634000,8413974000,8403554000,8408484000,116,10080000,10420000,4930000
29017993,8409014000,8409014000,8396864000,8399694000,111,12150000,12150000,2830000
29017994,8398984000,8403184000,8398984000,8399384000,73,0,4200000,400000
29017995,8398864000,8402344000,8388414000,8388414000,104,10450000,13930000,0
29017996,8389944000,8395784000,8386364000,8388204000,107,3580000,9420000,1840000
29017997,8388414000,8394244000,8383984000,8391704000,104,4430000,10260000,7720000
29017998,8390974000,8396444000,8384274000,8393524000,113,6700000,12170000,9250000
29017999,8392234000,8392234000,8385984000,8386134000,94,6250000,6250000,150000
29018000,8387134000,8389324000,8383124000,8386434000,114,4010000,6200000,3310000
29018001,8386824000,8386824000,8377574000,8383394000,112,9250000,9250000,5820000
29018002,8384517000,8385854000,8370984000,8376724000,122,13533000,14870000,5740000
29018003,8377974000,8383974000,8376684000,8378064000,87,1290000,7290000,1380000
29018004,8378814000,8378814000,8367964000,8367964000,118,10850000,10850000,0
29018005,8368954000,8369334000,8357944000,8363104000,106,11010000,11390000,5160000
29018006,8363444000,8374064000,8361190000,8372734000,98,2254000,12874000,11544000
29018007,8373204000,8376974000,8368984000,8376974000,109,4220000,7990000,7990000
29018008,8377484000,8378974000,8368314000,8378884000,106,9170000,10660000,10570000
29018009,8377324000,8382524000,8376484000,8382188000,87,840000,6040000,5704000
29018010,8381474000,8385254000,8377545000,8383654000,101,3929000,7709000,6109000
29018011,8384374000,8384487000,8372284000,8374984000,123,12090000,12203000,2700000
29018012,8374104000,8376284000,8367254000,8375684000,112,6850000,9030000,8430000
29018013,8376284000,8376814000,8372464000,8376084000,112,3820000,4350000,3620000
29018014,8375464000,8380004000,8374204000,8376964000,72,1260000,5800000,2760000
29018015,8376194000,8382574000,8371684000,8382574000,95,4510000,10890000,10890000
29018016,8382904000,8392974000,8380194000,8392724000,102,2710000,12780000,12530000
29018017,8391714000,8396764000,8387634000,8392884000,110,4080000,9130000,5250000
29018018,8390984000,8398254000,8389654000,8395674000,81,1330000,8600000,6020000
29018019,8394974000,8400574000,8393234000,8398603000,103,1740000,7340000,5369000
29018020,8398204000,8398374000,8393894000,8395824000,91,4310000,4480000,1930000
29018021,8395834000,8398464000,8390534000,8397774000,97,5300000,7930000,7240000
29018022,8398364000,8398364000,8388984000,8392774000,112,9380000,9380000,3790000
29018023,8392774000,8396924000,8391754000,8396924000,86,1020000,5170000,5170000
29018024,8396924000,8409254000,8396924000,8405924000,89,0,12330000,9000000
29018025,8407524000,8412274000,8400974000,8401484000,97,6550000,11300000,510000
29018026,8401944000,8401944000,8395014000,8398024000,56,6930000,6930000,3010000
29018027,8397724000,8399694000,8395454000,8399594000,66,2270000,4240000,4140000
29018028,8399174000,8399694000,8394164000,8398914000,71,5010000,5530000,4750000
29018029,8399294000,8401934000,8395684000,8401934000,95,3610000,6250000,6250000
29018030,8400404000,8400404000,8392984000,8392984000,81,7420000,7420000,0
29018031,8392894000,8392894000,8381984000,8386104000,79,10910000,10910000,4120000
29018032,8386774000,8387974000,8379184000,8379924000,84,7590000,8790000,740000
29018033,8379924000,8383074000,8374504000,8382924000,101,5420000,8570000,8420000
29018034,8382694000,8383974000,8380974000,8381364000,58,1720000,3000000,390000
29018035,8381784000,8383014000,8377901000,8379474000,67,3883000,5113000,1573000
29018036,8379554000,8379554000,8370994000,8372774000,88,8560000,8560000,1780000
29018037,8373524000,8373524000,8368984000,8370224000,44,4540000,4540000,1240000
29018038,8369984000,8370224000,8366824000,8368984000,37,3160000,3400000,2160000
29018039,8369924000,8375984000,8369204000,8369204000,75,720000,6780000,0
29018040,8369994000,8370574000,8357144000,8362154000,80,12850000,13430000,5010000
29018041,8362974000,8369364000,8361224000,8367504000,95,1750000,8140000,6280000
29018042,8365834000,8374014000,8364984000,8366604000,93,850000,9030000,1620000
29018043,8365464000,8365464000,8352564000,8354384000,103,12900000,12900000,1820000
29018044,8354864000,8372794000,8352908000,8371234000,105,1956000,19886000,18326000
29018045,8370984000,8372474000,8369174000,8371204000,100,1810000,3300000,2030000
29018046,8372044000,8374084000,8363174000,8370154000,95,8870000,10910000,6980000
29018047,8370156000,8375894000,8366044000,8375894000,87,4112000,9850000,9850000
29018048,8377264000,8378404000,8361964000,8362314000,81,15300000,16440000,350000
29018049,8361974000,8362514000,8357244000,8359554000,76,4730000,5270000,2310000
29018050,8359502000,8359754000,8353984000,8354484000,93,5518000,5770000,500000
29018051,8355114000,8359644000,8353044000,8355974000,90,2070000,6600000,2930000
29018052,8356504000,8360824000,8354484000,8355704000,62,2020000,6340000,1220000
29018053,8356624000,8358914000,8354714000,8356124000,68,1910000,4200000,1410000
29018054,8355802000,8363974000,8352814000,8362814000,64,2988000,11160000,10000000
29018055,8362984000,8362984000,8356974000,8357564000,89,6010000,6010000,590000
29018056,8356984000,8368744000,8353584000,8367874000,96,3400000,15160000,14290000
29018057,8367808000,8372884000,8360984000,8361544000,108,6824000,11900000,560000
29018058,8361074000,8361544000,8349584000,8351504000,85,11490000,11960000,1920000
29018059,8350974000,8357084000,8345764000,8348014000,93,5210000,11320000,2250000
29018060,8348974000,8352414000,8343624000,8352334000,89,5350000,8790000,8710000
29018061,8353954000,8356324000,8349175000,8349204000,104,4779000,7149000,29000
29018062,8348527000,8358794000,8348464000,8357974000,86,63000,10330000,9510000
29018063,8358974000,8364474000,8357304000,8357304000,82,1670000,7170000,0
29018064,8355964000,8360824000,8351774000,8351774000,89,4190000,9050000,0
29018065,8351304000,8357654000,8349084000,8357374000,79,2220000,8570000,8290000
29018066,8356984000,8366684000,8354515000,8364874000,89,2469000,12169000,10359000
29018067,8364664000,8368024000,8359414000,8361884000,109,5250000,8610000,2470000
29018068,8361984000,8370254000,8361104000,8370254000,85,880000,9150000,9150000
29018069,8368965000,8368965000,8357975000,8358484000,88,10990000,10990000,509000
29018070,8357768000,8363344000,8354994000,8361824000,87,2774000,8350000,6830000
29018071,8362394000,8371974000,8360064000,8370264000,114,2330000,11910000,10200000
29018072,8370216000,8376194000,8363178000,8365484000,124,7038000,13016000,2306000
29018073,8365904000,8366344000,8356984000,8359674000,123,8920000,9360000,2690000
29018074,8359483000,8375944000,8358984000,8371774000,92,499000,16960000,12790000
29018075,8371119000,8374794000,8367784000,8367784000,119,3335000,7010000,0
29018076,8368334000,8376854000,8365364000,8376854000,124,2970000,11490000,11490000
29018077,8377704000,8384974000,8374684000,8378034000,125,3020000,10290000,3350000
29018078,8377404000,8387274000,8375564000,8384004000,111,1840000,11710000,8440000
29018079,8384304000,8384984000,8378394000,8380434000,85,5910000,6590000,2040000
29018080,8381054000,8395204000,8380027000,8395204000,99,1027000,15177000,15177000
29018081,8395694000,8398964000,8392454000,8394594000,86,3240000,6510000,2140000
29018082,8393984000,8396054000,8388484000,8389144000,80,5500000,7570000,660000
29018083,8388435000,8389974000,8380142000,8382484000,93,8293000,9832000,2342000
29018084,8381494000,8385534000,8379034000,8381254000,90,2460000,6500000,2220000
29018085,8379694000,8384984000,8376264000,8384984000,86,3430000,8720000,8720000
29018086,8385134000,8391424000,8384584000,8390144000,96,550000,6840000,5560000
29018087,8389234000,8401454000,8387134000,8400554000,90,2100000,14320000,13420000
29018088,8398394000,8398394000,8391074000,8392894000,85,7320000,7320000,1820000
29018089,8391014000,8395414000,8388992000,8395414000,78,2022000,6422000,6422000
29018090,8394744000,8397274000,8393014000,8394754000,47,1730000,4260000,1740000
29018091,8394974000,8395854000,8388984000,8390504000,70,5990000,6870000,1520000
29018092,8389859000,8391294000,8386464000,8386464000,67,3395000,4830000,0
29018093,8387124000,8387974000,8383271000,8385804000,46,3853000,4703000,2533000
29018094,8384634000,8396974000,8381024000,8396974000,68,3610000,15950000,15950000
29018095,8397494000,8400144000,8393904000,8397514000,80,3590000,6240000,3610000
29018096,8397954000,8397954000,8389504000,8391584000,90,8450000,8450000,2080000
29018097,8390555000,8392274000,8385304000,8387754000,105,5251000,6970000,2450000
29018098,8387644000,8395014000,8385134000,8392014000,81,2510000,9880000,6880000
29018099,8391244000,8393544000,8390484000,8392394000,50,760000,3060000,1910000
29018100,8391554000,8392974000,8386654000,8387494000,83,4900000,6320000,840000
29018101,8386704000,8388014000,8383584000,8384554000,104,3120000,4430000,970000
29018102,8383784000,8387604000,8383174000,8383584000,80,610000,4430000,410000
29018103,8384424000,8392564000,8379046000,8392564000,84,5378000,13518000,13518000
29018104,8391474000,8391474000,8382614000,8382614000,76,8860000,8860000,0
29018105,8382494000,8391974000,8382204000,8384504000,102,290000,9770000,2300000
29018106,8385354000,8396484000,8385354000,8396484000,80,0,11130000,11130000
29018107,8396562000,8402534000,8394200000,8402534000,91,2362000,8334000,8334000
29018108,8402144000,8403974000,8399614000,8401484000,75,2530000,4360000,1870000
29018109,8401262000,8401984000,8396094000,8398264000,76,5168000,5890000,2170000
29018110,8397784000,8407484000,8396758000,8407184000,84,1026000,10726000,10426000
29018111,8407444000,8418954000,8404324000,8418234000,97,3120000,14630000,13910000
29018112,8417884000,8432394000,8414124000,8424224000,98,3760000,18270000,10100000
29018113,8422984000,8423364000,8412194000,8414884000,123,10790000,11170000,2690000
29018114,8415204000,8415204000,8386354000,8398364000,112,28850000,28850000,12010000
29018115,8398174000,8398434000,8390384000,8391274000,104,7790000,8050000,890000
29018116,8391724000,8396764000,8389931000,8394024000,112,1793000,6833000,4093000
29018117,8393355000,8397874000,8390312000,8397144000,142,3043000,7562000,6832000
29018118,8396896000,8400514000,8390974000,8393204000,87,5922000,9540000,2230000
29018119,8393784000,8396514000,8381204000,8381204000,99,12580000,15310000,0
29018120,8380544000,8387224000,8378794000,8378884000,88,1750000,8430000,90000
29018121,8379714000,8384264000,8376224000,8378804000,125,3490000,8040000,2580000
29018122,8378418000,8378474000,8374034000,8374034000,84,4384000,4440000,0
29018123,8373984000,8376424000,8365584000,8367974000,70,8400000,10840000,2390000
29018124,8368204000,8374544000,8363384000,8373084000,89,4820000,11160000,9700000
29018125,8372984000,8375797000,8369424000,8370264000,98,3560000,6373000,840000
29018126,8369824000,8377304000,8368984000,8375214000,69,840000,8320000,6230000
29018127,8376724000,8388534000,8375224000,8388534000,96,1500000,13310000,13310000
29018128,8388734000,8390854000,8385734000,8386614000,72,3000000,5120000,880000
29018129,8386974000,8398124000,8386974000,8398124000,80,0,11150000,11150000
29018130,8397105000,8399974000,8389324000,8390494000,95,7781000,10650000,1170000
29018131,8390245000,8397004000,8389664000,8390994000,95,581000,7340000,1330000
29018132,8392134000,8392134000,8384494000,8385274000,110,7640000,7640000,780000
29018133,8384184000,8399604000,8384184000,8397534000,88,0,15420000,13350000
29018134,8397954000,8402134000,8391704000,8400464000,68,6250000,10430000,8760000
29018135,8400264000,8400964000,8388474000,8388804000,85,11790000,12490000,330000
29018136,8390314000,8396934000,8386274000,8390824000,94,4040000,10660000,4550000
29018137,8389374000,8399974000,8388234000,8392214000,99,1140000,11740000,3980000
29018138,8392904000,8394404000,8382824000,8383784000,107,10080000,11580000,960000
29018139,8383784000,8384554000,8376986000,8380984000,105,6798000,7568000,3998000
29018140,8380664000,8385014000,8380661000,8382264000,114,3000,4353000,1603000
29018141,8381634000,8385774000,8379334000,8384464000,82,2300000,6440000,5130000
29018142,8383644000,8383644000,8375694000,8378974000,85,7950000,7950000,3280000
29018143,8380774000,8393974000,8380774000,8393014000,89,0,13200000,12240000
29018144,8392994000,8392994000,8386094000,8389224000,52,6900000,6900000,3130000
29018145,8388168000,8391494000,8386774000,8390724000,114,1394000,4720000,3950000
29018146,8390074000,8390714000,8384664000,8389284000,81,5410000,6050000,4620000
29018147,8388484000,8388484000,8376485000,8376714000,98,11999000,11999000,229000
29018148,8376434000,8381874000,8376434000,8381264000,64,0,5440000,4830000
29018149,8380597000,8389924000,8380597000,8389924000,74,0,9327000,9327000
29018150,8390584000,8391984000,8386234000,8391984000,64,4350000,5750000,5750000
29018151,8392774000,8398984000,8392774000,8396164000,85,0,6210000,3390000
29018152,8398039000,8408444000,8398039000,8407064000,76,0,10405000,9025000
29018153,8406665000,8406665000,8396754000,8396754000,83,9911000,9911000,0
29018154,8397384000,8398684000,8394140000,8397214000,60,3244000,4544000,3074000
29018155,8398104000,8399574000,8394984000,8395134000,53,3120000,4590000,150000
29018156,8394434000,8394434000,8381028000,8386374000,88,13406000,13406000,5346000
29018157,8386374000,8389614000,8385974000,8386894000,40,400000,3640000,920000
29018158,8386824000,8393754000,8386114000,8393004000,63,710000,7640000,6890000
29018159,8392544000,8392544000,8387584000,8387584000,40,4960000,4960000,0
29018160,8387834000,8387994000,8381984000,8382814000,109,5850000,6010000,830000
29018161,8382087000,8382624000,8375784000,8381344000,71,6303000,6840000,5560000
29018162,8381338000,8383714000,8374684000,8378194000,89,6654000,9030000,3510000
29018163,8378974000,8384974000,8377875000,8383414000,74,1099000,7099000,5539000
29018164,8383854000,8387194000,8380084000,8384234000,75,3770000,7110000,4150000
29018165,8383454000,8383774000,8370914000,8370914000,99,12540000,12860000,0
29018166,8370524000,8373224000,8369984000,8371714000,66,540000,3240000,1730000
29018167,8371804000,8375574000,8365364000,8365364000,107,6440000,10210000,0
29018168,8365354000,8370434000,8364484000,8370084000,79,870000,5950000,5600000
29018169,8369254000,8369684000,8357934000,8361424000,87,11320000,11750000,3490000
29018170,8361374000,8365514000,8361012000,8364045000,66,362000,4502000,3033000
29018171,8363734000,8363734000,8357794000,8357794000,64,5940000,5940000,0
29018172,8357784000,8359174000,8354734000,8354734000,59,3050000,4440000,0
29018173,8353984000,8354494000,8349234000,8353534000,69,4750000,5260000,4300000
29018174,8352734000,8361234000,8350784000,8359904000,85,1950000,10450000,9120000
29018175,8359734000,8359734000,8353994000,8356434000,71,5740000,5740000,2440000
29018176,8355819000,8355944000,8344710000,8349044000,111,11109000,11234000,4334000
29018177,8347954000,8352104000,8346384000,8351784000,83,1570000,5720000,5400000
29018178,8351724000,8351724000,8346184000,8346194000,90,5540000,5540000,10000
29018179,8347294000,8351534000,8346284000,8348234000,76,1010000,5250000,1950000
29018180,8348974000,8356214000,8347414000,8356214000,114,1560000,8800000,8800000
29018181,8356264000,8361654000,8352014000,8361654000,85,4250000,9640000,9640000
29018182,8361284000,8361284000,8347424000,8347424000,91,13860000,13860000,0
29018183,8348129000,8350304000,8346234000,8347184000,90,1895000,4070000,950000
29018184,8347024000,8347024000,8331184000,8332344000,119,15840000,15840000,1160000
29018185,8331709000,8335884000,8321434000,8335884000,155,10275000,14450000,14450000
29018186,8335884000,8345794000,8330924000,8345014000,136,4960000,14870000,14090000
29018187,8345003000,8346124000,8331724000,8334750000,129,13279000,14400000,3026000
29018188,8334706000,8337454000,8326216000,8331684000,145,8490000,11238000,5468000
29018189,8332904000,8338414000,8330477000,8331514000,119,2427000,7937000,1037000
29018190,8331034000,8338194000,8321684000,8332104000,129,9350000,16510000,10420000
29018191,8331424000,8348804000,8331424000,8347444000,114,0,17380000,16020000
29018192,8347934000,8353974000,8346024000,8347534000,118,1910000,7950000,1510000
29018193,8347384000,8354854000,8343994000,8349724000,109,3390000,10860000,5730000
29018194,8350944000,8351764000,8343324000,8348424000,107,7620000,8440000,5100000
29018195,8349254000,8357594000,8346144000,8357584000,116,3110000,11450000,11440000
29018196,8356964000,8358604000,8348984000,8350474000,89,7980000,9620000,1490000
29018197,8350044000,8353224000,8345784000,8346484000,84,4260000,7440000,700000
29018198,8346084000,8357524000,8346084000,8356884000,128,0,11440000,10800000
29018199,8356894000,8360724000,8353084000,8356854000,88,3810000,7640000,3770000
29018200,8357014000,8366604000,8356854000,8366604000,119,160000,9750000,9750000
29018201,8365894000,8371404000,8360634000,8361444000,108,5260000,10770000,810000
29018202,8361454000,8374754000,8361454000,8368434000,95,0,13300000,6980000
29018203,8368327000,8376224000,8364104000,8372484000,110,4223000,12120000,8380000
29018204,8372804000,8380334000,8368074000,8378524000,93,4730000,12260000,10450000
29018205,8378734000,8382974000,8373624000,8378734000,114,5110000,9350000,5110000
29018206,8378824000,8389974000,8378824000,8387654000,100,0,11150000,8830000
29018207,8386734000,8390224000,8382994000,8390224000,99,3740000,7230000,7230000
29018208,8391054000,8392434000,8371604000,8371604000,134,19450000,20830000,0
29018209,8371434000,8375454000,8365984000,8372964000,130,5450000,9470000,6980000
29018210,8371264000,8385674000,8371194000,8383974000,99,70000,14480000,12780000
29018211,8383874000,8385354000,8368984000,8371294000,99,14890000,16370000,2310000
29018212,8370864000,8376854000,8369114000,8372514000,115,1750000,7740000,3400000
29018213,8371584000,8374234000,8364484000,8365354000,122,7100000,9750000,870000
29018214,8365454000,8366424000,8358444000,8364014000,108,7010000,7980000,5570000
29018215,8364234000,8366404000,8359744000,8359744000,115,4490000,6660000,0
29018216,8359044000,8373264000,8355820000,8371264000,112,3224000,17444000,15444000
29018217,8371484000,8379954000,8370504000,8376674000,112,980000,9450000,6170000
29018218,8376674000,8380974000,8374794000,8376312000,88,1880000,6180000,1518000
29018219,8376197000,8377474000,8369144000,8370914000,110,7053000,8330000,1770000
29018220,8371164000,8371584000,8359784000,8362435000,143,11380000,11800000,2651000
29018221,8362430000,8366134000,8352044000,8353484000,114,10386000,14090000,1440000
29018222,8353484000,8353484000,8339994000,8351004000,129,13490000,13490000,11010000
29018223,8350525000,8358184000,8348994000,8350984000,127,1531000,9190000,1990000
29018224,8350064000,8358974000,8347694000,8350404000,128,2370000,11280000,2710000
29018225,8350634000,8366274000,8350634000,8365084000,112,0,15640000,14450000
29018226,8365474000,8368734000,8359224000,8366974000,136,6250000,9510000,7750000
29018227,8365667000,8365754000,8353984000,8353984000,127,11683000,11770000,0
29018228,8352419000,8353974000,8344124000,8351094000,136,8295000,9850000,6970000
29018229,8349374000,8351724000,8341011000,8343344000,102,8363000,10713000,2333000
29018230,8343554000,8343554000,8331984000,8334644000,152,11570000,11570000,2660000
29018231,8335204000,8345074000,8334724000,8343024000,136,480000,10350000,8300000
29018232,8341684000,8341684000,8331644000,8331644000,133,10040000,10040000,0
29018233,8331644000,8333824000,8315854000,8320114000,141,15790000,17970000,4260000
29018234,8320114000,8321804000,8312584000,8321584000,143,7530000,9220000,9000000
29018235,8321774000,8334784000,8315644000,8333744000,157,6130000,19140000,18100000
29018236,8333149000,8338974000,8327564000,8335010000,150,5585000,11410000,7446000
29018237,8334644000,8336544000,8325804000,8330074000,149,8840000,10740000,4270000
29018238,8329654000,8329654000,8314954000,8314954000,145,14700000,14700000,0
29018239,8314224000,8318754000,8309114000,8310574000,112,5110000,9640000,1460000
29018240,8310354000,8314454000,8286730000,8290564000,160,23624000,27724000,3834000
29018241,8290564000,8290564000,8266554000,8273464000,203,24010000,24010000,6910000
29018242,8273084000,8284504000,8260464000,8262974000,187,12620000,24040000,2510000
29018243,8263894000,8288974000,8263734000,8277114000,189,160000,25240000,13380000
29018244,8277264000,8283934000,8272304000,8282484000,163,4960000,11630000,10180000
29018245,8282604000,8282604000,8268654000,8278974000,154,13950000,13950000,10320000
29018246,8277584000,8283534000,8267694000,8282554000,156,9890000,15840000,14860000
29018247,8283534000,8294974000,8276794000,8276794000,153,6740000,18180000,0
29018248,8277214000,8279294000,8256974000,8256974000,167,20240000,22320000,0
29018249,8255504000,8259974000,8249084000,8251644000,172,6420000,10890000,2560000
29018250,8251224000,8281974000,8222584000,8281974000,210,28640000,59390000,59390000
29018251,8281151000,8292204000,8271009000,8278665000,218,10142000,21195000,7656000
29018252,8279414000,8289894000,8270684000,8272794000,198,8730000,19210000,2110000
29018253,8272744000,8291274000,8267490000,8287414000,178,5254000,23784000,19924000
29018254,8286158000,8292884000,8279757000,8283634000,180,6401000,13127000,3877000
29018255,8286354000,8286354000,8267084000,8267524000,156,19270000,19270000,440000
29018256,8268314000,8292984000,8266084000,8292984000,120,2230000,26900000,26900000
29018257,8293934000,8305704000,8291944000,8298974000,168,1990000,13760000,7030000
29018258,8298144000,8320974000,8295594000,8315838000,159,2550000,25380000,20244000
29018259,8316084000,8320854000,8312344000,8312384000,137,3740000,8510000,40000
29018260,8311994000,8311994000,8303494000,8304244000,140,8500000,8500000,750000
29018261,8304904000,8320974000,8299274000,8319184000,136,5630000,21700000,19910000
29018262,8320804000,8347084000,8318694000,8342654000,174,2110000,28390000,23960000
29018263,8341194000,8341194000,8323744000,8326974000,147,17450000,17450000,3230000
29018264,8325524000,8328974000,8318204000,8318204000,146,7320000,10770000,0
29018265,8319974000,8340974000,8315624000,8340974000,165,4350000,25350000,25350000
29018266,8341274000,8342814000,8327284000,8329334000,126,13990000,15530000,2050000
29018267,8328984000,8329794000,8318764000,8323804000,157,10220000,11030000,5040000
29018268,8324494000,8337154000,8322972000,8323464000,128,1522000,14182000,492000
29018269,8322914000,8326734000,8314354000,8314364000,126,8560000,12380000,10000
29018270,8315334000,8317094000,8293984000,8296914000,141,21350000,23110000,2930000
29018271,8296694000,8296895000,8283354000,8286984000,167,13340000,13541000,3630000
29018272,8288034000,8292034000,8278854000,8286424000,164,9180000,13180000,7570000
29018273,8288227000,8308974000,8288064000,8304564000,156,163000,20910000,16500000
29018274,8303824000,8310974000,8288984000,8288984000,156,14840000,21990000,0
29018275,8289444000,8290724000,8259464000,8273374000,167,29980000,31260000,13910000
29018276,8272827000,8280344000,8267084000,8278184000,159,5743000,13260000,11100000
29018277,8279634000,8282524000,8268984000,8271744000,153,10650000,13540000,2760000
29018278,8268984000,8276564000,8261024000,8263864000,158,7960000,15540000,2840000
29018279,8264384000,8276324000,8259234000,8276324000,146,5150000,17090000,17090000
29018280,8276594000,8283674000,8268114000,8276734000,180,8480000,15560000,8620000
29018281,8276024000,8295654000,8275324000,8286611000,182,700000,20330000,11287000
29018282,8286474000,8288774000,8271924000,8274354000,192,14550000,16850000,2430000
29018283,8273984000,8278974000,8264474000,8265142000,152,9510000,14500000,668000
29018284,8265120000,8275084000,8260984000,8275084000,149,4136000,14100000,14100000
29018285,8275084000,8287884000,8271474000,8284804000,145,3610000,16410000,13330000
29018286,8284114000,8314374000,8284114000,8314374000,157,0,30260000,30260000
29018287,8315634000,8336484000,8315634000,8334254000,173,0,20850000,18620000
29018288,8330229000,8330334000,8304664000,8310404000,156,25565000,25670000,5740000
29018289,8308987000,8320824000,8304954000,8310974000,158,4033000,15870000,6020000
29018290,8310674000,8318694000,8305294000,8308804000,156,5380000,13400000,3510000
29018291,8307346000,8311194000,8290134000,8293784000,162,17212000,21060000,3650000
29018292,8293894000,8307771000,8293024000,8304064000,131,870000,14747000,11040000
29018293,8303574000,8311254000,8294494000,8311174000,118,9080000,16760000,16680000
29018294,8311394000,8315734000,8303584000,8305434000,135,7810000,12150000,1850000
29018295,8305694000,8312734000,8295284000,8312734000,147,10410000,17450000,17450000
29018296,8313924000,8317244000,8285534000,8285534000,167,28390000,31710000,0
29018297,8285304000,8286974000,8274505000,8278664000,153,10799000,12469000,4159000
29018298,8279584000,8295144000,8274814000,8274814000,174,4770000,20330000,0
29018299,8274454000,8277364000,8259974000,8264754000,163,14480000,17390000,4780000
29018300,8264604000,8278084000,8251144000,8272414000,166,13460000,26940000,21270000
29018301,8272984000,8282354000,8264684000,8279914000,155,8300000,17670000,15230000
29018302,8277957000,8302264000,8274225000,8298044000,169,3732000,28039000,23819000
29018303,8297724000,8304614000,8288984000,8303784000,157,8740000,15630000,14800000
29018304,8302200000,8303324000,8283484000,8283674000,141,18716000,19840000,190000
29018305,8279714000,8289804000,8277194000,8280037000,168,2520000,12610000,2843000
29018306,8279737000,8302484000,8276316000,8293709000,183,3421000,26168000,17393000
29018307,8293345000,8293345000,8279574000,8280144000,171,13771000,13771000,570000
29018308,8283354000,8283824000,8268374000,8268374000,178,14980000,15450000,0
29018309,8270494000,8274734000,8269624000,8272764000,124,870000,5110000,3140000
29018310,8273384000,8318394000,8265594000,8307234000,222,7790000,52800000,41640000
29018311,8308344000,8308344000,8244424000,8244424000,224,63920000,63920000,0
29018312,8244834000,8257665000,8204204000,8205974000,235,40630000,53461000,1770000
29018313,8202674000,8240604000,8202674000,8228724000,233,0,37930000,26050000
29018314,8229894000,8303824000,8228735000,8298734000,235,1159000,75089000,69999000
29018315,8300724000,8364654000,8290803000,8355199000,231,9921000,73851000,64396000
29018316,8354073000,8458744000,8354073000,8440084000,235,0,104671000,86011000
29018317,8438268000,8488964000,8428884000,8454584000,230,9384000,60080000,25700000
29018318,8455644000,8492074000,8440562000,8446384000,238,15082000,51512000,5822000
29018319,8447318000,8471934000,8419344000,8452314000,234,27974000,52590000,32970000
29018320,8452324000,8482427000,8429026000,8466784000,234,23298000,53401000,37758000
29018321,8466784000,8466784000,8411839000,8433914000,228,54945000,54945000,22075000
29018322,8434144000,8434144000,8363324000,8363324000,231,70820000,70820000,0
29018323,8364274000,8388068000,8346615000,8384405000,235,17659000,41453000,37790000
29018324,8383269000,8409894000,8353427000,8398314000,236,29842000,56467000,44887000
29018325,8401242000,8414304000,8376462000,8384414000,238,24780000,37842000,7952000
29018326,8384524000,8446764000,8384524000,8435624000,227,0,62240000,51100000
29018327,8436654000,8462624000,8425049000,8447574000,234,11605000,37575000,22525000
29018328,8445496000,8475044000,8432744000,8445964000,237,12752000,42300000,13220000
29018329,8445974000,8445974000,8408625000,8413524000,229,37349000,37349000,4899000
29018330,8413024000,8426054000,8392322000,8408209000,229,20702000,33732000,15887000
29018331,8408104000,8417684000,8387974000,8404734000,236,20130000,29710000,16760000
29018332,8405104000,8417164000,8393564000,8393594000,233,11540000,23600000,30000
29018333,8388984000,8402084000,8363314000,8370279000,229,25670000,38770000,6965000
29018334,8369494000,8386134000,8364684000,8380974000,230,4810000,21450000,16290000
29018335,8380361000,8405699000,8377494000,8393454000,227,2867000,28205000,15960000
29018336,8393506000,8408154000,8384384000,8391024000,227,9122000,23770000,6640000
29018337,8391574000,8399704000,8378954000,8397739000,229,12620000,20750000,18785000
29018338,8398104000,8402166000,8370244000,8371574000,225,27860000,31922000,1330000
29018339,8371094000,8371094000,8299234000,8315974000,227,71860000,71860000,16740000
29018340,8315474000,8315474000,8253874000,8271754000,238,61600000,61600000,17880000
29018341,8271812000,8322114000,8271812000,8321714000,229,0,50302000,49902000
29018342,8323854000,8332026000,8281323000,8288754000,234,42531000,50703000,7431000
29018343,8288794000,8289924000,8258497000,8283214000,237,30297000,31427000,24717000
29018344,8284194000,8306124000,8284194000,8296051000,231,0,21930000,11857000
29018345,8296074000,8305684000,8283157000,8295404000,237,12917000,22527000,12247000
29018346,8296034000,8298744000,8274874000,8286869000,232,21160000,23870000,11995000
29018347,8286974000,8286974000,8260784000,8263354000,229,26190000,26190000,2570000
29018348,8261594000,8277964000,8253984000,8270984000,234,7610000,23980000,17000000
29018349,8268986000,8274754000,8248104000,8264374000,230,20882000,26650000,16270000
29018350,8264544000,8285193000,8250974000,8273193000,234,13570000,34219000,22219000
29018351,8272361000,8290559000,8269484000,8284678000,228,2877000,21075000,15194000
29018352,8285104000,8301473000,8279497000,8289224000,231,5607000,21976000,9727000
29018353,8286015000,8296494000,8263744000,8267244000,219,22271000,32750000,3500000
29018354,8267816000,8277883000,8263034000,8271926000,225,4782000,14849000,8892000
29018355,8271895000,8277364000,8253084000,8269554000,224,18811000,24280000,16470000
29018356,8270104000,8278794000,8230914000,8240704000,226,39190000,47880000,9790000
29018357,8239865000,8252564000,8224634000,8249538000,213,15231000,27930000,24904000
29018358,8249394000,8249394000,8213984000,8221977000,223,35410000,35410000,7993000
29018359,8222924000,8232724000,8206314000,8213794000,206,16610000,26410000,7480000
29018360,8212798000,8232234000,8154365000,8179724000,234,58433000,77869000,25359000
29018361,8179354000,8192204000,8141169000,8168544000,232,38185000,51035000,27375000
29018362,8166174000,8186744000,8155104000,8179386000,234,11070000,31640000,24282000
29018363,8180311000,8198054000,8174914000,8177061000,231,5397000,23140000,2147000
29018364,8177224000,8193954000,8164384000,8189614000,223,12840000,29570000,25230000
29018365,8189492000,8203084000,8184761000,8200534000,219,4731000,18323000,15773000
29018366,8200284000,8226044000,8189254000,8219884000,211,11030000,36790000,30630000
29018367,8219444000,8258344000,8219444000,8231245000,216,0,38900000,11801000
29018368,8233089000,8240854000,8217484000,8231258000,220,15605000,23370000,13774000
29018369,8228692000,8247084000,8222284000,8230284000,214,6408000,24800000,8000000
29018370,8230964000,8258074000,8211013000,8255814000,220,19951000,47061000,44801000
29018371,8256984000,8265034000,8249864000,8259982000,223,7120000,15170000,10118000
29018372,8257697000,8258274000,8232944000,8249974000,219,24753000,25330000,17030000
29018373,8250574000,8267594000,8236684000,8267594000,203,13890000,30910000,30910000
29018374,8266784000,8278104000,8259563000,8273119000,206,7221000,18541000,13556000
29018375,8273104000,8286974000,8268073000,8281845000,199,5031000,18901000,13772000
29018376,8281080000,8281080000,8258984000,8270584000,222,22096000,22096000,11600000
29018377,8272116000,8286034000,8263671000,8282764000,205,8445000,22363000,19093000
29018378,8282974000,8285324000,8264794000,8283944000,192,18180000,20530000,19150000
29018379,8284677000,8286974000,8255544000,8264190000,199,29133000,31430000,8646000
29018380,8264164000,8265694000,8251964000,8256964000,191,12200000,13730000,5000000
29018381,8258284000,8322234000,8255715000,8322234000,201,2569000,66519000,66519000
29018382,8322552000,8322552000,8267598000,8282621000,214,54954000,54954000,15023000
29018383,8282134000,8282258000,8255154000,8257664000,219,26980000,27104000,2510000
29018384,8256614000,8283224000,8254154000,8279464000,202,2460000,29070000,25310000
29018385,8278984000,8309794000,8267544000,8303884000,223,11440000,42250000,36340000
29018386,8303884000,8306490000,8274194000,8276384000,210,29690000,32296000,2190000
29018387,8279034000,8279980000,8257044000,8266794000,206,21990000,22936000,9750000
29018388,8267044000,8294344000,8266724000,8294344000,220,320000,27620000,27620000
29018389,8293439000,8295364000,8279399000,8284978000,206,14040000,15965000,5579000
29018390,8284689000,8288074000,8274914000,8279304000,212,9775000,13160000,4390000
29018391,8278734000,8288114000,8269079000,8283564000,206,9655000,19035000,14485000
29018392,8284434000,8295650000,8280754000,8291924000,191,3680000,14896000,11170000
29018393,8291761000,8293454000,8269814000,8271484000,193,21947000,23640000,1670000
29018394,8270084000,8272734000,8258444000,8261334000,173,11640000,14290000,2890000
29018395,8261333000,8272064000,8256114000,8268816000,189,5219000,15950000,12702000
29018396,8268527000,8285694000,8265135000,8285694000,174,3392000,20559000,20559000
29018397,8284394000,8286104000,8272118000,8279474000,168,12276000,13986000,7356000
29018398,8276450000,8283528000,8270254000,8276047000,181,6196000,13274000,5793000
29018399,8276034000,8294684000,8273414000,8292974000,173,2620000,21270000,19560000
29018400,8293484000,8308484000,8288539000,8307804000,167,4945000,19945000,19265000
29018401,8307804000,8307804000,8279304000,8280654000,207,28500000,28500000,1350000
29018402,8280344000,8283754000,8265324000,8283754000,195,15020000,18430000,18430000
29018403,8283754000,8297234000,8282624000,8289074000,188,1130000,14610000,6450000
29018404,8290224000,8291674000,8275485000,8278484000,144,14739000,16189000,2999000
29018405,8278484000,8278484000,8265434000,8268874000,174,13050000,13050000,3440000
29018406,8269094000,8275554000,8259544000,8275494000,166,9550000,16010000,15950000
29018407,8274424000,8284774000,8260264000,8261004000,173,14160000,24510000,740000
29018408,8260504000,8260844000,8231734000,8239044000,193,28770000,29110000,7310000
29018409,8238384000,8246094000,8232284000,8243654000,173,6100000,13810000,11370000
29018410,8242994000,8253134000,8228234000,8236984000,195,14760000,24900000,8750000
29018411,8238734000,8266974000,8234884000,8262384000,206,3850000,32090000,27500000
29018412,8262824000,8281414000,8260174000,8279914000,197,2650000,21240000,19740000
29018413,8279024000,8283104000,8264534000,8283104000,197,14490000,18570000,18570000
29018414,8282140000,8295974000,8278984000,8286736000,172,3156000,16990000,7752000
29018415,8286606000,8305414000,8280794000,8300304000,191,5812000,24620000,19510000
29018416,8300524000,8305364000,8275934000,8277544000,201,24590000,29430000,1610000
29018417,8277084000,8282254000,8266544000,8268764000,184,10540000,15710000,2220000
29018418,8268724000,8272914000,8258644000,8262124000,167,10080000,14270000,3480000
29018419,8260934000,8264594000,8248994000,8264594000,142,11940000,15600000,15600000
29018420,8263358000,8281914000,8258614000,8274474000,182,4744000,23300000,15860000
29018421,8272984000,8279044000,8265894000,8268124000,197,7090000,13150000,2230000
29018422,8268564000,8273734000,8249984000,8273734000,208,18580000,23750000,23750000
29018423,8273914000,8278344000,8246974000,8248224000,187,26940000,31370000,1250000
29018424,8246629000,8253174000,8243364000,8252644000,174,3265000,9810000,9280000
29018425,8250777000,8256814000,8243734000,8256384000,196,7043000,13080000,12650000
29018426,8256954000,8271814000,8249474000,8267934000,198,7480000,22340000,18460000
29018427,8268724000,8269374000,8235524000,8235524000,197,33200000,33850000,0
29018428,8236664000,8251084000,8232764000,8241474000,183,3900000,18320000,8710000
29018429,8241754000,8241754000,8207354000,8219989000,209,34400000,34400000,12635000
29018430,8220084000,8247204000,8219694000,8239484000,219,390000,27510000,19790000
29018431,8239854000,8250094000,8226589000,8237654000,222,13265000,23505000,11065000
29018432,8237654000,8260254000,8227253000,8247366000,230,10401000,33001000,20113000
29018433,8248474000,8254514000,8234893000,8245224000,232,13581000,19621000,10331000
29018434,8245984000,8252774000,8231424000,8236764000,222,14560000,21350000,5340000
29018435,8235869000,8238244000,8190054000,8205774000,226,45815000,48190000,15720000
29018436,8206203000,8244104000,8199734000,8230604000,225,6469000,44370000,30870000
29018437,8231340000,8244215000,8225744000,8237784000,228,5596000,18471000,12040000
29018438,8237944000,8242354000,8228544000,8234974000,211,9400000,13810000,6430000
29018439,8234185000,8238974000,8229324000,8232974000,191,4861000,9650000,3650000
29018440,8233984000,8249624000,8228324000,8240786000,178,5660000,21300000,12462000
29018441,8239804000,8249814000,8237284000,8248384000,174,2520000,12530000,11100000
29018442,8251044000,8251924000,8239464000,8251124000,180,11580000,12460000,11660000
29018443,8251724000,8269844000,8246957000,8269844000,187,4767000,22887000,22887000
29018444,8270694000,8286364000,8267514000,8282974000,173,3180000,18850000,15460000
29018445,8283724000,8298434000,8275234000,8293534000,195,8490000,23200000,18300000
29018446,8294054000,8300974000,8282664000,8289334000,198,11390000,18310000,6670000
29018447,8288094000,8299474000,8286184000,8290834000,196,1910000,13290000,4650000
29018448,8290834000,8297654000,8272934000,8277514000,193,17900000,24720000,4580000
29018449,8276534000,8304968000,8275064000,8304394000,173,1470000,29904000,29330000
29018450,8304654000,8320494000,8296604000,8315574000,178,8050000,23890000,18970000
29018451,8315664000,8323664000,8304930000,8307134000,194,10734000,18734000,2204000
29018452,8305184000,8311504000,8295754000,8311134000,169,9430000,15750000,15380000
29018453,8310984000,8352414000,8310334000,8325974000,197,650000,42080000,15640000
29018454,8325250000,8345974000,8323854000,8340474000,188,1396000,22120000,16620000
29018455,8340264000,8356964000,8326304000,8355364000,200,13960000,30660000,29060000
29018456,8354144000,8374764000,8352184000,8372734000,183,1960000,22580000,20550000
29018457,8373024000,8373024000,8351874000,8354064000,190,21150000,21150000,2190000
29018458,8352924000,8372834000,8352924000,8370354000,187,0,19910000,17430000
29018459,8365892000,8365892000,8347438000,8348754000,174,18454000,18454000,1316000
29018460,8349514000,8357434000,8347784000,8349710000,188,1730000,9650000,1926000
29018461,8349124000,8349544000,8335934000,8339264000,180,13190000,13610000,3330000
29018462,8336730000,8365634000,8334864000,8356684000,180,1866000,30770000,21820000
29018463,8356684000,8368284000,8349724000,8367094000,181,6960000,18560000,17370000
29018464,8367034000,8382864000,8365684000,8365684000,166,1350000,17180000,0
29018465,8364709000,8378374000,8364394000,8373934000,173,315000,13980000,9540000
29018466,8372662000,8374524000,8363384000,8370154000,166,9278000,11140000,6770000
29018467,8369317000,8369317000,8352864000,8353144000,137,16453000,16453000,280000
29018468,8352404000,8355344000,8343622000,8353254000,146,8782000,11722000,9632000
29018469,8354054000,8363854000,8354054000,8361164000,168,0,9800000,7110000
29018470,8360234000,8376664000,8358021000,8374794000,170,2213000,18643000,16773000
29018471,8375324000,8382314000,8371884000,8378654000,162,3440000,10430000,6770000
29018472,8378294000,8385204000,8376784000,8383874000,131,1510000,8420000,7090000
29018473,8382384000,8386974000,8372104000,8373504000,141,10280000,14870000,1400000
29018474,8373924000,8382654000,8367944000,8380914000,144,5980000,14710000,12970000
29018475,8380012000,8396051000,8374748000,8395964000,170,5264000,21303000,21216000
29018476,8396234000,8420794000,8394744000,8415724000,171,1490000,26050000,20980000
29018477,8415504000,8427524000,8406754000,8408174000,183,8750000,20770000,1420000
29018478,8408234000,8436637000,8408234000,8436623000,185,0,28403000,28389000
29018479,8437324000,8443774000,8425834000,8439824000,177,11490000,17940000,13990000
29018480,8439074000,8447854000,8435726000,8441869000,159,3348000,12128000,6143000
29018481,8442387000,8454984000,8436298000,8453724000,189,6089000,18686000,17426000
29018482,8453974000,8460464000,8437614000,8437614000,191,16360000,22850000,0
29018483,8437864000,8439134000,8418368000,8429154000,196,19496000,20766000,10786000
29018484,8429154000,8433404000,8413984000,8427404000,171,15170000,19420000,13420000
29018485,8427794000,8452424000,8421924000,8447154000,191,5870000,30500000,25230000
29018486,8447484000,8468874000,8447484000,8468464000,181,0,21390000,20980000
29018487,8468654000,8476374000,8464476000,8469094000,183,4178000,11898000,4618000
29018488,8468984000,8472974000,8459154000,8461144000,165,9830000,13820000,1990000
29018489,8461724000,8466394000,8454584000,8466394000,122,7140000,11810000,11810000
29018490,8467564000,8475144000,8447694000,8449694000,179,19870000,27450000,2000000
29018491,8449659000,8452824000,8431754000,8447894000,185,17905000,21070000,16140000
29018492,8448104000,8464674000,8438144000,8458974000,164,9960000,26530000,20830000
29018493,8458994000,8463704000,8441400000,8463234000,168,17594000,22304000,21834000
29018494,8463364000,8465884000,8451884000,8458384000,153,11480000,14000000,6500000
29018495,8457444000,8472924000,8451784000,8464693000,177,5660000,21140000,12909000
29018496,8464824000,8497184000,8464781000,8485074000,171,43000,32403000,20293000
29018497,8484894000,8506654000,8484894000,8502374000,185,0,21760000,17480000
29018498,8502794000,8530174000,8499637000,8527797000,173,3157000,30537000,28160000
29018499,8527815000,8527815000,8512064000,8514939000,162,15751000,15751000,2875000
29018500,8516224000,8535214000,8509165000,8518584000,190,7059000,26049000,9419000
29018501,8518441000,8518984000,8483724000,8494224000,203,34717000,35260000,10500000
29018502,8494374000,8498974000,8467214000,8478378000,201,27160000,31760000,11164000
29018503,8478374000,8498334000,8477830000,8497524000,192,544000,20504000,19694000
29018504,8497214000,8517604000,8486340000,8515574000,186,10874000,31264000,29234000
29018505,8514545000,8535974000,8511874000,8534135000,192,2671000,24100000,22261000
29018506,8534644000,8543314000,8532702000,8542434000,173,1942000,10612000,9732000
29018507,8543124000,8546125000,8532594000,8537294000,166,10530000,13531000,4700000
29018508,8537464000,8540774000,8520564000,8521364000,182,16900000,20210000,800000
29018509,8519171000,8537764000,8519168000,8536684000,173,3000,18596000,17516000
29018510,8536184000,8537134000,8520824000,8523974000,188,15360000,16310000,3150000
29018511,8524054000,8530262000,8514644000,8516328000,168,9410000,15618000,1684000
29018512,8516344000,8516344000,8495864000,8502484000,192,20480000,20480000,6620000
29018513,8501324000,8527504000,8499714000,8527504000,159,1610000,27790000,27790000
29018514,8526984000,8534764000,8524474000,8531701000,161,2510000,10290000,7227000
29018515,8532214000,8545454000,8530534000,8534016000,159,1680000,14920000,3482000
29018516,8534144000,8538964000,8532384000,8534454000,140,1760000,6580000,2070000
29018517,8533880000,8536704000,8522744000,8529334000,173,11136000,13960000,6590000
29018518,8529604000,8534994000,8522794000,8524004000,123,6810000,12200000,1210000
29018519,8524654000,8538974000,8518954000,8537914000,146,5700000,20020000,18960000
29018520,8537044000,8548974000,8531891000,8532974000,188,5153000,17083000,1083000
29018521,8533184000,8536194000,8514104000,8526974000,177,19080000,22090000,12870000
29018522,8528644000,8533964000,8520085000,8525704000,168,8559000,13879000,5619000
29018523,8526554000,8557524000,8526554000,8556564000,180,0,30970000,30010000
29018524,8557284000,8557284000,8535474000,8536214000,161,21810000,21810000,740000
29018525,8535724000,8553974000,8528384000,8552974000,174,7340000,25590000,24590000
29018526,8554234000,8566974000,8546601000,8548974000,177,7633000,20373000,2373000
29018527,8550140000,8557964000,8544004000,8547874000,164,6136000,13960000,3870000
29018528,8548424000,8578304000,8543994000,8578304000,188,4430000,34310000,34310000
29018529,8579014000,8580444000,8565984000,8574614000,163,13030000,14460000,8630000
29018530,8572654000,8582234000,8570594000,8581714000,144,2060000,11640000,11120000
29018531,8581004000,8583204000,8566684000,8577474000,147,14320000,16520000,10790000
29018532,8576084000,8592424000,8575876000,8586404000,160,208000,16548000,10528000
29018533,8587464000,8594474000,8579756000,8585754000,146,7708000,14718000,5998000
29018534,8585784000,8592974000,8584814000,8591017000,130,970000,8160000,6203000
29018535,8590504000,8593386000,8572835000,8577404000,179,17669000,20551000,4569000
29018536,8576324000,8591504000,8569983000,8569983000,150,6341000,21521000,0
29018537,8569668000,8571114000,8559824000,8560914000,168,9844000,11290000,1090000
29018538,8560434000,8564314000,8540384000,8564054000,158,20050000,23930000,23670000
29018539,8564364000,8577454000,8563414000,8563854000,157,950000,14040000,440000
29018540,8564274000,8571194000,8552044000,8559024000,159,12230000,19150000,6980000
29018541,8560024000,8562274000,8546524000,8558334000,160,13500000,15750000,11810000
29018542,8556414000,8563734000,8542454000,8543544000,155,13960000,21280000,1090000
29018543,8545504000,8549394000,8525774000,8528984000,147,19730000,23620000,3210000
29018544,8527954000,8532604000,8520724000,8532604000,144,7230000,11880000,11880000
29018545,8532604000,8537774000,8525514000,8537774000,158,7090000,12260000,12260000
29018546,8538544000,8547724000,8535354000,8545114000,156,3190000,12370000,9760000
29018547,8544699000,8545694000,8532394000,8536194000,133,12305000,13300000,3800000
29018548,8536484000,8537394000,8525784000,8528714000,155,10700000,11610000,2930000
29018549,8529694000,8534354000,8519974000,8532635000,121,9720000,14380000,12661000
29018550,8532182000,8532182000,8508984000,8517564000,154,23198000,23198000,8580000
29018551,8514717000,8528434000,8514717000,8527784000,144,0,13717000,13067000
29018552,8527834000,8541774000,8527614000,8537234000,164,220000,14160000,9620000
29018553,8537381000,8540914000,8527974000,8535884000,160,9407000,12940000,7910000
29018554,8536974000,8547144000,8536939000,8541744000,156,35000,10205000,4805000
29018555,8539751000,8556504000,8536194000,8553204000,144,3557000,20310000,17010000
29018556,8553774000,8557774000,8549184000,8551152000,125,4590000,8590000,1968000
29018557,8550476000,8560014000,8543288000,8559884000,157,7188000,16726000,16596000
29018558,8562484000,8566154000,8550984000,8556054000,148,11500000,15170000,5070000
29018559,8555824000,8568814000,8555824000,8568814000,130,0,12990000,12990000
29018560,8570294000,8580284000,8566974000,8575784000,131,3320000,13310000,8810000
29018561,8573614000,8580384000,8569959000,8578824000,138,3655000,10425000,8865000
29018562,8580974000,8585104000,8579684000,8582584000,124,1290000,5420000,2900000
29018563,8581994000,8581994000,8568604000,8572404000,130,13390000,13390000,3800000
29018564,8571551000,8576884000,8563634000,8575764000,123,7917000,13250000,12130000
29018565,8575304000,8578974000,8567614000,8576104000,125,7690000,11360000,8490000
29018566,8577204000,8583234000,8572684000,8582284000,131,4520000,10550000,9600000
29018567,8581963000,8591974000,8580720000,8589874000,108,1243000,11254000,9154000
29018568,8591264000,8592724000,8583134000,8583541000,139,8130000,9590000,407000
29018569,8583224000,8593974000,8582553000,8588014000,99,671000,11421000,5461000
29018570,8588974000,8592524000,8579537000,8585234000,151,9437000,12987000,5697000
29018571,8585004000,8614614000,8584304000,8614614000,143,700000,30310000,30310000
29018572,8616524000,8633474000,8612004000,8627184000,158,4520000,21470000,15180000
29018573,8627162000,8638974000,8625242000,8634404000,161,1920000,13732000,9162000
29018574,8635594000,8638974000,8625884000,8630494000,128,9710000,13090000,4610000
29018575,8628624000,8644494000,8628624000,8643684000,127,0,15870000,15060000
29018576,8644474000,8672734000,8643324000,8672634000,140,1150000,29410000,29310000
29018577,8672159000,8683314000,8659484000,8682114000,153,12675000,23830000,22630000
29018578,8681124000,8684474000,8674364000,8675824000,150,6760000,10110000,1460000
29018579,8677124000,8686394000,8669844000,8669844000,148,7280000,16550000,0
29018580,8669844000,8674354000,8658984000,8662874000,165,10860000,15370000,3890000
29018581,8664864000,8665233000,8647374000,8663344000,175,17490000,17859000,15970000
29018582,8663974000,8707224000,8663044000,8707224000,203,930000,44180000,44180000
29018583,8706181000,8734444000,8699014000,8730074000,202,7167000,35430000,31060000
29018584,8730864000,8741684000,8711884000,8736164000,175,18980000,29800000,24280000
29018585,8736604000,8736604000,8715204000,8719164000,191,21400000,21400000,3960000
29018586,8717993000,8730354000,8706124000,8728294000,185,11869000,24230000,22170000
29018587,8730484000,8748974000,8729144000,8746984000,192,1340000,19830000,17840000
29018588,8747324000,8763974000,8738174000,8760384000,176,9150000,25800000,22210000
29018589,8759454000,8771374000,8758984000,8761874000,173,470000,12390000,2890000
29018590,8761194000,8768974000,8737234000,8748077000,183,23960000,31740000,10843000
29018591,8749494000,8763484000,8746111000,8755124000,177,3383000,17373000,9013000
29018592,8757784000,8775134000,8751984000,8773564000,187,5800000,23150000,21580000
29018593,8772864000,8794974000,8767974000,8785264000,159,4890000,27000000,17290000
29018594,8785120000,8802464000,8780264000,8800614000,176,4856000,22200000,20350000
29018595,8802794000,8811334000,8773304000,8783784000,198,29490000,38030000,10480000
29018596,8783405000,8822694000,8783405000,8814884000,185,0,39289000,31479000
29018597,8815584000,8825334000,8809714000,8821264000,171,5870000,15620000,11550000
29018598,8820904000,8828294000,8810931000,8823042000,176,9973000,17363000,12111000
29018599,8823974000,8836904000,8800564000,8801844000,181,23410000,36340000,1280000
29018600,8800084000,8813904000,8786184000,8813904000,204,13900000,27720000,27720000
29018601,8817104000,8818384000,8795904000,8801814000,194,21200000,22480000,5910000
29018602,8801284000,8813059000,8796584000,8807764000,171,4700000,16475000,11180000
29018603,8809174000,8845094000,8806984000,8839424000,182,2190000,38110000,32440000
29018604,8837264000,8841054000,8824878000,8832634000,183,12386000,16176000,7756000
29018605,8833694000,8838814000,8828354000,8833419000,176,5340000,10460000,5065000
29018606,8833421000,8836574000,8797324000,8797594000,187,36097000,39250000,270000
29018607,8796984000,8802714000,8782814000,8782814000,160,14170000,19900000,0
29018608,8782734000,8794484000,8780714000,8786984000,135,2020000,13770000,6270000
29018609,8784484000,8785194000,8769784000,8769784000,126,14700000,15410000,0
29018610,8771304000,8794464000,8769924000,8792744000,175,1380000,24540000,22820000
29018611,8792796000,8792796000,8760364000,8761164000,167,32432000,32432000,800000
29018612,8761594000,8777514000,8760204000,8775224000,168,1390000,17310000,15020000
29018613,8775574000,8776724000,8756004000,8759374000,171,19570000,20720000,3370000
29018614,8759754000,8770684000,8756094000,8763824000,173,3660000,14590000,7730000
29018615,8761724000,8772144000,8761724000,8765944000,164,0,10420000,4220000
29018616,8766414000,8789964000,8762934000,8788274000,155,3480000,27030000,25340000
29018617,8788964000,8802974000,8779294000,8787399000,171,9670000,23680000,8105000
29018618,8787444000,8790714000,8768034000,8772724000,155,19410000,22680000,4690000
29018619,8773834000,8787774000,8770760000,8774854000,162,3074000,17014000,4094000
29018620,8776174000,8795774000,8776174000,8786114000,148,0,19600000,9940000
29018621,8788034000,8789314000,8776774000,8786864000,155,11260000,12540000,10090000
29018622,8785654000,8794974000,8781534000,8790494000,127,4120000,13440000,8960000
29018623,8791534000,8792374000,8779794000,8787464000,147,11740000,12580000,7670000
29018624,8785984000,8797744000,8784344000,8796324000,129,1640000,13400000,11980000
29018625,8797104000,8799954000,8787394000,8796324000,139,9710000,12560000,8930000
29018626,8797144000,8806014000,8794024000,8795174000,132,3120000,11990000,1150000
29018627,8797014000,8799394000,8781574000,8782014000,154,15440000,17820000,440000
29018628,8780084000,8787264000,8779464000,8784394000,135,620000,7800000,4930000
29018629,8779135000,8784564000,8774674000,8782804000,144,4461000,9890000,8130000
29018630,8782264000,8801054000,8782264000,8801054000,121,0,18790000,18790000
29018631,8800014000,8820474000,8794984000,8820474000,134,5030000,25490000,25490000
29018632,8820704000,8834084000,8816364000,8827004000,126,4340000,17720000,10640000
29018633,8826544000,8834464000,8824894000,8831254000,137,1650000,9570000,6360000
29018634,8830394000,8832024000,8822774000,8824384000,117,7620000,9250000,1610000
29018635,8823024000,8832734000,8823024000,8823024000,112,0,9710000,0
29018636,8820894000,8827504000,8815924000,8822424000,106,4970000,11580000,6500000
29018637,8823174000,8826374000,8815574000,8815574000,101,7600000,10800000,0
29018638,8814984000,8816724000,8805994000,8815814000,109,8990000,10730000,9820000
29018639,8815174000,8818974000,8815174000,8815814000,98,0,3800000,640000
29018640,8815504000,8820514000,8807014000,8813324000,112,8490000,13500000,6310000
29018641,8816174000,8825174000,8816174000,8824594000,119,0,9000000,8420000
29018642,8823617000,8823844000,8812334000,8814994000,147,11283000,11510000,2660000
29018643,8813004000,8813004000,8786744000,8787224000,151,26260000,26260000,480000
29018644,8785804000,8787824000,8778004000,8786104000,117,7800000,9820000,8100000
29018645,8785377000,8799884000,8782104000,8799884000,105,3273000,17780000,17780000
29018646,8797795000,8811824000,8789451000,8810544000,147,8344000,22373000,21093000
29018647,8811254000,8817374000,8811244000,8814414000,113,10000,6130000,3170000
29018648,8814414000,8818634000,8806684000,8814374000,125,7730000,11950000,7690000
29018649,8814374000,8814508000,8803363000,8806314000,124,11011000,11145000,2951000
29018650,8808204000,8825184000,8806294000,8825184000,105,1910000,18890000,18890000
29018651,8824754000,8825974000,8809984000,8816504000,118,14770000,15990000,6520000
29018652,8816724000,8821084000,8812924000,8821084000,126,3800000,8160000,8160000
29018653,8823034000,8823384000,8815114000,8815964000,70,7920000,8270000,850000
29018654,8815964000,8819944000,8813064000,8819944000,120,2900000,6880000,6880000
29018655,8820384000,8825624000,8811744000,8818744000,127,8640000,13880000,7000000
29018656,8818984000,8821974000,8813144000,8815984000,147,5840000,8830000,2840000
29018657,8816974000,8840634000,8816974000,8838974000,131,0,23660000,22000000
29018658,8838294000,8838294000,8827744000,8836204000,120,10550000,10550000,8460000
29018659,8834903000,8839654000,8827364000,8835344000,106,7539000,12290000,7980000
29018660,8836074000,8860697000,8833814000,8854474000,112,2260000,26883000,20660000
29018661,8853974000,8868984000,8852744000,8862918000,139,1230000,16240000,10174000
29018662,8862744000,8874784000,8860144000,8867044000,157,2600000,14640000,6900000
29018663,8866895000,8878694000,8863224000,8865504000,145,3671000,15470000,2280000
29018664,8868524000,8873134000,8858064000,8861444000,128,10460000,15070000,3380000
29018665,8860964000,8863644000,8851314000,8860073000,152,9650000,12330000,8759000
29018666,8860114000,8873864000,8858334000,8870484000,159,1780000,15530000,12150000
29018667,8871844000,8872234000,8866909000,8868613000,128,4935000,5325000,1704000
29018668,8868611000,8868611000,8839304000,8840404000,166,29307000,29307000,1100000
29018669,8840354000,8842044000,8828984000,8836114000,151,11370000,13060000,7130000
29018670,8835234000,8837564000,8806864000,8807724000,156,28370000,30700000,860000
29018671,8807336000,8812124000,8796244000,8802234000,159,11092000,15880000,5990000
29018672,8803789000,8803789000,8789604000,8798054000,193,14185000,14185000,8450000
29018673,8798054000,8799104000,8779384000,8779734000,182,18670000,19720000,350000
29018674,8779954000,8794384000,8779744000,8793114000,174,210000,14640000,13370000
29018675,8793184000,8813614000,8793184000,8813024000,171,0,20430000,19840000
29018676,8813674000,8816224000,8802434000,8802434000,148,11240000,13790000,0
29018677,8801214000,8804974000,8791514000,8796384000,148,9700000,13460000,4870000
29018678,8796309000,8798974000,8787784000,8790554000,139,8525000,11190000,2770000
29018679,8791684000,8797184000,8782444000,8782444000,153,9240000,14740000,0
29018680,8780754000,8791964000,8780754000,8781674000,139,0,11210000,920000
29018681,8782294000,8792834000,8781674000,8783024000,128,620000,11160000,1350000
29018682,8780004000,8789964000,8776274000,8789964000,166,3730000,13690000,13690000
29018683,8789964000,8801274000,8789264000,8793584000,145,700000,12010000,4320000
29018684,8791414000,8800594000,8781484000,8791024000,140,9930000,19110000,9540000
29018685,8795354000,8804574000,8794144000,8797204000,114,1210000,10430000,3060000
29018686,8794512000,8802044000,8787584000,8791484000,115,6928000,14460000,3900000
29018687,8791274000,8791754000,8785494000,8787984000,128,5780000,6260000,2490000
29018688,8786064000,8794352000,8785484000,8793574000,133,580000,8868000,8090000
29018689,8793648000,8800444000,8793224000,8795734000,134,424000,7220000,2510000
29018690,8792371000,8794174000,8760104000,8761584000,141,32267000,34070000,1480000
29018691,8761584000,8761584000,8740184000,8745804000,163,21400000,21400000,5620000
29018692,8745154000,8746084000,8722984000,8725294000,156,22170000,23100000,2310000
29018693,8728984000,8743004000,8726284000,8730984000,151,2700000,16720000,4700000
29018694,8726634000,8750144000,8720985000,8750134000,151,5649000,29159000,29149000
29018695,8750524000,8771244000,8742604000,8744214000,176,7920000,28640000,1610000
29018696,8745274000,8747294000,8726894000,8727106000,157,18380000,20400000,212000
29018697,8726325000,8728194000,8698306000,8703234000,174,28019000,29888000,4928000
29018698,8700574000,8700574000,8665984000,8671094000,180,34590000,34590000,5110000
29018699,8671824000,8695034000,8670984000,8676085000,206,840000,24050000,5101000
29018700,8676164000,8698024000,8676164000,8689074000,188,0,21860000,12910000
29018701,8689454000,8698974000,8680664000,8685014000,155,8790000,18310000,4350000
29018702,8685574000,8690094000,8669344000,8670284000,157,16230000,20750000,940000
29018703,8669364000,8669974000,8653534000,8654484000,145,15830000,16440000,950000
29018704,8654044000,8682304000,8654044000,8682304000,139,0,28260000,28260000
29018705,8683254000,8699494000,8683254000,8695184000,124,0,16240000,11930000
29018706,8695534000,8705684000,8694254000,8703614000,128,1280000,11430000,9360000
29018707,8707464000,8717422000,8694534000,8694534000,127,12930000,22888000,0
29018708,8696945000,8702914000,8692814000,8698364000,115,4131000,10100000,5550000
29018709,8698364000,8698434000,8683014000,8683407000,126,15350000,15420000,393000
29018710,8683405000,8711484000,8681264000,8704984000,152,2141000,30220000,23720000
29018711,8704604000,8732495000,8701474000,8726904000,160,3130000,31021000,25430000
29018712,8725066000,8727214000,8712424000,8712424000,136,12642000,14790000,0
29018713,8715174000,8731484000,8713974000,8720861000,126,1200000,17510000,6887000
29018714,8720006000,8720304000,8708304000,8708304000,87,11702000,12000000,0
29018715,8709904000,8720714000,8702764000,8720714000,120,7140000,17950000,17950000
29018716,8722484000,8731094000,8722484000,8726914000,106,0,8610000,4430000
29018717,8726994000,8740184000,8726134000,8732704000,104,860000,14050000,6570000
29018718,8730753000,8766265000,8730360000,8762014000,137,393000,35905000,31654000
29018719,8758174000,8759104000,8742434000,8746234000,133,15740000,16670000,3800000
29018720,8745914000,8746524000,8734234000,8740024000,112,11680000,12290000,5790000
29018721,8742424000,8756014000,8739242000,8754824000,140,3182000,16772000,15582000
29018722,8754144000,8769544000,8747514000,8760734000,159,6630000,22030000,13220000
29018723,8760634000,8789854000,8760364000,8784334000,164,270000,29490000,23970000
29018724,8783884000,8802358000,8776904000,8793974000,166,6980000,25454000,17070000
29018725,8793754000,8813974000,8790334000,8809104000,163,3420000,23640000,18770000
29018726,8807944000,8852927000,8807334000,8840474000,193,610000,45593000,33140000
29018727,8837224000,8848564000,8824338000,8846504000,166,12886000,24226000,22166000
29018728,8845197000,8886174000,8845197000,8883014000,180,0,40977000,37817000
29018729,8883644000,8890574000,8865224000,8871674000,185,18420000,25350000,6450000
29018730,8871314000,8873984000,8827114000,8831074000,193,44200000,46870000,3960000
29018731,8830334000,8856131000,8825624000,8833484000,188,4710000,30507000,7860000
29018732,8834174000,8847244000,8831738000,8832334000,192,2436000,15506000,596000
29018733,8831574000,8831574000,8808572000,8813354000,163,23002000,23002000,4782000
29018734,8814364000,8816224000,8794975000,8800224000,150,19389000,21249000,5249000
29018735,8798954000,8804694000,8789484000,8802524000,166,9470000,15210000,13040000
29018736,8801844000,8803434000,8789604000,8797984000,147,12240000,13830000,8380000
29018737,8797754000,8814644000,8796664000,8814644000,150,1090000,17980000,17980000
29018738,8814844000,8814844000,8791784000,8793344000,128,23060000,23060000,1560000
29018739,8792014000,8794984000,8772664000,8776834000,153,19350000,22320000,4170000
29018740,8776791000,8784804000,8761584000,8784804000,168,15207000,23220000,23220000
29018741,8785444000,8795974000,8782204000,8785655000,163,3240000,13770000,3451000
29018742,8784480000,8784480000,8768984000,8778584000,160,15496000,15496000,9600000
29018743,8777844000,8795574000,8772124000,8795314000,143,5720000,23450000,23190000
29018744,8795284000,8795284000,8785394000,8788984000,101,9890000,9890000,3590000
29018745,8788984000,8797094000,8779904000,8780984000,132,9080000,17190000,1080000
29018746,8782534000,8789174000,8772654000,8784424000,144,9880000,16520000,11770000
29018747,8784424000,8785414000,8768984000,8769004000,135,15440000,16430000,20000
29018748,8768984000,8770944000,8762984000,8766106000,126,6000000,7960000,3122000
29018749,8765974000,8776154000,8764594000,8776154000,125,1380000,11560000,11560000
29018750,8776154000,8783144000,8771834000,8771834000,109,4320000,11310000,0
29018751,8770829000,8775684000,8767683000,8773974000,113,3146000,8001000,6291000
29018752,8775394000,8777324000,8763984000,8767694000,131,11410000,13340000,3710000
29018753,8767738000,8768154000,8744674000,8751234000,146,23064000,23480000,6560000
29018754,8750408000,8760244000,8748284000,8756274000,135,2124000,11960000,7990000
29018755,8756754000,8763974000,8752974000,8752974000,121,3780000,11000000,0
29018756,8753404000,8757974000,8747384000,8749834000,106,6020000,10590000,2450000
29018757,8750084000,8751484000,8731932000,8731932000,80,18152000,19552000,0
29018758,8731689000,8741224000,8727989000,8738674000,121,3700000,13235000,10685000
29018759,8739154000,8748474000,8739154000,8745984000,66,0,9320000,6830000
29018760,8748974000,8752324000,8736658000,8744364000,103,12316000,15666000,7706000
29018761,8743284000,8760184000,8742054000,8760184000,115,1230000,18130000,18130000
29018762,8762634000,8770774000,8760514000,8764434000,119,2120000,10260000,3920000
29018763,8764724000,8776004000,8763858000,8769624000,110,866000,12146000,5766000
29018764,8769624000,8769964000,8751624000,8754224000,147,18000000,18340000,2600000
29018765,8754644000,8770024000,8753894000,8768984000,122,750000,16130000,15090000
29018766,8767851000,8768094000,8754425000,8755584000,57,13426000,13669000,1159000
29018767,8761394000,8763414000,8753984000,8753984000,50,7410000,9430000,0
29018768,8754164000,8764234000,8751911000,8751911000,100,2253000,12323000,0
29018769,8752054000,8752054000,8742754000,8746014000,83,9300000,9300000,3260000
29018770,8747364000,8754754000,8745894000,8749594000,84,1470000,8860000,3700000
29018771,8748204000,8756764000,8744011000,8756764000,82,4193000,12753000,12753000
29018772,8755894000,8757284000,8750274000,8752174000,70,5620000,7010000,1900000
29018773,8752814000,8756354000,8750334000,8752824000,71,2480000,6020000,2490000
29018774,8752044000,8755584000,8752044000,8754594000,39,0,3540000,2550000
29018775,8753974000,8757134000,8750984000,8755844000,67,2990000,6150000,4860000
29018776,8756474000,8765514000,8756474000,8765234000,93,0,9040000,8760000
29018777,8764104000,8764104000,8748984000,8750244000,95,15120000,15120000,1260000
29018778,8749882000,8752594000,8747017000,8747044000,66,2865000,5577000,27000
29018779,8745644000,8752794000,8745644000,8747514000,85,0,7150000,1870000
29018780,8747064000,8752414000,8747064000,8750974000,44,0,5350000,3910000
29018781,8750624000,8752414000,8744874000,8747944000,38,5750000,7540000,3070000
29018782,8750414000,8756514000,8750414000,8753744000,42,0,6100000,3330000
29018783,8754474000,8758284000,8754474000,8758284000,23,0,3810000,3810000
29018784,8758684000,8763274000,8753484000,8762594000,50,5200000,9790000,9110000
29018785,8762114000,8782964000,8762114000,8772344000,99,0,20850000,10230000
29018786,8770514000,8782734000,8767414000,8781704000,69,3100000,15320000,14290000
29018787,8781314000,8782724000,8765604000,8765604000,92,15710000,17120000,0
29018788,8765174000,8777484000,8763074000,8770881000,93,2100000,14410000,7807000
29018789,8770984000,8776984000,8767174000,8767174000,56,3810000,9810000,0
29018790,8768804000,8771294000,8768804000,8771294000,39,0,2490000,2490000
29018791,8770634000,8786654000,8767974000,8773504000,57,2660000,18680000,5530000
29018792,8772704000,8791754000,8772244000,8788503000,80,460000,19510000,16259000
29018793,8788538000,8788538000,8780154000,8782154000,102,8384000,8384000,2000000
29018794,8781789000,8787304000,8774644000,8782274000,90,7145000,12660000,7630000
29018795,8781664000,8782124000,8775404000,8776148000,86,6260000,6720000,744000
29018796,8775334000,8778974000,8767674000,8768924000,102,7660000,11300000,1250000
29018797,8768624000,8775464000,8767064000,8770224000,113,1560000,8400000,3160000
29018798,8772474000,8773544000,8767894000,8771334000,86,4580000,5650000,3440000
29018799,8770074000,8772574000,8768304000,8771784000,35,1770000,4270000,3480000
29018800,8772444000,8773514000,8768984000,8768984000,69,3460000,4530000,0
29018801,8770264000,8781564000,8770174000,8774224000,92,90000,11390000,4050000
29018802,8773044000,8775974000,8770174000,8775964000,78,2870000,5800000,5790000
29018803,8775974000,8778834000,8774934000,8777654000,32,1040000,3900000,2720000
29018804,8777382000,8782014000,8776614000,8780804000,51,768000,5400000,4190000
29018805,8781064000,8781064000,8779584000,8779994000,38,1480000,1480000,410000
29018806,8779180000,8779180000,8774454000,8777004000,32,4726000,4726000,2550000
29018807,8776254000,8776254000,8771684000,8771684000,54,4570000,4570000,0
29018808,8771974000,8776224000,8771974000,8776224000,12,0,4250000,4250000
29018809,8775984000,8777214000,8773834000,8773834000,50,2150000,3380000,0
29018810,8773834000,8774564000,8769984000,8773834000,64,3850000,4580000,3850000
29018811,8773264000,8773264000,8754754000,8754754000,86,18510000,18510000,0
29018812,8752196000,8753724000,8748394000,8748394000,55,3802000,5330000,0
29018813,8748484000,8759824000,8748484000,8759824000,37,0,11340000,11340000
29018814,8759824000,8764084000,8757414000,8757984000,49,2410000,6670000,570000
29018815,8759354000,8761144000,8757114000,8757114000,31,2240000,4030000,0
29018816,8757564000,8764334000,8757564000,8758774000,58,0,6770000,1210000
29018817,8758774000,8758814000,8750194000,8751884000,35,8580000,8620000,1690000
29018818,8751794000,8751794000,8739142000,8739142000,46,12652000,12652000,0
29018819,8738984000,8753974000,8738984000,8744504000,88,0,14990000,5520000
29018820,8741954000,8758284000,8741954000,8755104000,125,0,16330000,13150000
29018821,8755634000,8755634000,8740594000,8741254000,119,15040000,15040000,660000
29018822,8739364000,8747974000,8737084000,8747974000,99,2280000,10890000,10890000
29018823,8747974000,8753494000,8746693000,8752974000,110,1281000,6801000,6281000
29018824,8751088000,8761944000,8745124000,8745124000,85,5964000,16820000,0
29018825,8745284000,8751994000,8741915000,8751344000,96,3369000,10079000,9429000
29018826,8751994000,8755974000,8750024000,8753224000,136,1970000,5950000,3200000
29018827,8752284000,8757324000,8749086000,8756544000,119,3198000,8238000,7458000
29018828,8758184000,8760345000,8756984000,8758974000,66,1200000,3361000,1990000
29018829,8758474000,8763204000,8757374000,8763204000,36,1100000,5830000,5830000
29018830,8763294000,8766974000,8763204000,8766974000,46,90000,3770000,3770000
29018831,8766474000,8769904000,8765244000,8767574000,39,1230000,4660000,2330000
29018832,8768114000,8770754000,8762634000,8763674000,70,5480000,8120000,1040000
29018833,8762201000,8764004000,8758984000,8759724000,48,3217000,5020000,740000
29018834,8759244000,8760974000,8757384000,8760914000,67,1860000,3590000,3530000
29018835,8760994000,8763414000,8757024000,8757984000,60,3970000,6390000,960000
29018836,8758364000,8760784000,8751223000,8751284000,72,7141000,9561000,61000
29018837,8752484000,8754634000,8751284000,8752774000,45,1200000,3350000,1490000
29018838,8753284000,8753984000,8739364000,8739364000,60,13920000,14620000,0
29018839,8740414000,8741714000,8734004000,8734604000,78,6410000,7710000,600000
29018840,8734014000,8734974000,8721684000,8722024000,84,12330000,13290000,340000
29018841,8721674000,8722444000,8705004000,8710974000,113,16670000,17440000,5970000
29018842,8711064000,8714064000,8711064000,8713924000,72,0,3000000,2860000
29018843,8713049000,8713974000,8705484000,8713724000,73,7565000,8490000,8240000
29018844,8714134000,8723734000,8714134000,8721834000,75,0,9600000,7700000
29018845,8722424000,8736484000,8722424000,8732509000,72,0,14060000,10085000
29018846,8732504000,8732504000,8726944000,8727554000,63,5560000,5560000,610000
29018847,8727554000,8730224000,8724504000,8727664000,71,3050000,5720000,3160000
29018848,8728324000,8732824000,8724704000,8732824000,59,3620000,8120000,8120000
29018849,8733204000,8735724000,8729954000,8735724000,56,3250000,5770000,5770000
29018850,8736074000,8740484000,8735984000,8739664000,48,90000,4500000,3680000
29018851,8739074000,8739674000,8735174000,8735464000,73,3900000,4500000,290000
29018852,8735174000,8741784000,8732544000,8741784000,90,2630000,9240000,9240000
29018853,8741084000,8744174000,8739224000,8743564000,65,1860000,4950000,4340000
29018854,8743544000,8745244000,8740534000,8742374000,70,3010000,4710000,1840000
29018855,8743014000,8743994000,8737415000,8739034000,66,5599000,6579000,1619000
29018856,8737854000,8738644000,8724909000,8724934000,74,12945000,13735000,25000
29018857,8725724000,8731214000,8725724000,8731214000,65,0,5490000,5490000
29018858,8731214000,8733454000,8729004000,8730074000,68,2210000,4450000,1070000
29018859,8729004000,8733444000,8727114000,8733444000,61,1890000,6330000,6330000
29018860,8733024000,8742324000,8733024000,8736224000,55,0,9300000,3200000
29018861,8737304000,8739604000,8733185000,8733244000,76,4119000,6419000,59000
29018862,8732556000,8732556000,8727874000,8729084000,59,4682000,4682000,1210000
29018863,8729084000,8729724000,8725684000,8729714000,33,3400000,4040000,4030000
29018864,8728514000,8736974000,8727574000,8736324000,53,940000,9400000,8750000
29018865,8736100000,8736324000,8729044000,8733834000,44,7056000,7280000,4790000
29018866,8732627000,8733464000,8727460000,8727958000,39,5167000,6004000,498000
29018867,8728044000,8729974000,8725754000,8726434000,50,2290000,4220000,680000
29018868,8726432000,8729054000,8725944000,8726154000,41,488000,3110000,210000
29018869,8726154000,8733974000,8726154000,8732115000,68,0,7820000,5961000
29018870,8732125000,8734974000,8729004000,8734974000,61,3121000,5970000,5970000
29018871,8733974000,8733974000,8726984000,8726984000,60,6990000,6990000,0
29018872,8727784000,8728974000,8726034000,8728274000,36,1750000,2940000,2240000
29018873,8728272000,8728854000,8727284000,8728814000,25,988000,1570000,1530000
29018874,8727851000,8732324000,8727114000,8727274000,41,737000,5210000,160000
29018875,8727724000,8727724000,8724694000,8724694000,32,3030000,3030000,0
29018876,8726044000,8727264000,8713844000,8721724000,61,12200000,13420000,7880000
29018877,8722494000,8724974000,8722234000,8724234000,44,260000,2740000,2000000
29018878,8723344000,8723344000,8719464000,8721264000,33,3880000,3880000,1800000
29018879,8720076000,8723974000,8719474000,8723574000,33,602000,4500000,4100000
29018880,8723239000,8723434000,8712664000,8712664000,85,10575000,10770000,0
29018881,8711374000,8716294000,8706124000,8715564000,89,5250000,10170000,9440000
29018882,8715314000,8721724000,8711444000,8717974000,85,3870000,10280000,6530000
29018883,8716304000,8716684000,8704234000,8706224000,86,12070000,12450000,1990000
29018884,8706624000,8706624000,8699154000,8705474000,91,7470000,7470000,6320000
29018885,8704414000,8710294000,8697484000,8697484000,113,6930000,12810000,0
29018886,8697394000,8705774000,8697394000,8700434000,115,0,8380000,3040000
29018887,8700434000,8716064000,8698614000,8715474000,80,1820000,17450000,16860000
29018888,8713674000,8716614000,8705584000,8705584000,93,8090000,11030000,0
29018889,8704474000,8705124000,8697284000,8703474000,125,7190000,7840000,6190000
29018890,8704624000,8718544000,8704624000,8716824000,104,0,13920000,12200000
29018891,8717154000,8722174000,8706074000,8711574000,108,11080000,16100000,5500000
29018892,8709521000,8721734000,8709521000,8720754000,108,0,12213000,11233000
29018893,8720349000,8723944000,8714654000,8714654000,75,5695000,9290000,0
29018894,8715024000,8716914000,8704634000,8710114000,87,10390000,12280000,5480000
29018895,8709504000,8713874000,8699999000,8699999000,112,9505000,13875000,0
29018896,8699878000,8706254000,8696784000,8696984000,116,3094000,9470000,200000
29018897,8696334000,8696334000,8684594000,8690564000,108,11740000,11740000,5970000
29018898,8691264000,8700114000,8682584000,8682584000,138,8680000,17530000,0
29018899,8681984000,8687664000,8680144000,8683994000,111,1840000,7520000,3850000
29018900,8683994000,8696504000,8683044000,8694694000,116,950000,13460000,11650000
29018901,8694064000,8694694000,8676984000,8681794000,134,17080000,17710000,4810000
29018902,8681514000,8689024000,8670944000,8687374000,147,10570000,18080000,16430000
29018903,8687494000,8696814000,8686974000,8688174000,119,520000,9840000,1200000
29018904,8688444000,8694914000,8683844000,8685474000,91,4600000,11070000,1630000
29018905,8685984000,8695264000,8685984000,8686234000,88,0,9280000,250000
29018906,8686974000,8697954000,8686974000,8693284000,123,0,10980000,6310000
29018907,8694274000,8698374000,8689997000,8695724000,110,4277000,8377000,5727000
29018908,8696364000,8697484000,8692494000,8697074000,81,3870000,4990000,4580000
29018909,8696754000,8702894000,8694964000,8701924000,87,1790000,7930000,6960000
29018910,8700230000,8712744000,8700194000,8707004000,119,36000,12550000,6810000
29018911,8706564000,8707254000,8690434000,8692984000,124,16130000,16820000,2550000
29018912,8692214000,8692924000,8684539000,8684834000,122,7675000,8385000,295000
29018913,8683984000,8686694000,8674984000,8674984000,88,9000000,11710000,0
29018914,8674584000,8676984000,8664104000,8674704000,127,10480000,12880000,10600000
29018915,8673974000,8679734000,8669234000,8679104000,129,4740000,10500000,9870000
29018916,8679104000,8686164000,8670884000,8673364000,118,8220000,15280000,2480000
29018917,8674084000,8682304000,8671244000,8682304000,116,2840000,11060000,11060000
29018918,8681784000,8682314000,8669984000,8669984000,97,11800000,12330000,0
29018919,8668984000,8673434000,8656214000,8658974000,112,12770000,17220000,2760000
29018920,8661274000,8668974000,8660344000,8661484000,101,930000,8630000,1140000
29018921,8660924000,8665714000,8652474000,8654084000,107,8450000,13240000,1610000
29018922,8653314000,8654314000,8636324000,8638004000,167,16990000,17990000,1680000
29018923,8637014000,8650624000,8631790000,8649474000,152,5224000,18834000,17684000
29018924,8648384000,8657874000,8645554000,8655134000,119,2830000,12320000,9580000
29018925,8655134000,8665554000,8651984000,8664164000,121,3150000,13570000,12180000
29018926,8663984000,8679764000,8663374000,8669524000,140,610000,16390000,6150000
29018927,8669604000,8669854000,8651994000,8653484000,126,17610000,17860000,1490000
29018928,8652794000,8660974000,8644394000,8646434000,143,8400000,16580000,2040000
29018929,8645364000,8648974000,8638204000,8641124000,120,7160000,10770000,2920000
29018930,8643274000,8657774000,8642824000,8654276000,145,450000,14950000,11452000
29018931,8654124000,8662054000,8653397000,8655404000,118,727000,8657000,2007000
29018932,8654184000,8662974000,8653814000,8658874000,124,370000,9160000,5060000
29018933,8659554000,8669364000,8659554000,8665324000,107,0,9810000,5770000
29018934,8664324000,8669014000,8662634000,8665364000,82,1690000,6380000,2730000
29018935,8665914000,8670834000,8665914000,8670834000,77,0,4920000,4920000
29018936,8670974000,8674774000,8668644000,8669934000,73,2330000,6130000,1290000
29018937,8667894000,8680184000,8666966000,8669604000,86,928000,13218000,2638000
29018938,8670994000,8673064000,8667004000,8673064000,64,3990000,6060000,6060000
29018939,8673254000,8678524000,8672514000,8675694000,80,740000,6010000,3180000
29018940,8675094000,8678974000,8666944000,8668564000,102,8150000,12030000,1620000
29018941,8671304000,8674194000,8665914000,8666714000,93,5390000,8280000,800000
29018942,8667724000,8672484000,8661980000,8661980000,104,5744000,10504000,0
29018943,8661854000,8671034000,8657345000,8667414000,126,4509000,13689000,10069000
29018944,8667024000,8668974000,8655074000,8655914000,121,11950000,13900000,840000
29018945,8655944000,8662134000,8655074000,8656654000,116,870000,7060000,1580000
29018946,8657184000,8667274000,8656534000,8665074000,122,650000,10740000,8540000
29018947,8666374000,8669974000,8658864000,8663875000,126,7510000,11110000,5011000
29018948,8663924000,8674754000,8661544000,8673574000,123,2380000,13210000,12030000
29018949,8673124000,8681334000,8670054000,8670984000,102,3070000,11280000,930000
29018950,8671594000,8683524000,8671594000,8680304000,113,0,11930000,8710000
29018951,8681974000,8689304000,8681974000,8688494000,87,0,7330000,6520000
29018952,8687454000,8687454000,8678634000,8684224000,86,8820000,8820000,5590000
29018953,8683771000,8688564000,8680994000,8681464000,81,2777000,7570000,470000
29018954,8682384000,8686074000,8678964000,8678964000,47,3420000,7110000,0
29018955,8678733000,8691974000,8678733000,8691974000,108,0,13241000,13241000
29018956,8692174000,8697614000,8683984000,8696784000,93,8190000,13630000,12800000
29018957,8695626000,8702414000,8685904000,8688484000,104,9722000,16510000,2580000
29018958,8690804000,8690804000,8678984000,8678984000,98,11820000,11820000,0
29018959,8678534000,8683044000,8675835000,8680724000,94,2699000,7209000,4889000
29018960,8681724000,8695574000,8681724000,8693804000,74,0,13850000,12080000
29018961,8694064000,8700934000,8694064000,8699714000,98,0,6870000,5650000
29018962,8698984000,8698984000,8687297000,8694634000,96,11687000,11687000,7337000
29018963,8693203000,8694114000,8686324000,8694114000,94,6879000,7790000,7790000
29018964,8695724000,8702074000,8694024000,8695414000,113,1700000,8050000,1390000
29018965,8695724000,8718286000,8695724000,8717734000,97,0,22562000,22010000
29018966,8717254000,8722774000,8712754000,8722774000,80,4500000,10020000,10020000
29018967,8721274000,8728964000,8716214000,8728124000,76,5060000,12750000,11910000
29018968,8728374000,8738564000,8723984000,8727334000,104,4390000,14580000,3350000
29018969,8728724000,8731364000,8721544000,8721544000,63,7180000,9820000,0
29018970,8723784000,8730774000,8717524000,8717524000,100,6260000,13250000,0
29018971,8716864000,8719756000,8700403000,8716464000,183,16461000,19353000,16061000
29018972,8715384000,8726684000,8711964000,8719974000,161,3420000,14720000,8010000
29018973,8719164000,8726814000,8715652000,8723004000,114,3512000,11162000,7352000
29018974,8723274000,8733594000,8722684000,8733594000,98,590000,10910000,10910000
29018975,8733016000,8756294000,8732874000,8744524000,168,142000,23420000,11650000
29018976,8743584000,8746864000,8736455000,8742544000,145,7129000,10409000,6089000
29018977,8742534000,8751474000,8735344000,8736544000,129,7190000,16130000,1200000
29018978,8735884000,8742534000,8733354000,8733824000,104,2530000,9180000,470000
29018979,8732714000,8740404000,8731452000,8735304000,102,1262000,8952000,3852000
29018980,8735594000,8737944000,8730984000,8732642000,124,4610000,6960000,1658000
29018981,8732645000,8732724000,8726314000,8728374000,77,6331000,6410000,2060000
29018982,8728164000,8733594000,8726745000,8731394000,66,1419000,6849000,4649000
29018983,8732554000,8745834000,8732554000,8741444000,101,0,13280000,8890000
29018984,8741824000,8743914000,8739734000,8743034000,56,2090000,4180000,3300000
29018985,8743454000,8747072000,8734614000,8736824000,110,8840000,12458000,2210000
29018986,8736374000,8736674000,8731664000,8735584000,72,4710000,5010000,3920000
29018987,8736114000,8737254000,8730594000,8732504000,122,5520000,6660000,1910000
29018988,8733069000,8744844000,8733069000,8744844000,75,0,11775000,11775000
29018989,8743234000,8748444000,8739474000,8748134000,95,3760000,8970000,8660000
29018990,8748444000,8754474000,8747644000,8750944000,114,800000,6830000,3300000
29018991,8751474000,8766974000,8751474000,8762224000,115,0,15500000,10750000
29018992,8762204000,8774524000,8759424000,8762984000,111,2780000,15100000,3560000
29018993,8763464000,8767774000,8762984000,8766204000,67,480000,4790000,3220000
29018994,8766126000,8767774000,8762984000,8766644000,84,3142000,4790000,3660000
29018995,8767344000,8767344000,8762984000,8764364000,74,4360000,4360000,1380000
29018996,8764974000,8767204000,8756164000,8760534000,79,8810000,11040000,4370000
29018997,8760534000,8761364000,8746874000,8746874000,89,13660000,14490000,0
29018998,8746154000,8757774000,8746154000,8757774000,109,0,11620000,11620000
29018999,8757164000,8763574000,8756974000,8757164000,58,190000,6600000,190000
29019000,8759704000,8761734000,8748407000,8754345000,128,11297000,13327000,5938000
29019001,8754347000,8754504000,8738124000,8740894000,118,16223000,16380000,2770000
29019002,8739784000,8750674000,8737324000,8746634000,107,2460000,13350000,9310000
29019003,8746083000,8746184000,8737414000,8740984000,104,8669000,8770000,3570000
29019004,8740284000,8748594000,8735765000,8743484000,102,4519000,12829000,7719000
29019005,8743484000,8747404000,8740614000,8746174000,97,2870000,6790000,5560000
29019006,8746174000,8748974000,8742424000,8745544000,63,3750000,6550000,3120000
29019007,8745804000,8745804000,8729674000,8733214000,81,16130000,16130000,3540000
29019008,8731039000,8731150000,8722604000,8726974000,116,8435000,8546000,4370000
29019009,8728744000,8734044000,8722074000,8734044000,91,6670000,11970000,11970000
29019010,8734054000,8735504000,8728374000,8733724000,131,5680000,7130000,5350000
29019011,8734224000,8734784000,8718984000,8718984000,89,15240000,15800000,0
29019012,8719484000,8722484000,8712314000,8715864000,88,7170000,10170000,3550000
29019013,8714034000,8717474000,8709984000,8717104000,84,4050000,7490000,7120000
29019014,8717334000,8726154000,8717334000,8723804000,72,0,8820000,6470000
29019015,8724334000,8728294000,8710474000,8710485000,124,13860000,17820000,11000
29019016,8710544000,8720204000,8705684000,8711044000,115,4860000,14520000,5360000
29019017,8711044000,8718974000,8710534000,8714234000,114,510000,8440000,3700000
29019018,8714944000,8714944000,8704594000,8704594000,81,10350000,10350000,0
29019019,8705834000,8714534000,8701292000,8712984000,118,4542000,13242000,11692000
29019020,8714014000,8747774000,8711974000,8747774000,164,2040000,35800000,35800000
29019021,8746024000,8758974000,8745698000,8758239000,165,326000,13276000,12541000
29019022,8758396000,8758396000,8739301000,8746204000,161,19095000,19095000,6903000
29019023,8746974000,8753944000,8743084000,8750694000,141,3890000,10860000,7610000
29019024,8751764000,8751764000,8740143000,8740214000,135,11621000,11621000,71000
29019025,8739414000,8743304000,8733554000,8738764000,129,5860000,9750000,5210000
29019026,8739414000,8739414000,8728994000,8737134000,136,10420000,10420000,8140000
29019027,8736155000,8736155000,8717456000,8725834000,134,18699000,18699000,8378000
29019028,8724764000,8727884000,8718734000,8719574000,105,6030000,9150000,840000
29019029,8720444000,8729114000,8718364000,8726104000,76,2080000,10750000,7740000
29019030,8726564000,8734674000,8723004000,8734674000,100,3560000,11670000,11670000
29019031,8734804000,8741324000,8726809000,8733460000,142,7995000,14515000,6651000
29019032,8733467000,8743974000,8730051000,8733261000,148,3416000,13923000,3210000
29019033,8733674000,8733674000,8722954000,8727264000,115,10720000,10720000,4310000
29019034,8725504000,8725664000,8707034000,8711494000,144,18470000,18630000,4460000
29019035,8711494000,8712974000,8701944000,8703304000,130,9550000,11030000,1360000
29019036,8704384000,8708974000,8697984000,8708744000,131,6400000,10990000,10760000
29019037,8708924000,8717884000,8708924000,8710454000,118,0,8960000,1530000
29019038,8710734000,8723074000,8708314000,8720684000,99,2420000,14760000,12370000
29019039,8720684000,8723674000,8718554000,8718554000,119,2130000,5120000,0
29019040,8717224000,8731664000,8717224000,8728984000,141,0,14440000,11760000
29019041,8728984000,8742864000,8728984000,8736104000,143,0,13880000,7120000
29019042,8737364000,8744514000,8732653000,8740454000,133,4711000,11861000,7801000
29019043,8741134000,8752604000,8741134000,8746984000,138,0,11470000,5850000
29019044,8747214000,8753774000,8740433000,8742564000,121,6781000,13341000,2131000
29019045,8743374000,8747974000,8735594000,8743744000,130,7780000,12380000,8150000
29019046,8744704000,8751959000,8738084000,8751324000,131,6620000,13875000,13240000
29019047,8752204000,8758464000,8751274000,8754574000,137,930000,7190000,3300000
29019048,8754974000,8764014000,8752888000,8756374000,152,2086000,11126000,3486000
29019049,8755984000,8755984000,8747958000,8749004000,102,8026000,8026000,1046000
29019050,8748534000,8771464000,8748534000,8771464000,141,0,22930000,22930000
29019051,8772004000,8781764000,8764154000,8780834000,161,7850000,17610000,16680000
29019052,8781274000,8783604000,8770744000,8771584000,163,10530000,12860000,840000
29019053,8769884000,8772974000,8765144000,8768424000,112,4740000,7830000,3280000
29019054,8768149000,8775444000,8765144000,8768064000,94,3005000,10300000,2920000
29019055,8768374000,8775084000,8765214000,8773344000,99,3160000,9870000,8130000
29019056,8774440000,8780974000,8763344000,8763344000,129,11096000,17630000,0
29019057,8763904000,8769124000,8752834000,8754774000,135,11070000,16290000,1940000
29019058,8754054000,8756804000,8744974000,8744974000,149,9080000,11830000,0
29019059,8745334000,8746774000,8731224000,8742344000,132,14110000,15550000,11120000
29019060,8739210000,8743724000,8730234000,8733314000,134,8976000,13490000,3080000
29019061,8731989000,8751634000,8724984000,8751634000,143,7005000,26650000,26650000
29019062,8754174000,8763414000,8744874000,8748324000,166,9300000,18540000,3450000
29019063,8746834000,8752514000,8745484000,8746904000,115,1350000,7030000,1420000
29019064,8749094000,8754854000,8746034000,8753104000,95,3060000,8820000,7070000
29019065,8754294000,8754974000,8740404000,8741575000,113,13890000,14570000,1171000
29019066,8741474000,8751174000,8738614000,8747664000,144,2860000,12560000,9050000
29019067,8748374000,8760884000,8747694000,8752884000,153,680000,13190000,5190000
29019068,8750951000,8756534000,8743384000,8743384000,133,7567000,13150000,0
29019069,8743984000,8750174000,8743654000,8750174000,119,330000,6520000,6520000
29019070,8750174000,8756704000,8750164000,8754004000,106,10000,6540000,3840000
29019071,8753484000,8761544000,8751484000,8752334000,121,2000000,10060000,850000
29019072,8752124000,8766774000,8752124000,8764024000,124,0,14650000,11900000
29019073,8763584000,8772224000,8760984000,8770974000,124,2600000,11240000,9990000
29019074,8771484000,8774974000,8762294000,8766904000,99,9190000,12680000,4610000
29019075,8767974000,8770164000,8763984000,8767484000,110,3990000,6180000,3500000
29019076,8767484000,8783584000,8767484000,8779464000,141,0,16100000,11980000
29019077,8779624000,8783314000,8775684000,8778724000,128,3940000,7630000,3040000
29019078,8778974000,8780724000,8768214000,8769724000,101,10760000,12510000,1510000
29019079,8769724000,8773854000,8763094000,8763784000,109,6630000,10760000,690000
29019080,8763324000,8766414000,8754784000,8764914000,127,8540000,11630000,10130000
29019081,8764914000,8774784000,8764769000,8770441000,133,145000,10015000,5672000
29019082,8770444000,8783004000,8770444000,8773904000,110,0,12560000,3460000
29019083,8773904000,8776954000,8769034000,8769034000,90,4870000,7920000,0
29019084,8768981000,8772344000,8764727000,8764727000,71,4254000,7617000,0
29019085,8764664000,8768974000,8762424000,8767234000,98,2240000,6550000,4810000
29019086,8764846000,8773974000,8764046000,8772494000,74,800000,9928000,8448000
29019087,8771386000,8775614000,8767484000,8768024000,96,3902000,8130000,540000
29019088,8767484000,8770334000,8766604000,8767744000,56,880000,3730000,1140000
29019089,8767744000,8770054000,8762634000,8762634000,74,5110000,7420000,0
29019090,8762294000,8768704000,8755684000,8755684000,119,6610000,13020000,0
29019091,8755074000,8769804000,8754984000,8766968000,126,90000,14820000,11984000
29019092,8767874000,8777614000,8766964000,8772184000,102,910000,10650000,5220000
29019093,8771294000,8779964000,8769755000,8777814000,108,1539000,10209000,8059000
29019094,8776974000,8776974000,8758324000,8759080000,129,18650000,18650000,756000
29019095,8759434000,8761974000,8755984000,8759374000,106,3450000,5990000,3390000
29019096,8759058000,8763854000,8754674000,8760724000,140,4384000,9180000,6050000
29019097,8761724000,8765664000,8755984000,8765664000,111,5740000,9680000,9680000
29019098,8765664000,8767534000,8755984000,8757234000,120,9680000,11550000,1250000
29019099,8757234000,8758064000,8753314000,8757944000,111,3920000,4750000,4630000
29019100,8756967000,8756967000,8746884000,8746984000,116,10083000,10083000,100000
29019101,8746844000,8753534000,8744354000,8747809000,102,2490000,9180000,3455000
29019102,8747818000,8749054000,8741984000,8742534000,65,5834000,7070000,550000
29019103,8742234000,8747954000,8741984000,8745594000,80,250000,5970000,3610000
29019104,8746814000,8746814000,8735984000,8735984000,66,10830000,10830000,0
29019105,8735104000,8739994000,8733984000,8734984000,65,1120000,6010000,1000000
29019106,8733984000,8737414000,8733984000,8735594000,73,0,3430000,1610000
29019107,8735594000,8750564000,8731611000,8750564000,119,3983000,18953000,18953000
29019108,8749614000,8756414000,8746617000,8750474000,120,2997000,9797000,3857000
29019109,8749734000,8755754000,8742624000,8743374000,122,7110000,13130000,750000
29019110,8743064000,8747044000,8739763000,8743404000,96,3301000,7281000,3641000
29019111,8742094000,8747874000,8739014000,8745584000,108,3080000,8860000,6570000
29019112,8745944000,8751674000,8744337000,8749084000,113,1607000,7337000,4747000
29019113,8749026000,8754774000,8744615000,8744864000,69,4411000,10159000,249000
29019114,8745984000,8746042000,8734984000,8734984000,88,11000000,11058000,0
29019115,8734304000,8734304000,8714834000,8727484000,124,19470000,19470000,12650000
29019116,8728184000,8732774000,8726984000,8728734000,103,1200000,5790000,1750000
29019117,8729434000,8734414000,8729434000,8730374000,82,0,4980000,940000
29019118,8731414000,8734954000,8708984000,8709014000,117,22430000,25970000,30000
29019119,8707904000,8707914000,8674164000,8678624000,167,33740000,33750000,4460000
29019120,8677934000,8687284000,8671037000,8671037000,172,6897000,16247000,0
29019121,8671054000,8686234000,8668389000,8686234000,171,2665000,17845000,17845000
29019122,8686074000,8703304000,8686074000,8703304000,140,0,17230000,17230000
29019123,8701814000,8706044000,8693472000,8695344000,158,8342000,12572000,1872000
29019124,8695484000,8702044000,8693931000,8694474000,132,1553000,8113000,543000
29019125,8694724000,8699594000,8684004000,8685684000,149,10720000,15590000,1680000
29019126,8680234000,8693854000,8680234000,8687734000,134,0,13620000,7500000
29019127,8687464000,8700574000,8687129000,8693634000,139,335000,13445000,6505000
29019128,8693304000,8706544000,8693304000,8706544000,119,0,13240000,13240000
29019129,8706774000,8710624000,8705544000,8708324000,88,1230000,5080000,2780000
29019130,8708324000,8710974000,8707734000,8709514000,66,590000,3240000,1780000
29019131,8710324000,8714504000,8707774000,8708984000,86,2550000,6730000,1210000
29019132,8709144000,8710634000,8698984000,8698984000,79,10160000,11650000,0
29019133,8697882000,8707054000,8694994000,8705734000,77,2888000,12060000,10740000
29019134,8709984000,8710524000,8699294000,8701284000,102,10690000,11230000,1990000
29019135,8702184000,8714214000,8702125000,8713304000,98,59000,12089000,11179000
29019136,8714414000,8719214000,8712074000,8715814000,98,2340000,7140000,3740000
29019137,8715814000,8717044000,8700184000,8700184000,111,15630000,16860000,0
29019138,8700974000,8706064000,8700974000,8705444000,86,0,5090000,4470000
29019139,8703244000,8713084000,8698984000,8709534000,96,4260000,14100000,10550000
29019140,8710104000,8723014000,8710104000,8720794000,98,0,12910000,10690000
29019141,8721414000,8730884000,8717014000,8723084000,110,4400000,13870000,6070000
29019142,8723124000,8734954000,8722244000,8733294000,100,880000,12710000,11050000
29019143,8733034000,8735504000,8723124000,8723724000,109,9910000,12380000,600000
29019144,8723884000,8724974000,8715337000,8716554000,97,8547000,9637000,1217000
29019145,8716834000,8728554000,8713984000,8720764000,94,2850000,14570000,6780000
29019146,8721224000,8724914000,8720074000,8721424000,80,1150000,4840000,1350000
29019147,8722334000,8725014000,8708398000,8711414000,97,13936000,16616000,3016000
29019148,8710834000,8713684000,8700884000,8702724000,94,9950000,12800000,1840000
29019149,8702354000,8702734000,8696854000,8696854000,73,5500000,5880000,0
29019150,8699274000,8699274000,8691194000,8691194000,91,8080000,8080000,0
29019151,8692164000,8702144000,8692164000,8702144000,92,0,9980000,9980000
29019152,8701028000,8702154000,8691404000,8693804000,86,9624000,10750000,2400000
29019153,8692914000,8693534000,8684899000,8688784000,79,8015000,8635000,3885000
29019154,8688484000,8690974000,8683714000,8690974000,87,4770000,7260000,7260000
29019155,8690984000,8695354000,8689018000,8690984000,69,1966000,6336000,1966000
29019156,8691704000,8698104000,8688354000,8693454000,97,3350000,9750000,5100000
29019157,8693454000,8697664000,8693454000,8696024000,70,0,4210000,2570000
29019158,8695444000,8703114000,8695444000,8699224000,90,0,7670000,3780000
29019159,8699484000,8702734000,8699484000,8700334000,54,0,3250000,850000
29019160,8700964000,8701864000,8695164000,8695164000,48,5800000,6700000,0
29019161,8694359000,8696154000,8687984000,8693544000,73,6375000,8170000,5560000
29019162,8692984000,8700124000,8692753000,8699334000,86,231000,7371000,6581000
29019163,8699554000,8700414000,8694294000,8694294000,44,5260000,6120000,0
29019164,8694624000,8695634000,8692714000,8695634000,34,1910000,2920000,2920000
29019165,8696204000,8698204000,8689484000,8691234000,57,6720000,8720000,1750000
29019166,8691864000,8696454000,8690344000,8695974000,61,1520000,6110000,5630000
29019167,8695214000,8696874000,8687954000,8687954000,62,7260000,8920000,0
29019168,8688724000,8691504000,8686644000,8686854000,45,2080000,4860000,210000
29019169,8686854000,8696834000,8686644000,8694614000,57,210000,10190000,7970000
29019170,8695144000,8703004000,8693084000,8696654000,79,2060000,9920000,3570000
29019171,8696384000,8700034000,8693765000,8693934000,55,2619000,6269000,169000
29019172,8694654000,8703994000,8693654000,8702844000,70,1000000,10340000,9190000
29019173,8701774000,8701774000,8689944000,8690674000,58,11830000,11830000,730000
29019174,8689944000,8695234000,8688034000,8688034000,68,1910000,7200000,0
29019175,8687734000,8689844000,8686994000,8688694000,25,740000,2850000,1700000
29019176,8689374000,8695704000,8688984000,8694814000,65,390000,6720000,5830000
29019177,8693124000,8698974000,8690474000,8690474000,71,2650000,8500000,0
29019178,8689714000,8690974000,8685404000,8685453000,53,4310000,5570000,49000
29019179,8684994000,8687724000,8683984000,8687724000,37,1010000,3740000,3740000
29019180,8687774000,8694554000,8687774000,8694264000,81,0,6780000,6490000
29019181,8693984000,8694454000,8688384000,8689808000,65,5600000,6070000,1424000
29019182,8688604000,8692604000,8685104000,8690164000,71,3500000,7500000,5060000
29019183,8689188000,8692594000,8686414000,8687274000,47,2774000,6180000,860000
29019184,8685554000,8685554000,8681414000,8682984000,42,4140000,4140000,1570000
29019185,8683534000,8685624000,8680784000,8684554000,51,2750000,4840000,3770000
29019186,8683574000,8689134000,8680784000,8689134000,70,2790000,8350000,8350000
29019187,8689134000,8694974000,8689134000,8693684000,72,0,5840000,4550000
29019188,8694464000,8707224000,8694464000,8707224000,94,0,12760000,12760000
29019189,8706996000,8709474000,8705644000,8708244000,70,1352000,3830000,2600000
29019190,8707734000,8708224000,8703004000,8703834000,56,4730000,5220000,830000
29019191,8703004000,8712794000,8699484000,8712054000,88,3520000,13310000,12570000
29019192,8711554000,8714984000,8708984000,8710274000,86,2570000,6000000,1290000
29019193,8710604000,8713504000,8708864000,8711484000,59,1740000,4640000,2620000
29019194,8710984000,8713454000,8706484000,8706484000,39,4500000,6970000,0
29019195,8706481000,8707024000,8694294000,8698074000,99,12187000,12730000,3780000
29019196,8697424000,8701724000,8695324000,8699884000,88,2100000,6400000,4560000
29019197,8700124000,8705614000,8692004000,8692004000,110,8120000,13610000,0
29019198,8692084000,8694504000,8688264000,8689924000,76,3820000,6240000,1660000
29019199,8690644000,8694464000,8690278000,8693304000,96,366000,4186000,3026000
29019200,8693854000,8696454000,8693854000,8694974000,77,0,2600000,1120000
29019201,8694974000,8700464000,8693310000,8694694000,65,1664000,7154000,1384000
29019202,8692984000,8696904000,8688008000,8688694000,100,4976000,8896000,686000
29019203,8688013000,8690814000,8684414000,8685374000,86,3599000,6400000,960000
29019204,8685814000,8688784000,8685814000,8688784000,25,0,2970000,2970000
29019205,8687689000,8694004000,8687689000,8692414000,76,0,6315000,4725000
29019206,8692414000,8692624000,8688794000,8688894000,77,3620000,3830000,100000
29019207,8688875000,8692164000,8683984000,8683984000,81,4891000,8180000,0
29019208,8684974000,8690724000,8684974000,8690724000,55,0,5750000,5750000
29019209,8692314000,8696274000,8692314000,8693031000,58,0,3960000,717000
29019210,8692437000,8695974000,8688484000,8693664000,93,3953000,7490000,5180000
29019211,8692506000,8697474000,8691374000,8693464000,95,1132000,6100000,2090000
29019212,8695074000,8700974000,8695074000,8697924000,69,0,5900000,2850000
29019213,8698574000,8698974000,8692884000,8696784000,77,5690000,6090000,3900000
29019214,8697664000,8700764000,8695014000,8696514000,59,2650000,5750000,1500000
29019215,8696844000,8705614000,8696844000,8705614000,67,0,8770000,8770000
29019216,8705804000,8710654000,8703634000,8705984000,92,2170000,7020000,2350000
29019217,8706064000,8708814000,8704513000,8705064000,78,1551000,4301000,551000
29019218,8704624000,8704624000,8695194000,8696724000,72,9430000,9430000,1530000
29019219,8697494000,8699304000,8692262000,8696174000,52,5232000,7042000,3912000
29019220,8696174000,8697484000,8693584000,8697394000,52,2590000,3900000,3810000
29019221,8698224000,8698584000,8692877000,8694814000,65,5347000,5707000,1937000
29019222,8694814000,8697444000,8692344000,8693794000,56,2470000,5100000,1450000
29019223,8693794000,8698974000,8691631000,8698894000,50,2163000,7343000,7263000
29019224,8697921000,8697921000,8691744000,8691754000,56,6177000,6177000,10000
29019225,8691744000,8693954000,8691734000,8692964000,43,10000,2220000,1230000
29019226,8692964000,8698261000,8692064000,8697224000,89,900000,6197000,5160000
29019227,8696814000,8700834000,8696434000,8698474000,68,380000,4400000,2040000
29019228,8697654000,8704114000,8697654000,8704114000,66,0,6460000,6460000
29019229,8703039000,8707304000,8701623000,8707304000,62,1416000,5681000,5681000
29019230,8706174000,8708674000,8704304000,8704604000,73,1870000,4370000,300000
29019231,8703794000,8708974000,8703794000,8704394000,67,0,5180000,600000
29019232,8704844000,8712989000,8704194000,8712989000,75,650000,8795000,8795000
29019233,8712915000,8716084000,8710034000,8711674000,70,2881000,6050000,1640000
29019234,8712224000,8715014000,8711364000,8715014000,30,860000,3650000,3650000
29019235,8715854000,8720224000,8715854000,8716374000,50,0,4370000,520000
29019236,8715394000,8715634000,8707581000,8707604000,43,7813000,8053000,23000
29019237,8708114000,8711884000,8708114000,8709604000,53,0,3770000,1490000
29019238,8709604000,8710294000,8707644000,8707644000,55,1960000,2650000,0
29019239,8708354000,8709654000,8708354000,8709284000,24,0,1300000,930000
29019240,8709644000,8715624000,8706084000,8711364000,71,3560000,9540000,5280000
29019241,8711302000,8711302000,8702534000,8704874000,51,8768000,8768000,2340000
29019242,8705234000,8707614000,8702314000,8703484000,78,2920000,5300000,1170000
29019243,8703110000,8703394000,8696484000,8700244000,61,6626000,6910000,3760000
29019244,8699995000,8707334000,8699414000,8707334000,74,581000,7920000,7920000
29019245,8706974000,8707934000,8704814000,8706224000,51,2160000,3120000,1410000
29019246,8706624000,8716474000,8704814000,8711864000,60,1810000,11660000,7050000
29019247,8712134000,8712754000,8705584000,8707034000,67,6550000,7170000,1450000
29019248,8705584000,8705584000,8701884000,8701884000,24,3700000,3700000,0
29019249,8701324000,8701964000,8698454000,8698454000,28,2870000,3510000,0
29019250,8698064000,8701194000,8695784000,8701194000,65,2280000,5410000,5410000
29019251,8700633000,8702144000,8696464000,8698304000,69,4169000,5680000,1840000
29019252,8697974000,8698394000,8695724000,8695724000,25,2250000,2670000,0
29019253,8694894000,8695724000,8694894000,8694894000,20,0,830000,0
29019254,8695724000,8698064000,8694792000,8698064000,33,932000,3272000,3272000
29019255,8698364000,8704113000,8693984000,8701779000,72,4380000,10129000,7795000
29019256,8701974000,8706934000,8697654000,8706934000,99,4320000,9280000,9280000
29019257,8706474000,8710114000,8705644000,8707454000,76,830000,4470000,1810000
29019258,8708304000,8709844000,8706154000,8707654000,66,2150000,3690000,1500000
29019259,8706354000,8706524000,8703524000,8705704000,50,2830000,3000000,2180000
29019260,8705652000,8706474000,8698484000,8698484000,39,7168000,7990000,0
29019261,8698130000,8704054000,8698130000,8700934000,70,0,5924000,2804000
29019262,8701574000,8708754000,8700934000,8708754000,52,640000,7820000,7820000
29019263,8708754000,8708974000,8704454000,8706474000,68,4300000,4520000,2020000
29019264,8705994000,8708974000,8703984000,8708974000,61,2010000,4990000,4990000
29019265,8709074000,8712604000,8706234000,8711474000,64,2840000,6370000,5240000
29019266,8711944000,8713224000,8710099000,8713094000,48,1845000,3125000,2995000
29019267,8712684000,8716344000,8711684000,8712654000,85,1000000,4660000,970000
29019268,8712654000,8712654000,8706984000,8707704000,45,5670000,5670000,720000
29019269,8707122000,8707814000,8703984000,8706014000,52,3138000,3830000,2030000
29019270,8706844000,8714334000,8706844000,8710234000,63,0,7490000,3390000
29019271,8709026000,8714224000,8705194000,8714224000,103,3832000,9030000,9030000
29019272,8714224000,8717824000,8711586000,8715224000,76,2638000,6238000,3638000
29019273,8713794000,8714984000,8710634000,8711574000,61,3160000,4350000,940000
29019274,8712494000,8717824000,8712494000,8717124000,45,0,5330000,4630000
29019275,8718474000,8718474000,8711574000,8718214000,76,6900000,6900000,6640000
29019276,8718874000,8722274000,8716834000,8718504000,50,2040000,5440000,1670000
29019277,8718974000,8722934000,8718974000,8722934000,63,0,3960000,3960000
29019278,8722394000,8722564000,8718094000,8719084000,56,4300000,4470000,990000
29019279,8719084000,8723974000,8719084000,8723974000,61,0,4890000,4890000
29019280,8724654000,8731974000,8724654000,8730554000,79,0,7320000,5900000
29019281,8730501000,8740834000,8729854000,8736684000,73,647000,10980000,6830000
29019282,8737534000,8740914000,8733464000,8733464000,62,4070000,7450000,0
29019283,8733684000,8736954000,8732774000,8736274000,31,910000,4180000,3500000
29019284,8736824000,8738054000,8734594000,8738054000,61,2230000,3460000,3460000
29019285,8739674000,8739674000,8735114000,8735574000,37,4560000,4560000,460000
29019286,8735864000,8741114000,8734594000,8741114000,51,1270000,6520000,6520000
29019287,8741614000,8746614000,8735484000,8735484000,62,6130000,11130000,0
29019288,8734843000,8740774000,8734284000,8740774000,62,559000,6490000,6490000
29019289,8740774000,8743964000,8738864000,8738864000,39,1910000,5100000,0
29019290,8738234000,8738234000,8729764000,8729764000,49,8470000,8470000,0
29019291,8730634000,8734594000,8730634000,8734594000,56,0,3960000,3960000
29019292,8734594000,8739974000,8733954000,8739974000,44,640000,6020000,6020000
29019293,8739154000,8739154000,8735654000,8736974000,38,3500000,3500000,1320000
29019294,8737374000,8743344000,8734484000,8742314000,81,2890000,8860000,7830000
29019295,8742974000,8744324000,8742154000,8743514000,41,820000,2170000,1360000
29019296,8742784000,8743514000,8740814000,8742974000,32,1970000,2700000,2160000
29019297,8743364000,8752304000,8741984000,8750504000,97,1380000,10320000,8520000
29019298,8750624000,8751494000,8745434000,8746044000,36,5190000,6060000,610000
29019299,8746874000,8746874000,8742634000,8743134000,20,4240000,4240000,500000
29019300,8743744000,8748804000,8743134000,8744974000,89,610000,5670000,1840000
29019301,8745484000,8753704000,8744974000,8750914000,57,510000,8730000,5940000
29019302,8750544000,8767774000,8750544000,8763974000,114,0,17230000,13430000
29019303,8761877000,8761914000,8753324000,8753324000,91,8553000,8590000,0
29019304,8752634000,8755984000,8749284000,8753974000,72,3350000,6700000,4690000
29019305,8753624000,8757404000,8748979000,8748979000,82,4645000,8425000,0
29019306,8748391000,8748994000,8744814000,8745384000,72,3577000,4180000,570000
29019307,8745984000,8745984000,8743984000,8744134000,39,2000000,2000000,150000
29019308,8744134000,8758874000,8744134000,8757644000,83,0,14740000,13510000
29019309,8757094000,8762894000,8752284000,8754974000,73,4810000,10610000,2690000
29019310,8755704000,8756184000,8750494000,8751280000,70,5210000,5690000,786000
29019311,8751282000,8753734000,8748184000,8750994000,66,3098000,5550000,2810000
29019312,8751454000,8753694000,8747504000,8747504000,61,3950000,6190000,0
29019313,8747352000,8747504000,8742154000,8742154000,57,5198000,5350000,0
29019314,8741594000,8744934000,8741594000,8744474000,64,0,3340000,2880000
29019315,8743620000,8743620000,8735234000,8737234000,76,8386000,8386000,2000000
29019316,8736384000,8738314000,8733984000,8736974000,80,2400000,4330000,2990000
29019317,8737324000,8738904000,8735194000,8738074000,40,2130000,3710000,2880000
29019318,8738974000,8738974000,8732334000,8737864000,59,6640000,6640000,5530000
29019319,8736600000,8738024000,8733294000,8733294000,63,3306000,4730000,0
29019320,8734494000,8739854000,8730074000,8730074000,83,4420000,9780000,0
29019321,8732174000,8737974000,8730074000,8737974000,88,2100000,7900000,7900000
29019322,8737974000,8743484000,8737974000,8743024000,77,0,5510000,5050000
29019323,8743664000,8748074000,8743664000,8747494000,47,0,4410000,3830000
29019324,8748064000,8748374000,8745164000,8745454000,39,2900000,3210000,290000
29019325,8746034000,8746034000,8738134000,8738974000,58,7900000,7900000,840000
29019326,8738793000,8745784000,8738324000,8743804000,65,469000,7460000,5480000
29019327,8743855000,8746144000,8743210000,8744574000,42,645000,2934000,1364000
29019328,8745324000,8747014000,8745129000,8747014000,24,195000,1885000,1885000
29019329,8747274000,8748304000,8745994000,8748304000,25,1280000,2310000,2310000
29019330,8748554000,8748554000,8738594000,8740064000,88,9960000,9960000,1470000
29019331,8739104000,8742154000,8738594000,8741404000,75,510000,3560000,2810000
29019332,8741974000,8745114000,8740854000,8742724000,69,1120000,4260000,1870000
29019333,8743454000,8748974000,8741234000,8748314000,68,2220000,7740000,7080000
29019334,8748534000,8751334000,8745284000,8746524000,41,3250000,6050000,1240000
29019335,8747094000,8748774000,8745284000,8745284000,43,1810000,3490000,0
29019336,8744464000,8747854000,8744464000,8746244000,63,0,3390000,1780000
29019337,8746244000,8749644000,8746244000,8747264000,41,0,3400000,1020000
29019338,8748474000,8752734000,8744885000,8747214000,44,3589000,7849000,2329000
29019339,8745295000,8745644000,8735864000,8735864000,54,9431000,9780000,0
29019340,8735734000,8739414000,8729934000,8732684000,55,5800000,9480000,2750000
29019341,8733984000,8738974000,8733984000,8737934000,55,0,4990000,3950000
29019342,8736324000,8742624000,8736324000,8742304000,63,0,6300000,5980000
29019343,8741374000,8744704000,8741254000,8744114000,40,120000,3450000,2860000
29019344,8744754000,8748554000,8741674000,8748344000,51,3080000,6880000,6670000
29019345,8747724000,8748344000,8738784000,8739474000,57,8940000,9560000,690000
29019346,8739064000,8739474000,8735514000,8739234000,48,3550000,3960000,3720000
29019347,8738624000,8747484000,8738624000,8745654000,42,0,8860000,7030000
29019348,8746484000,8751454000,8746264000,8746264000,65,220000,5190000,0
29019349,8746774000,8750754000,8746164000,8750264000,23,610000,4590000,4100000
29019350,8750754000,8759554000,8750754000,8759514000,43,0,8800000,8760000
29019351,8758984000,8761154000,8756244000,8758494000,53,2740000,4910000,2250000
29019352,8758084000,8758084000,8752134000,8754464000,35,5950000,5950000,2330000
29019353,8755734000,8758974000,8755734000,8758084000,28,0,3240000,2350000
29019354,8758004000,8762044000,8752124000,8752634000,71,5880000,9920000,510000
29019355,8752324000,8757634000,8751384000,8754214000,43,940000,6250000,2830000
29019356,8756314000,8758494000,8756234000,8757364000,40,80000,2260000,1130000
29019357,8757884000,8762534000,8755714000,8762534000,52,2170000,6820000,6820000
29019358,8762734000,8763474000,8759974000,8762014000,50,2760000,3500000,2040000
29019359,8760754000,8760754000,8755714000,8756964000,60,5040000,5040000,1250000
29019360,8756914000,8764574000,8754594000,8759984000,83,2320000,9980000,5390000
29019361,8759984000,8764424000,8759864000,8761444000,65,120000,4560000,1580000
29019362,8761514000,8761524000,8755894000,8760464000,67,5620000,5630000,4570000
29019363,8760464000,8766564000,8758124000,8764494000,75,2340000,8440000,6370000
29019364,8763624000,8763844000,8761054000,8761784000,49,2570000,2790000,730000
29019365,8761164000,8762974000,8757234000,8760394000,74,3930000,5740000,3160000
29019366,8759221000,8762454000,8758404000,8760124000,78,817000,4050000,1720000
29019367,8757984000,8762974000,8756984000,8760684000,86,1000000,5990000,3700000
29019368,8760684000,8767094000,8760684000,8764174000,65,0,6410000,3490000
29019369,8764474000,8764474000,8753984000,8754354000,80,10490000,10490000,370000
29019370,8753884000,8767064000,8753780000,8767064000,84,104000,13284000,13284000
29019371,8767064000,8768874000,8764524000,8768444000,75,2540000,4350000,3920000
29019372,8768454000,8768454000,8763654000,8764484000,80,4800000,4800000,830000
29019373,8763122000,8764264000,8759984000,8764264000,49,3138000,4280000,4280000
29019374,8764264000,8767774000,8763184000,8767574000,45,1080000,4590000,4390000
29019375,8767574000,8770544000,8764384000,8766974000,78,3190000,6160000,2590000
29019376,8766248000,8766248000,8759244000,8759794000,64,7004000,7004000,550000
29019377,8759004000,8766594000,8758974000,8766594000,89,30000,7620000,7620000
29019378,8766584000,8772974000,8766214000,8771664000,93,370000,6760000,5450000
29019379,8772254000,8774514000,8770144000,8772864000,50,2110000,4370000,2720000
29019380,8772974000,8778974000,8772974000,8778794000,80,0,6000000,5820000
29019381,8778974000,8778974000,8774534000,8777174000,64,4440000,4440000,2640000
29019382,8778114000,8778974000,8772984000,8772984000,62,5130000,5990000,0
29019383,8772854000,8774484000,8769784000,8770604000,67,3070000,4700000,820000
29019384,8771654000,8771654000,8762784000,8764974000,72,8870000,8870000,2190000
29019385,8763505000,8766464000,8761934000,8761934000,38,1571000,4530000,0
29019386,8763204000,8768484000,8763204000,8768484000,87,0,5280000,5280000
29019387,8770348000,8772344000,8766464000,8767464000,72,3884000,5880000,1000000
29019388,8768174000,8771904000,8767294000,8768064000,47,880000,4610000,770000
29019389,8769154000,8772274000,8769134000,8772274000,51,20000,3140000,3140000
29019390,8770944000,8772274000,8762984000,8762984000,39,7960000,9290000,0
29019391,8762042000,8768974000,8761304000,8768534000,65,738000,7670000,7230000
29019392,8768424000,8781534000,8768424000,8775062000,68,0,13110000,6638000
29019393,8775124000,8775974000,8768994000,8770524000,89,6130000,6980000,1530000
29019394,8770491000,8780324000,8769904000,8775834000,109,587000,10420000,5930000
29019395,8775074000,8781394000,8775074000,8779404000,64,0,6320000,4330000
29019396,8778984000,8778984000,8769334000,8769774000,71,9650000,9650000,440000
29019397,8769424000,8777434000,8769424000,8773384000,78,0,8010000,3960000
29019398,8772784000,8777254000,8772784000,8777254000,65,0,4470000,4470000
29019399,8777221000,8779764000,8775681000,8776334000,64,1540000,4083000,653000
29019400,8775934000,8778764000,8775690000,8776314000,48,244000,3074000,624000
29019401,8776034000,8783864000,8775239000,8783864000,71,795000,8625000,8625000
29019402,8784544000,8785124000,8778984000,8783124000,52,5560000,6140000,4140000
29019403,8783384000,8784704000,8778984000,8778984000,69,4400000,5720000,0
29019404,8776860000,8781974000,8775984000,8781974000,55,876000,5990000,5990000
29019405,8782874000,8786974000,8778984000,8781994000,96,3890000,7990000,3010000
29019406,8782134000,8782604000,8771974000,8771974000,62,10160000,10630000,0
29019407,8772574000,8778314000,8772554000,8772904000,75,20000,5760000,350000
29019408,8773714000,8775074000,8768894000,8771934000,72,4820000,6180000,3040000
29019409,8772684000,8786474000,8772684000,8778104000,88,0,13790000,5420000
29019410,8778224000,8781824000,8775114000,8780124000,84,3110000,6710000,5010000
29019411,8780124000,8780124000,8772188000,8775724000,68,7936000,7936000,3536000
29019412,8775364000,8781484000,8774294000,8779364000,62,1070000,7190000,5070000
29019413,8779105000,8781764000,8777524000,8777524000,40,1581000,4240000,0
29019414,8778714000,8780704000,8775654000,8777954000,58,3060000,5050000,2300000
29019415,8777940000,8777940000,8768214000,8770516000,73,9726000,9726000,2302000
29019416,8770124000,8770124000,8760254000,8760834000,92,9870000,9870000,580000
29019417,8761164000,8766784000,8761164000,8764974000,52,0,5620000,3810000
29019418,8764234000,8767964000,8764234000,8766094000,40,0,3730000,1860000
29019419,8765754000,8770294000,8765754000,8770284000,55,0,4540000,4530000
29019420,8770724000,8770724000,8761414000,8762164000,99,9310000,9310000,750000
29019421,8762164000,8775714000,8762164000,8768334000,87,0,13550000,6170000
29019422,8768914000,8777934000,8766260000,8777934000,67,2654000,11674000,11674000
29019423,8777514000,8778274000,8773344000,8778224000,91,4170000,4930000,4880000
29019424,8778554000,8783864000,8778554000,8781204000,66,0,5310000,2650000
29019425,8780994000,8783974000,8774664000,8776184000,97,6330000,9310000,1520000
29019426,8775544000,8789834000,8775544000,8788874000,81,0,14290000,13330000
29019427,8788974000,8805934000,8787024000,8802154000,117,1950000,18910000,15130000
29019428,8800724000,8805084000,8794274000,8803414000,115,6450000,10810000,9140000
29019429,8803894000,8818874000,8803894000,8813214000,93,0,14980000,9320000
29019430,8813014000,8821685000,8810994000,8816814000,102,2020000,10691000,5820000
29019431,8815864000,8816154000,8806344000,8807694000,101,9520000,9810000,1350000
29019432,8810534000,8817851000,8804984000,8815694000,105,5550000,12867000,10710000
29019433,8815570000,8835654000,8815570000,8825344000,158,0,20084000,9774000
29019434,8825584000,8825984000,8817484000,8819394000,72,8100000,8500000,1910000
29019435,8819104000,8830974000,8818984000,8829350000,115,120000,11990000,10366000
29019436,8829424000,8829424000,8817104000,8817104000,84,12320000,12320000,0
29019437,8818594000,8818594000,8809634000,8812974000,109,8960000,8960000,3340000
29019438,8812864000,8814424000,8809234000,8809984000,103,3630000,5190000,750000
29019439,8809654000,8813814000,8808984000,8812124000,95,670000,4830000,3140000
29019440,8812794000,8828974000,8812794000,8826994000,93,0,16180000,14200000
29019441,8827024000,8829684000,8826914000,8828074000,63,110000,2770000,1160000
29019442,8828074000,8843974000,8827065000,8843974000,105,1009000,16909000,16909000
29019443,8843884000,8848984000,8836944000,8848984000,113,6940000,12040000,12040000
29019444,8853362000,8855914000,8838984000,8844364000,95,14378000,16930000,5380000
29019445,8846294000,8854644000,8845584000,8854188000,109,710000,9060000,8604000
29019446,8854314000,8858924000,8848724000,8849164000,100,5590000,10200000,440000
29019447,8850194000,8863044000,8847498000,8852974000,117,2696000,15546000,5476000
29019448,8854414000,8854414000,8844964000,8845744000,100,9450000,9450000,780000
29019449,8846544000,8860264000,8846544000,8855524000,62,0,13720000,8980000
29019450,8855494000,8863944000,8852544000,8854964000,112,2950000,11400000,2420000
29019451,8854414000,8861474000,8853634000,8856314000,103,780000,7840000,2680000
29019452,8856794000,8866834000,8856794000,8866834000,118,0,10040000,10040000
29019453,8865518000,8875824000,8865158000,8872924000,123,360000,10666000,7766000
29019454,8872094000,8873774000,8855744000,8859444000,126,16350000,18030000,3700000
29019455,8857276000,8857276000,8848284000,8850134000,119,8992000,8992000,1850000
29019456,8848984000,8851454000,8846674000,8846674000,82,2310000,4780000,0
29019457,8847338000,8847414000,8840464000,8841714000,68,6874000,6950000,1250000
29019458,8840984000,8843994000,8832494000,8832494000,101,8490000,11500000,0
29019459,8831604000,8840754000,8831494000,8836974000,100,110000,9260000,5480000
29019460,8836537000,8839464000,8834114000,8837094000,87,2423000,5350000,2980000
29019461,8836464000,8836974000,8829834000,8829834000,57,6630000,7140000,0
29019462,8829664000,8834114000,8827874000,8831764000,66,1790000,6240000,3890000
29019463,8832824000,8832824000,8827984000,8830774000,54,4840000,4840000,2790000
29019464,8830904000,8849784000,8830904000,8849714000,101,0,18880000,18810000
29019465,8849538000,8854814000,8839994000,8841934000,112,9544000,14820000,1940000
29019466,8841934000,8842514000,8837884000,8842044000,74,4050000,4630000,4160000
29019467,8839288000,8841264000,8836014000,8838974000,66,3274000,5250000,2960000
29019468,8839144000,8842774000,8835084000,8840854000,70,4060000,7690000,5770000
29019469,8839774000,8844224000,8836704000,8837404000,59,3070000,7520000,700000
29019470,8837874000,8840834000,8830484000,8830484000,59,7390000,10350000,0
29019471,8830084000,8834264000,8828464000,8831294000,59,1620000,5800000,2830000
29019472,8833914000,8842224000,8833214000,8842224000,59,700000,9010000,9010000
29019473,8841231000,8841231000,8832046000,8833414000,73,9185000,9185000,1368000
29019474,8832974000,8834194000,8830544000,8832474000,42,2430000,3650000,1930000
29019475,8832904000,8844954000,8832904000,8843864000,42,0,12050000,10960000
29019476,8844474000,8850454000,8843784000,8847474000,76,690000,6670000,3690000
29019477,8846974000,8847274000,8841294000,8845434000,50,5680000,5980000,4140000
29019478,8845164000,8845164000,8839854000,8842674000,44,5310000,5310000,2820000
29019479,8842094000,8842874000,8840984000,8841314000,23,1110000,1890000,330000
29019480,8844664000,8848974000,8842491000,8847254000,76,2173000,6483000,4763000
29019481,8848664000,8853674000,8848304000,8853664000,76,360000,5370000,5360000
29019482,8853684000,8853874000,8851174000,8852184000,52,2510000,2700000,1010000
29019483,8852344000,8853704000,8849414000,8853624000,75,2930000,4290000,4210000
29019484,8854474000,8857774000,8853634000,8857774000,37,840000,4140000,4140000
29019485,8857974000,8861644000,8857974000,8860984000,59,0,3670000,3010000
29019486,8860974000,8865174000,8855144000,8862024000,68,5830000,10030000,6880000
29019487,8861424000,8861424000,8858984000,8859674000,60,2440000,2440000,690000
29019488,8860954000,8864624000,8860954000,8863534000,31,0,3670000,2580000
29019489,8863334000,8863684000,8851284000,8851284000,67,12050000,12400000,0
29019490,8850448000,8850448000,8838984000,8839184000,72,11464000,11464000,200000
29019491,8841164000,8841164000,8833484000,8834554000,83,7680000,7680000,1070000
29019492,8834422000,8836974000,8829984000,8832034000,77,4438000,6990000,2050000
29019493,8832264000,8837774000,8832264000,8836834000,43,0,5510000,4570000
29019494,8836834000,8840674000,8836834000,8839014000,61,0,3840000,2180000
29019495,8840774000,8847534000,8840774000,8844364000,47,0,6760000,3590000
29019496,8845724000,8854905000,8844764000,8845704000,52,960000,10141000,940000
29019497,8845204000,8850234000,8844764000,8845934000,51,440000,5470000,1170000
29019498,8845384000,8855394000,8845384000,8854434000,60,0,10010000,9050000
29019499,8854697000,8855524000,8847154000,8847304000,50,7543000,8370000,150000
29019500,8846844000,8858174000,8846844000,8857184000,54,0,11330000,10340000
29019501,8856604000,8861384000,8856604000,8860344000,69,0,4780000,3740000
29019502,8860754000,8862624000,8855444000,8855684000,59,5310000,7180000,240000
29019503,8854534000,8862514000,8852974000,8861303000,40,1560000,9540000,8329000
29019504,8861024000,8874854000,8860024000,8874304000,65,1000000,14830000,14280000
29019505,8878824000,8915274000,8878824000,8911674000,171,0,36450000,32850000
29019506,8911144000,8939024000,8911144000,8939024000,166,0,27880000,27880000
29019507,8940714000,8940974000,8919444000,8925364000,162,21270000,21530000,5920000
29019508,8924824000,8955214000,8924824000,8954464000,171,0,30390000,29640000
29019509,8954134000,8957574000,8943574000,8954474000,149,10560000,14000000,10900000
29019510,8954704000,8978974000,8948814000,8976284000,175,5890000,30160000,27470000
29019511,8978164000,8990784000,8962984000,8972484000,173,15180000,27800000,9500000
29019512,8970864000,8984104000,8963874000,8984104000,153,6990000,20230000,20230000
29019513,8986374000,8997094000,8973564000,8992864000,161,12810000,23530000,19300000
29019514,8992004000,9037674000,8992004000,9028794000,199,0,45670000,36790000
29019515,9028984000,9037074000,9023594000,9034314000,186,5390000,13480000,10720000
29019516,9034774000,9050369000,9028664000,9050369000,186,6110000,21705000,21705000
29019517,9049944000,9061154000,9030404000,9038984000,182,19540000,30750000,8580000
29019518,9038331000,9039664000,9012374000,9027974000,196,25957000,27290000,15600000
29019519,9027354000,9031484000,9011984000,9031484000,162,15370000,19500000,19500000
29019520,9032214000,9037194000,9019984000,9028774000,166,12230000,17210000,8790000
29019521,9027775000,9030814000,9014484000,9016054000,156,13291000,16330000,1570000
29019522,9015444000,9016854000,8997194000,9002384000,173,18250000,19660000,5190000
29019523,9002184000,9016404000,9002184000,9008234000,141,0,14220000,6050000
29019524,9007314000,9007314000,8987984000,8992024000,120,19330000,19330000,4040000
29019525,8992564000,8997424000,8972974000,8988484000,169,19590000,24450000,15510000
29019526,8990904000,9007974000,8990904000,9003424000,153,0,17070000,12520000
29019527,9001770000,9004494000,8987784000,8992194000,128,13986000,16710000,4410000
29019528,8991694000,8991694000,8963154000,8968974000,138,28540000,28540000,5820000
29019529,8967924000,8977974000,8967924000,8973094000,123,0,10050000,5170000
29019530,8972774000,8977614000,8965894000,8970074000,113,6880000,11720000,4180000
29019531,8970744000,8977974000,8966334000,8972504000,100,4410000,11640000,6170000
29019532,8972064000,8972064000,8955064000,8958974000,129,17000000,17000000,3910000
29019533,8958871000,8962644000,8952994000,8953344000,124,5877000,9650000,350000
29019534,8954784000,8971704000,8954784000,8965874000,101,0,16920000,11090000
29019535,8965724000,8986574000,8964704000,8985764000,113,1020000,21870000,21060000
29019536,8985934000,8985934000,8970984000,8972983000,104,14950000,14950000,1999000
29019537,8972974000,9000074000,8969514000,8998774000,111,3460000,30560000,29260000
29019538,8998264000,8998264000,8988984000,8990834000,102,9280000,9280000,1850000
29019539,8991634000,8999524000,8985144000,8987014000,80,6490000,14380000,1870000
29019540,8988914000,8989354000,8973084000,8975324000,111,15830000,16270000,2240000
29019541,8975194000,8987544000,8972404000,8985984000,83,2790000,15140000,13580000
29019542,8987164000,8987164000,8968984000,8972974000,138,18180000,18180000,3990000
29019543,8972504000,8979014000,8968114000,8974444000,106,4390000,10900000,6330000
29019544,8974964000,8977364000,8967694000,8967694000,92,7270000,9670000,0
29019545,8967684000,8976774000,8960634000,8975234000,112,7050000,16140000,14600000
29019546,8976974000,8988874000,8973984000,8985844000,115,2990000,14890000,11860000
29019547,8985360000,8992844000,8971554000,8971554000,111,13806000,21290000,0
29019548,8972754000,8976334000,8970671000,8972274000,102,2083000,5663000,1603000
29019549,8972574000,8985974000,8972574000,8985964000,140,0,13400000,13390000
29019550,8986214000,8998857000,8986034000,8997754000,112,180000,12823000,11720000
29019551,8997095000,8997684000,8992114000,8994784000,91,4981000,5570000,2670000
29019552,8994444000,8998974000,8991164000,8996764000,77,3280000,7810000,5600000
29019553,8996384000,8996384000,8988984000,8990944000,68,7400000,7400000,1960000
29019554,8991644000,8994674000,8984937000,8985124000,86,6707000,9737000,187000
29019555,8984724000,8998814000,8984724000,8998224000,100,0,14090000,13500000
29019556,8997324000,9001024000,8995990000,8999974000,108,1334000,5034000,3984000
29019557,8998544000,8998794000,8991284000,8995234000,87,7260000,7510000,3950000
29019558,8996254000,8997474000,8988984000,8989484000,73,7270000,8490000,500000
29019559,8987984000,8988374000,8975614000,8975654000,90,12370000,12760000,40000
29019560,8976484000,8987514000,8976484000,8981224000,83,0,11030000,4740000
29019561,8980292000,8980292000,8968794000,8972954000,96,11498000,11498000,4160000
29019562,8973974000,8981944000,8970174000,8972083000,101,3800000,11770000,1909000
29019563,8972244000,8972534000,8958584000,8960504000,90,13660000,13950000,1920000
29019564,8960014000,8965404000,8957984000,8964604000,82,2030000,7420000,6620000
29019565,8965874000,8972864000,8964614000,8966984000,81,1260000,8250000,2370000
29019566,8965884000,8978164000,8965099000,8976464000,102,785000,13065000,11365000
29019567,8975234000,8979884000,8966574000,8968244000,115,8660000,13310000,1670000
29019568,8968244000,8973224000,8962694000,8963084000,107,5550000,10530000,390000
29019569,8962694000,8968174000,8959778000,8965244000,107,2916000,8396000,5466000
29019570,8965164000,8973754000,8962554000,8964734000,107,2610000,11200000,2180000
29019571,8964174000,8964404000,8950784000,8955074000,89,13390000,13620000,4290000
29019572,8954404000,8971734000,8953954000,8968484000,112,450000,17780000,14530000
29019573,8968484000,8973974000,8957054000,8957054000,97,11430000,16920000,0
29019574,8957614000,8957614000,8951984000,8952994000,87,5630000,5630000,1010000
29019575,8953494000,8965474000,8953005000,8965474000,82,489000,12469000,12469000
29019576,8964574000,8964574000,8951624000,8957224000,101,12950000,12950000,5600000
29019577,8957544000,8961674000,8954474000,8954654000,66,3070000,7200000,180000
29019578,8954484000,8962734000,8954484000,8959424000,89,0,8250000,4940000
29019579,8958464000,8960384000,8955284000,8960384000,70,3180000,5100000,5100000
29019580,8962684000,8972984000,8962684000,8972984000,61,0,10300000,10300000
29019581,8972484000,8981084000,8971874000,8976474000,117,610000,9210000,4600000
29019582,8976674000,8977964000,8974180000,8977214000,57,2494000,3784000,3034000
29019583,8978634000,8980974000,8976694000,8980394000,78,1940000,4280000,3700000
29019584,8980974000,8983154000,8976664000,8979234000,69,4310000,6490000,2570000
29019585,8979209000,8990214000,8978423000,8985091000,88,786000,11791000,6668000
29019586,8984855000,8994984000,8984444000,8993004000,74,411000,10540000,8560000
29019587,8992664000,9002474000,8991844000,8996984000,99,820000,10630000,5140000
29019588,8994884000,8999544000,8985594000,8986204000,81,9290000,13950000,610000
29019589,8985744000,8998974000,8984534000,8998424000,77,1210000,14440000,13890000
29019590,9000444000,9007724000,8999484000,9004664000,91,960000,8240000,5180000
29019591,9002528000,9002528000,8989644000,8990784000,103,12884000,12884000,1140000
29019592,8989924000,8997074000,8988314000,8988984000,93,1610000,8760000,670000
29019593,8988634000,8988634000,8964984000,8965944000,138,23650000,23650000,960000
29019594,8966114000,8970224000,8955824000,8967724000,139,10290000,14400000,11900000
29019595,8967074000,8984304000,8965334000,8984304000,109,1740000,18970000,18970000
29019596,8983614000,8986194000,8980534000,8982144000,76,3080000,5660000,1610000
29019597,8983974000,8985914000,8973484000,8976784000,83,10490000,12430000,3300000
29019598,8975694000,8978974000,8966824000,8971054000,100,8870000,12150000,4230000
29019599,8971454000,8981414000,8970094000,8976734000,66,1360000,11320000,6640000
29019600,8977324000,8990474000,8976724000,8990474000,102,600000,13750000,13750000
29019601,8989505000,8993114000,8986044000,8993114000,101,3461000,7070000,7070000
29019602,8993734000,8995974000,8991594000,8994984000,102,2140000,4380000,3390000
29019603,8994044000,8996224000,8993234000,8995654000,67,810000,2990000,2420000
29019604,8995224000,8995764000,8986094000,8991484000,105,9130000,9670000,5390000
29019605,8992094000,8994974000,8987781000,8987844000,111,4313000,7193000,63000
29019606,8987844000,9007364000,8987844000,9007364000,104,0,19520000,19520000
29019607,9007404000,9029674000,9005374000,9025994000,131,2030000,24300000,20620000
29019608,9026384000,9026384000,9010164000,9024174000,115,16220000,16220000,14010000
29019609,9026934000,9032334000,9023284000,9029974000,125,3650000,9050000,6690000
29019610,9028664000,9039924000,9026984000,9037234000,128,1680000,12940000,10250000
29019611,9037624000,9047264000,9035107000,9043264000,116,2517000,12157000,8157000
29019612,9042164000,9047874000,9025764000,9025764000,115,16400000,22110000,0
29019613,9025624000,9038974000,9023984000,9033274000,78,1640000,14990000,9290000
29019614,9033424000,9033424000,9020967000,9020967000,92,12457000,12457000,0
29019615,9019775000,9033404000,9017784000,9022004000,121,1991000,15620000,4220000
29019616,9019834000,9023974000,9009644000,9014904000,117,10190000,14330000,5260000
29019617,9014484000,9030174000,9013324000,9025454000,134,1160000,16850000,12130000
29019618,9025454000,9034864000,9024024000,9034284000,89,1430000,10840000,10260000
29019619,9034206000,9058974000,9028634000,9054584000,133,5572000,30340000,25950000
29019620,9055224000,9069994000,9043084000,9047414000,169,12140000,26910000,4330000
29019621,9046554000,9046554000,9023994000,9025584000,166,22560000,22560000,1590000
29019622,9024264000,9033974000,9020244000,9020244000,142,4020000,13730000,0
29019623,9019444000,9020604000,9011604000,9012474000,127,7840000,9000000,870000
29019624,9013314000,9026034000,9006254000,9021474000,116,7060000,19780000,15220000
29019625,9022604000,9028044000,9010984000,9016274000,134,11620000,17060000,5290000
29019626,9017554000,9030034000,9016904000,9026704000,128,650000,13130000,9800000
29019627,9026094000,9033774000,9025034000,9025564000,113,1060000,8740000,530000
29019628,9026324000,9033134000,9025834000,9032374000,102,490000,7300000,6540000
29019629,9031804000,9032804000,9023984000,9032804000,94,7820000,8820000,8820000
29019630,9033604000,9047574000,9033604000,9046844000,124,0,13970000,13240000
29019631,9049864000,9053414000,9039984000,9053414000,120,9880000,13430000,13430000
29019632,9052524000,9080094000,9049794000,9077924000,134,2730000,30300000,28130000
29019633,9076814000,9077164000,9056284000,9061224000,161,20530000,20880000,4940000
29019634,9059124000,9070474000,9048984000,9049104000,155,10140000,21490000,120000
29019635,9050674000,9055543000,9045484000,9048974000,137,5190000,10059000,3490000
29019636,9050014000,9053974000,9047784000,9053824000,114,2230000,6190000,6040000
29019637,9052214000,9052214000,9037204000,9039854000,120,15010000,15010000,2650000
29019638,9041204000,9053314000,9037454000,9051974000,112,3750000,15860000,14520000
29019639,9051744000,9072634000,9044194000,9072634000,104,7550000,28440000,28440000
29019640,9072734000,9076224000,9070284000,9073524000,108,2450000,5940000,3240000
29019641,9074164000,9087184000,9060494000,9061004000,139,13670000,26690000,510000
29019642,9060484000,9065524000,9052526000,9056544000,148,7958000,12998000,4018000
29019643,9057724000,9084754000,9056254000,9067524000,164,1470000,28500000,11270000
29019644,9066984000,9073034000,9053504000,9056404000,134,13480000,19530000,2900000
29019645,9056424000,9060754000,9045808000,9047724000,122,10616000,14946000,1916000
29019646,9048934000,9048934000,9035894000,9039924000,146,13040000,13040000,4030000
29019647,9040131000,9041834000,9026184000,9031204000,134,13947000,15650000,5020000
29019648,9029744000,9031704000,9016178000,9023994000,131,13566000,15526000,7816000
29019649,9025394000,9035694000,9025394000,9031064000,111,0,10300000,5670000
29019650,9031744000,9039734000,9028584000,9033984000,118,3160000,11150000,5400000
29019651,9033034000,9036424000,9021984000,9024984000,103,11050000,14440000,3000000
29019652,9025084000,9032514000,9023894000,9029284000,110,1190000,8620000,5390000
29019653,9028234000,9030584000,9021184000,9029884000,76,7050000,9400000,8700000
29019654,9031594000,9046224000,9031594000,9042674000,88,0,14630000,11080000
29019655,9042854000,9045974000,9037854000,9037854000,95,5000000,8120000,0
29019656,9038394000,9045474000,9037854000,9041154000,121,540000,7620000,3300000
29019657,9041973000,9041973000,9032554000,9035424000,121,9419000,9419000,2870000
29019658,9034704000,9035894000,9026684000,9029374000,129,8020000,9210000,2690000
29019659,9027614000,9033984000,9027364000,9031854000,85,250000,6620000,4490000
29019660,9031004000,9042584000,9031004000,9040334000,96,0,11580000,9330000
29019661,9038084000,9044734000,9034234000,9035284000,114,3850000,10500000,1050000
29019662,9035644000,9055154000,9034384000,9049144000,122,1260000,20770000,14760000
29019663,9049144000,9055334000,9020314000,9022634000,199,28830000,35020000,2320000
29019664,9021474000,9036174000,9016984000,9032354000,169,4490000,19190000,15370000
29019665,9029241000,9034834000,9021924000,9025784000,162,7317000,12910000,3860000
29019666,9023206000,9024854000,9015984000,9015984000,114,7222000,8870000,0
29019667,9015654000,9018984000,9004204000,9008964000,131,11450000,14780000,4760000
29019668,9008114000,9011134000,8985242000,8985242000,134,22872000,25892000,0
29019669,8984564000,9001134000,8981194000,8991244000,179,3370000,19940000,10050000
29019670,8990334000,9005594000,8989374000,9004824000,86,960000,16220000,15450000
29019671,9002554000,9018654000,8998984000,9017304000,114,3570000,19670000,18320000
29019672,9016064000,9016064000,9004644000,9008244000,106,11420000,11420000,3600000
29019673,9007684000,9007684000,8990984000,8991134000,109,16700000,16700000,150000
29019674,8991924000,8992714000,8968126000,8969604000,124,23798000,24588000,1478000
29019675,8967754000,8974187000,8964018000,8971484000,177,3736000,10169000,7466000
29019676,8970584000,8985964000,8970584000,8976974000,143,0,15380000,6390000
29019677,8977454000,8990614000,8974214000,8989304000,160,3240000,16400000,15090000
29019678,8990484000,8990484000,8974594000,8981624000,129,15890000,15890000,7030000
29019679,8980954000,8983244000,8957784000,8957894000,117,23170000,25460000,110000
29019680,8957836000,8977084000,8957836000,8975194000,126,0,19248000,17358000
29019681,8974474000,8980974000,8967924000,8976639000,139,6550000,13050000,8715000
29019682,8976954000,8988354000,8976954000,8980234000,129,0,11400000,3280000
29019683,8978724000,8983964000,8963804000,8964554000,122,14920000,20160000,750000
29019684,8963774000,8974574000,8959684000,8959897000,119,4090000,14890000,213000
29019685,8959748000,8965634000,8934484000,8943184000,163,25264000,31150000,8700000
29019686,8945744000,8965634000,8944454000,8964694000,137,1290000,21180000,20240000
29019687,8964974000,8974834000,8961374000,8969984000,131,3600000,13460000,8610000
29019688,8968294000,8970974000,8961284000,8964684000,134,7010000,9690000,3400000
29019689,8965874000,8973594000,8964384000,8973594000,95,1490000,9210000,9210000
29019690,8973774000,8997094000,8972564000,8992924000,124,1210000,24530000,20360000
29019691,8991274000,8991274000,8980090000,8982854000,130,11184000,11184000,2764000
29019692,8987954000,8988974000,8975548000,8987914000,123,12406000,13426000,12366000
29019693,8987914000,8988974000,8984534000,8988944000,84,3380000,4440000,4410000
29019694,8987584000,8993974000,8978984000,8990074000,115,8600000,14990000,11090000
29019695,8988906000,8988906000,8968404000,8972244000,109,20502000,20502000,3840000
29019696,8971514000,8979984000,8962764000,8978844000,122,8750000,17220000,16080000
29019697,8980344000,8982474000,8973595000,8973644000,115,6749000,8879000,49000
29019698,8971300000,8972764000,8960324000,8962514000,125,10976000,12440000,2190000
29019699,8962308000,8968194000,8956684000,8957844000,136,5624000,11510000,1160000
29019700,8957314000,8960974000,8954484000,8960134000,130,2830000,6490000,5650000
29019701,8959424000,8961974000,8938984000,8938984000,148,20440000,22990000,0
29019702,8939374000,8945974000,8932491000,8941124000,139,6883000,13483000,8633000
29019703,8941374000,8943494000,8922474000,8922474000,131,18900000,21020000,0
29019704,8923555000,8926064000,8907034000,8908544000,149,16521000,19030000,1510000
29019705,8907744000,8935104000,8907744000,8935104000,154,0,27360000,27360000
29019706,8935764000,8950974000,8935764000,8948974000,153,0,15210000,13210000
29019707,8950044000,8960774000,8938984000,8947034000,160,11060000,21790000,8050000
29019708,8947030000,8953164000,8938204000,8945010000,141,8826000,14960000,6806000
29019709,8943856000,8949274000,8932284000,8946424000,142,11572000,16990000,14140000
29019710,8946395000,8955444000,8940194000,8952744000,154,6201000,15250000,12550000
29019711,8951254000,8970788000,8946534000,8966024000,95,4720000,24254000,19490000
29019712,8965184000,8967574000,8955624000,8966584000,120,9560000,11950000,10960000
29019713,8965224000,8967934000,8948834000,8951254000,111,16390000,19100000,2420000
29019714,8950374000,8950894000,8941554000,8946354000,102,8820000,9340000,4800000
29019715,8947044000,8952844000,8945674000,8948354000,98,1370000,7170000,2680000
29019716,8948944000,8951704000,8947004000,8950534000,56,1940000,4700000,3530000
29019717,8950694000,8951474000,8940984000,8945694000,75,9710000,10490000,4710000
29019718,8947414000,8947452000,8937464000,8938224000,88,9950000,9988000,760000
29019719,8937614000,8944564000,8937464000,8941234000,91,150000,7100000,3770000
29019720,8939514000,8945674000,8937064000,8945674000,98,2450000,8610000,8610000
29019721,8945794000,8954444000,8944344000,8949374000,120,1450000,10100000,5030000
29019722,8951144000,8954474000,8945977000,8948874000,125,5167000,8497000,2897000
29019723,8951874000,8953984000,8938544000,8940764000,102,13330000,15440000,2220000
29019724,8940649000,8941474000,8932984000,8934154000,100,7665000,8490000,1170000
29019725,8934774000,8951104000,8930234000,8946644000,130,4540000,20870000,16410000
29019726,8945986000,8950134000,8936704000,8944614000,140,9282000,13430000,7910000
29019727,8943474000,8949604000,8939864000,8948514000,115,3610000,9740000,8650000
29019728,8947854000,8968374000,8947854000,8968374000,79,0,20520000,20520000
29019729,8967694000,8967694000,8952864000,8954314000,104,14830000,14830000,1450000
29019730,8953861000,8960414000,8951384000,8956644000,98,2477000,9030000,5260000
29019731,8955424000,8968384000,8955364000,8964324000,68,60000,13020000,8960000
29019732,8963234000,8968534000,8955364000,8968264000,110,7870000,13170000,12900000
29019733,8967854000,8973974000,8962374000,8966964000,98,5480000,11600000,4590000
29019734,8966324000,8973674000,8966324000,8970654000,89,0,7350000,4330000
29019735,8972374000,8978604000,8961974000,8970744000,120,10400000,16630000,8770000
29019736,8969394000,8969394000,8953744000,8953744000,88,15650000,15650000,0
29019737,8952584000,8962394000,8946984000,8952674000,134,5600000,15410000,5690000
29019738,8953464000,8963684000,8952734000,8960384000,130,730000,10950000,7650000
29019739,8961644000,8971994000,8958984000,8958984000,114,2660000,13010000,0
29019740,8957764000,8957764000,8939754000,8940584000,121,18010000,18010000,830000
29019741,8942854000,8947684000,8926374000,8926484000,126,16480000,21310000,110000
29019742,8927364000,8940364000,8925624000,8935584000,124,1740000,14740000,9960000
29019743,8935484000,8943454000,8933094000,8937364000,121,2390000,10360000,4270000
29019744,8936924000,8944974000,8932894000,8934594000,112,4030000,12080000,1700000
29019745,8939074000,8947744000,8939074000,8945544000,113,0,8670000,6470000
29019746,8944984000,8954914000,8944534000,8954024000,122,450000,10380000,9490000
29019747,8954171000,8968224000,8954171000,8965094000,129,0,14053000,10923000
29019748,8965094000,8965094000,8954584000,8958974000,122,10510000,10510000,4390000
29019749,8958274000,8968164000,8955474000,8967734000,98,2800000,12690000,12260000
29019750,8966464000,8971074000,8947290000,8971074000,172,19174000,23784000,23784000
29019751,8971074000,8974159000,8947514000,8948427000,193,23560000,26645000,913000
29019752,8948454000,8951624000,8929903000,8930974000,191,18551000,21721000,1071000
29019753,8931474000,8934024000,8918094000,8928434000,198,13380000,15930000,10340000
29019754,8928764000,8931364000,8911164000,8930734000,195,17600000,20200000,19570000
29019755,8931184000,8946900000,8918984000,8926474000,202,12200000,27916000,7490000
29019756,8926874000,8932974000,8877784000,8877784000,196,49090000,55190000,0
29019757,8878314000,8881674000,8847714000,8847714000,220,30600000,33960000,0
29019758,8848974000,8865214000,8833974000,8844774000,224,15000000,31240000,10800000
29019759,8845084000,8868104000,8842882000,8866544000,226,2202000,25222000,23662000
29019760,8867844000,8895244000,8867844000,8892774000,222,0,27400000,24930000
29019761,8893574000,8940044000,8893574000,8932794000,211,0,46470000,39220000
29019762,8932794000,8970884000,8931194000,8961464000,215,1600000,39690000,30270000
29019763,8964664000,8976353000,8946424000,8961244000,209,18240000,29929000,14820000
29019764,8961224000,8961274000,8929394000,8930744000,176,31830000,31880000,1350000
29019765,8929844000,8935784000,8911284000,8926264000,206,18560000,24500000,14980000
29019766,8926304000,8935474000,8904794000,8904794000,215,21510000,30680000,0
29019767,8904974000,8905685000,8877634000,8890294000,210,27340000,28051000,12660000
29019768,8890474000,8912174000,8884034000,8898854000,204,6440000,28140000,14820000
29019769,8899625000,8907834000,8885214000,8885214000,201,14411000,22620000,0
29019770,8884894000,8893074000,8871264000,8876716000,212,13630000,21810000,5452000
29019771,8875974000,8906544000,8875974000,8901974000,220,0,30570000,26000000
29019772,8898994000,8929974000,8896169000,8926234000,212,2825000,33805000,30065000
29019773,8926207000,8931784000,8896387000,8905724000,201,29820000,35397000,9337000
29019774,8904664000,8909304000,8876034000,8880984000,196,28630000,33270000,4950000
29019775,8879985000,8896474000,8870074000,8874484000,204,9911000,26400000,4410000
29019776,8876724000,8876724000,8840204000,8844374000,208,36520000,36520000,4170000
29019777,8839724000,8845144000,8809374000,8818174000,200,30350000,35770000,8800000
29019778,8818044000,8841994000,8818044000,8832914000,190,0,23950000,14870000
29019779,8830104000,8850024000,8828984000,8844424000,172,1120000,21040000,15440000
29019780,8846704000,8948974000,8846704000,8920924000,228,0,102270000,74220000
29019781,8921444000,8930664000,8891718000,8898224000,223,29726000,38946000,6506000
29019782,8898934000,8910354000,8875003000,8889774000,221,23931000,35351000,14771000
29019783,8888064000,8902254000,8874934000,8902254000,224,13130000,27320000,27320000
29019784,8901524000,8907774000,8877784000,8888234000,211,23740000,29990000,10450000
29019785,8888424000,8906654000,8884284000,8884284000,198,4140000,22370000,0
29019786,8885534000,8899724000,8880284000,8888974000,208,5250000,19440000,8690000
29019787,8886224000,8914924000,8886224000,8902554000,188,0,28700000,16330000
29019788,8900734000,8912764000,8898984000,8909054000,175,1750000,13780000,10070000
29019789,8908013000,8913974000,8896514000,8902184000,186,11499000,17460000,5670000
29019790,8900444000,8909674000,8886984000,8888562000,192,13460000,22690000,1578000
29019791,8888114000,8900954000,8865674000,8866748000,188,22440000,35280000,1074000
29019792,8866144000,8887544000,8856464000,8884964000,196,9680000,31080000,28500000
29019793,8883434000,8885694000,8861484000,8863724000,202,21950000,24210000,2240000
29019794,8863984000,8864324000,8846762000,8861014000,188,17222000,17562000,14252000
29019795,8859214000,8869419000,8849084000,8849084000,202,10130000,20335000,0
29019796,8848129000,8857604000,8847784000,8851564000,208,345000,9820000,3780000
29019797,8851654000,8851654000,8824894000,8839944000,198,26760000,26760000,15050000
29019798,8839684000,8852134000,8824024000,8832974000,190,15660000,28110000,8950000
29019799,8830221000,8833194000,8821154000,8830415000,178,9067000,12040000,9261000
29019800,8830624000,8849994000,8821304000,8828594000,203,9320000,28690000,7290000
29019801,8828564000,8835594000,8809774000,8814654000,186,18790000,25820000,4880000
29019802,8813726000,8833834000,8811046000,8833834000,189,2680000,22788000,22788000
29019803,8834154000,8850904000,8834154000,8849434000,187,0,16750000,15280000
29019804,8848364000,8850344000,8827369000,8831524000,171,20995000,22975000,4155000
29019805,8829841000,8832114000,8823384000,8829954000,193,6457000,8730000,6570000
29019806,8828043000,8848304000,8827448000,8833174000,178,595000,20856000,5726000
29019807,8832666000,8836864000,8813984000,8813984000,177,18682000,22880000,0
29019808,8813736000,8813736000,8787984000,8794984000,197,25752000,25752000,7000000
29019809,8795074000,8805184000,8794504000,8804304000,190,570000,10680000,9800000
29019810,8806254000,8812294000,8797474000,8809104000,197,8780000,14820000,11630000
29019811,8809364000,8831774000,8809144000,8826164000,184,220000,22630000,17020000
29019812,8826164000,8841904000,8825044000,8829884000,174,1120000,16860000,4840000
29019813,8828984000,8852049000,8823208000,8835114000,188,5776000,28841000,11906000
29019814,8833565000,8845694000,8826884000,8843584000,182,6681000,18810000,16700000
29019815,8843644000,8863074000,8842404000,8863074000,170,1240000,20670000,20670000
29019816,8862984000,8864504000,8850574000,8861904000,173,12410000,13930000,11330000
29019817,8862204000,8868154000,8858204000,8863884000,134,4000000,9950000,5680000
29019818,8863705000,8872504000,8859844000,8865164000,162,3861000,12660000,5320000
29019819,8865164000,8876294000,8863734000,8863734000,151,1430000,12560000,0
29019820,8866434000,8866434000,8846234000,8850154000,160,20200000,20200000,3920000
29019821,8848984000,8855104000,8839854000,8852084000,148,9130000,15250000,12230000
29019822,8851638000,8854451000,8833314000,8836254000,170,18324000,21137000,2940000
29019823,8835674000,8848974000,8832395000,8845254000,152,3279000,16579000,12859000
29019824,8845672000,8857384000,8842984000,8854444000,140,2688000,14400000,11460000
29019825,8853274000,8868974000,8852004000,8852004000,170,1270000,16970000,0
29019826,8851914000,8865684000,8846373000,8856794000,180,5541000,19311000,10421000
29019827,8856814000,8863974000,8846052000,8847724000,174,10762000,17922000,1672000
29019828,8847387000,8850474000,8839684000,8840784000,160,7703000,10790000,1100000
29019829,8839578000,8839794000,8824354000,8835584000,161,15224000,15440000,11230000
29019830,8834214000,8837464000,8822154000,8826304000,170,12060000,15310000,4150000
29019831,8827624000,8834084000,8812554000,8830434000,173,15070000,21530000,17880000
29019832,8829474000,8848594000,8826654000,8845554000,157,2820000,21940000,18900000
29019833,8847454000,8859174000,8846424000,8850984000,143,1030000,12750000,4560000
29019834,8850564000,8861614000,8849354000,8857950000,143,1210000,12260000,8596000
29019835,8857814000,8863374000,8849734000,8857774000,143,8080000,13640000,8040000
29019836,8856464000,8860604000,8844674000,8847244000,164,11790000,15930000,2570000
29019837,8847774000,8852264000,8841284000,8848904000,160,6490000,10980000,7620000
29019838,8849844000,8855574000,8836144000,8838704000,135,13700000,19430000,2560000
29019839,8838702000,8838702000,8827574000,8830234000,124,11128000,11128000,2660000
29019840,8829394000,8831244000,8818984000,8825424000,121,10410000,12260000,6440000
29019841,8824804000,8824804000,8815584000,8817704000,137,9220000,9220000,2120000
29019842,8817705000,8822924000,8813184000,8820845000,148,4521000,9740000,7661000
29019843,8820524000,8833144000,8816474000,8831444000,151,4050000,16670000,14970000
29019844,8830474000,8832024000,8817146000,8831624000,149,13328000,14878000,14478000
29019845,8832024000,8838974000,8820309000,8822254000,164,11715000,18665000,1945000
29019846,8822164000,8826634000,8816354000,8819774000,164,5810000,10280000,3420000
29019847,8819232000,8828974000,8813354000,8824634000,145,5878000,15620000,11280000
29019848,8823914000,8823914000,8805194000,8805194000,146,18720000,18720000,0
29019849,8804885000,8809864000,8800424000,8802354000,139,4461000,9440000,1930000
29019850,8803514000,8807454000,8787874000,8788764000,140,15640000,19580000,890000
29019851,8788364000,8788744000,8768184000,8772094000,154,20180000,20560000,3910000
29019852,8771154000,8771154000,8758634000,8764394000,177,12520000,12520000,5760000
29019853,8762274000,8787734000,8761041000,8787404000,167,1233000,26693000,26363000
29019854,8787404000,8795514000,8783747000,8788984000,184,3657000,11767000,5237000
29019855,8788304000,8798284000,8786624000,8794804000,180,1680000,11660000,8180000
29019856,8793234000,8795984000,8778614000,8782264000,171,14620000,17370000,3650000
29019857,8783454000,8783454000,8766674000,8775734000,172,16780000,16780000,9060000
29019858,8773634000,8794854000,8773634000,8793984000,181,0,21220000,20350000
29019859,8793984000,8803574000,8783454000,8795704000,131,10530000,20120000,12250000
29019860,8793994000,8803974000,8783324000,8803974000,188,10670000,20650000,20650000
29019861,8804634000,8821914000,8800745000,8818004000,171,3889000,21169000,17259000
29019862,8817944000,8818644000,8810984000,8810984000,138,6960000,7660000,0
29019863,8810904000,8815704000,8799584000,8804184000,123,11320000,16120000,4600000
29019864,8803151000,8803854000,8789596000,8800195000,165,13555000,14258000,10599000
29019865,8803500000,8811444000,8782636000,8783194000,153,20864000,28808000,558000
29019866,8783194000,8785544000,8763084000,8763814000,157,20110000,22460000,730000
29019867,8762934000,8771534000,8755584000,8756294000,172,7350000,15950000,710000
29019868,8756125000,8774974000,8754784000,8773484000,155,1341000,20190000,18700000
29019869,8774374000,8791014000,8774214000,8788368000,153,160000,16800000,14154000
29019870,8788324000,8788974000,8776744000,8788154000,153,11580000,12230000,11410000
29019871,8787574000,8788154000,8774014000,8775484000,176,13560000,14140000,1470000
29019872,8775484000,8787774000,8769834000,8786684000,157,5650000,17940000,16850000
29019873,8785464000,8796694000,8771274000,8784784000,166,14190000,25420000,13510000
29019874,8784374000,8785094000,8762210000,8763914000,158,22164000,22884000,1704000
29019875,8763914000,8784717000,8759194000,8781854000,172,4720000,25523000,22660000
29019876,8784274000,8799314000,8782394000,8798324000,165,1880000,16920000,15930000
29019877,8797894000,8817054000,8797314000,8815672000,164,580000,19740000,18358000
29019878,8815644000,8822374000,8806064000,8822374000,129,9580000,16310000,16310000
29019879,8821924000,8827334000,8813984000,8814314000,140,7940000,13350000,330000
29019880,8815604000,8815604000,8800224000,8809664000,150,15380000,15380000,9440000
29019881,8808984000,8809274000,8796974000,8799484000,124,12010000,12300000,2510000
29019882,8799484000,8810534000,8798514000,8805064000,138,970000,12020000,6550000
29019883,8804474000,8804474000,8794464000,8798904000,125,10010000,10010000,4440000
29019884,8799354000,8805974000,8798417000,8805374000,136,937000,7557000,6957000
29019885,8806784000,8814594000,8806784000,8810412000,139,0,7810000,3628000
29019886,8810018000,8810384000,8792044000,8803404000,147,17974000,18340000,11360000
29019887,8803974000,8821344000,8803974000,8821344000,145,0,17370000,17370000
29019888,8822204000,8824474000,8812404000,8815534000,131,9800000,12070000,3130000
29019889,8816184000,8828204000,8814784000,8823014000,133,1400000,13420000,8230000
29019890,8820958000,8820958000,8805394000,8805394000,133,15564000,15564000,0
29019891,8805484000,8823974000,8802604000,8823864000,150,2880000,21370000,21260000
29019892,8821404000,8840274000,8813984000,8838884000,156,7420000,26290000,24900000
29019893,8838974000,8848914000,8833984000,8841224000,138,4990000,14930000,7240000
29019894,8838984000,8846904000,8834474000,8839444000,149,4510000,12430000,4970000
29019895,8842344000,8857044000,8841541000,8852984000,170,803000,15503000,11443000
29019896,8852914000,8861874000,8845984000,8861874000,140,6930000,15890000,15890000
29019897,8863374000,8887004000,8851106000,8887004000,169,12268000,35898000,35898000
29019898,8889464000,8920274000,8889464000,8898124000,226,0,30810000,8660000
29019899,8897817000,8906074000,8882564000,8888174000,197,15253000,23510000,5610000
29019900,8887654000,8921049000,8885554000,8909644000,195,2100000,35495000,24090000
29019901,8910244000,8917984000,8900304000,8913934000,184,9940000,17680000,13630000
29019902,8913144000,8913144000,8890914000,8898710000,192,22230000,22230000,7796000
29019903,8898479000,8904069000,8880774000,8893304000,169,17705000,23295000,12530000
29019904,8890947000,8898414000,8874424000,8881444000,170,16523000,23990000,7020000
29019905,8881614000,8895158000,8872974000,8882504000,179,8640000,22184000,9530000
29019906,8882471000,8893094000,8876974000,8884424000,192,5497000,16120000,7450000
29019907,8885984000,8900254000,8880204000,8888864000,166,5780000,20050000,8660000
29019908,8890204000,8901484000,8886341000,8901214000,159,3863000,15143000,14873000
29019909,8902874000,8911014000,8898984000,8909212000,151,3890000,12030000,10228000
29019910,8908694000,8914934000,8895114000,8899994000,190,13580000,19820000,4880000
29019911,8897854000,8910974000,8897854000,8904074000,148,0,13120000,6220000
29019912,8904314000,8913874000,8900844000,8906094000,140,3470000,13030000,5250000
29019913,8906384000,8928964000,8903604000,8926844000,152,2780000,25360000,23240000
29019914,8925414000,8925414000,8907405000,8907405000,139,18009000,18009000,0
29019915,8906984000,8915974000,8903984000,8914694000,171,3000000,11990000,10710000
29019916,8915694000,8923004000,8911564000,8920984000,154,4130000,11440000,9420000
29019917,8920734000,8929384000,8914794000,8926734000,142,5940000,14590000,11940000
29019918,8926474000,8947214000,8923994000,8945984000,159,2480000,23220000,21990000
29019919,8946974000,8946974000,8929984000,8929984000,156,16990000,16990000,0
29019920,8930334000,8943694000,8917624000,8941964000,162,12710000,26070000,24340000
29019921,8943704000,8951894000,8935774000,8939724000,169,7930000,16120000,3950000
29019922,8943964000,8949924000,8931124000,8945924000,168,12840000,18800000,14800000
29019923,8945827000,8966584000,8944309000,8966584000,160,1518000,22275000,22275000
29019924,8966654000,8966654000,8954594000,8966124000,161,12060000,12060000,11530000
29019925,8965654000,8982974000,8962334000,8977984000,168,3320000,20640000,15650000
29019926,8979884000,8988724000,8970744000,8985574000,167,9140000,17980000,14830000
29019927,8984954000,8984954000,8968224000,8969934000,147,16730000,16730000,1710000
29019928,8970344000,8988554000,8970344000,8986214000,146,0,18210000,15870000
29019929,8985254000,9003954000,8981694000,8998934000,157,3560000,22260000,17240000
29019930,9001034000,9012364000,8994984000,8999834000,153,6050000,17380000,4850000
29019931,8998084000,9006394000,8993734000,9004394000,138,4350000,12660000,10660000
29019932,9004964000,9027684000,9003144000,9017884000,161,1820000,24540000,14740000
29019933,9017924000,9042194000,9017884000,9042194000,174,40000,24310000,24310000
29019934,9042474000,9042474000,9020984000,9036834000,163,21490000,21490000,15850000
29019935,9034597000,9034597000,9014264000,9016974000,166,20333000,20333000,2710000
29019936,9015824000,9015824000,8982984000,8984994000,171,32840000,32840000,2010000
29019937,8984504000,9000584000,8983994000,8987804000,157,510000,16590000,3810000
29019938,8988834000,8990894000,8973384000,8973384000,140,15450000,17510000,0
29019939,8972734000,8986834000,8970994000,8982984000,143,1740000,15840000,11990000
29019940,8982084000,8986694000,8971494000,8983154000,136,10590000,15200000,11660000
29019941,8981945000,8985914000,8975844000,8980304000,138,6101000,10070000,4460000
29019942,8981084000,8987774000,8974164000,8984984000,126,6920000,13610000,10820000
29019943,8984711000,8992204000,8970264000,8970264000,120,14447000,21940000,0
29019944,8969827000,8972144000,8951904000,8968974000,162,17923000,20240000,17070000
29019945,8969854000,8971274000,8949384000,8957929000,154,20470000,21890000,8545000
29019946,8957884000,8958264000,8937964000,8944974000,173,19920000,20300000,7010000
29019947,8945134000,8949614000,8926164000,8945824000,179,18970000,23450000,19660000
29019948,8945834000,8963854000,8942224000,8955664000,154,3610000,21630000,13440000
29019949,8956024000,8967524000,8956024000,8965114000,143,0,11500000,9090000
29019950,8965224000,8980914000,8965224000,8974304000,138,0,15690000,9080000
29019951,8977324000,8987044000,8977324000,8984074000,97,0,9720000,6750000
29019952,8984524000,8987034000,8972224000,8975564000,165,12300000,14810000,3340000
29019953,8977114000,8998554000,8977114000,8997834000,138,0,21440000,20720000
29019954,8997488000,8998444000,8980994000,8987224000,157,16494000,17450000,6230000
29019955,8986969000,8994486000,8978984000,8980984000,166,7985000,15502000,2000000
29019956,8980524000,8980524000,8959624000,8959624000,146,20900000,20900000,0
29019957,8958544000,8961624000,8949564000,8954974000,144,8980000,12060000,5410000
29019958,8956224000,8965634000,8953444000,8964564000,126,2780000,12190000,11120000
29019959,8965544000,8972564000,8960234000,8964004000,141,5310000,12330000,3770000
29019960,8961244000,8968014000,8947854000,8947854000,175,13390000,20160000,0
29019961,8948654000,8954474000,8937476000,8943774000,190,11178000,16998000,6298000
29019962,8944174000,8948714000,8935534000,8943574000,176,8640000,13180000,8040000
29019963,8944194000,8958974000,8939794000,8955353000,142,4400000,19180000,15559000
29019964,8955264000,8966574000,8955234000,8963064000,155,30000,11340000,7830000
29019965,8959954000,8978134000,8958992000,8971444000,160,962000,19142000,12452000
29019966,8968291000,8989014000,8964054000,8985084000,161,4237000,24960000,21030000
29019967,8984404000,8986674000,8919724000,8928344000,208,64680000,66950000,8620000
29019968,8924273000,8925604000,8881984000,8894654000,225,42289000,43620000,12670000
29019969,8889714000,8910084000,8887784000,8899534000,206,1930000,22300000,11750000
29019970,8899644000,8917074000,8899534000,8916024000,196,110000,17540000,16490000
29019971,8914624000,8938674000,8914084000,8937154000,176,540000,24590000,23070000
29019972,8936914000,8940824000,8921934000,8939484000,189,14980000,18890000,17550000
29019973,8938586000,8942974000,8927754000,8935704000,154,10832000,15220000,7950000
29019974,8936864000,8936864000,8920074000,8920074000,145,16790000,16790000,0
29019975,8920254000,8934374000,8910794000,8933494000,185,9460000,23580000,22700000
29019976,8933934000,8938664000,8923324000,8923694000,168,10610000,15340000,370000
29019977,8925694000,8925694000,8905814000,8907474000,162,19880000,19880000,1660000
29019978,8907034000,8911584000,8898170000,8901264000,173,8864000,13414000,3094000
29019979,8898984000,8915754000,8898274000,8914974000,155,710000,17480000,16700000
29019980,8914651000,8929664000,8912398000,8923984000,144,2253000,17266000,11586000
29019981,8923604000,8925084000,8913244000,8916434000,173,10360000,11840000,3190000
29019982,8916504000,8936174000,8913984000,8933754000,153,2520000,22190000,19770000
29019983,8933164000,8935974000,8926525000,8929309000,146,6639000,9449000,2784000
29019984,8929454000,8936084000,8927908000,8935674000,143,1546000,8176000,7766000
29019985,8936084000,8937234000,8923084000,8924834000,130,13000000,14150000,1750000
29019986,8924974000,8931974000,8917144000,8927724000,143,7830000,14830000,10580000
29019987,8928974000,8934240000,8926265000,8932974000,156,2709000,7975000,6709000
29019988,8933594000,8940504000,8929612000,8939974000,102,3982000,10892000,10362000
29019989,8939974000,8942714000,8934034000,8934314000,110,5940000,8680000,280000
29019990,8934874000,8935934000,8919321000,8921644000,161,15553000,16613000,2323000
29019991,8922144000,8924124000,8910384000,8911414000,162,11760000,13740000,1030000
29019992,8910984000,8910984000,8895184000,8897764000,161,15800000,15800000,2580000
29019993,8896704000,8916234000,8892257000,8915474000,156,4447000,23977000,23217000
29019994,8916124000,8919724000,8909209000,8913974000,141,6915000,10515000,4765000
29019995,8915247000,8919714000,8902814000,8916284000,154,12433000,16900000,13470000
29019996,8916644000,8927444000,8913215000,8924494000,159,3429000,14229000,11279000
29019997,8924033000,8930094000,8916814000,8917284000,138,7219000,13280000,470000
29019998,8918084000,8918084000,8906064000,8914134000,121,12020000,12020000,8070000
29019999,8915624000,8923974000,8911274000,8920794000,150,4350000,12700000,9520000
29020000,8923974000,8924724000,8906984000,8908834000,121,16990000,17740000,1850000
29020001,8908394000,8919948000,8906824000,8919334000,132,1570000,13124000,12510000
29020002,8921014000,8922424000,8913324000,8913324000,116,7690000,9100000,0
29020003,8914764000,8918174000,8907979000,8918174000,120,6785000,10195000,10195000
29020004,8918974000,8920504000,8899814000,8900614000,105,19160000,20690000,800000
29020005,8901864000,8904934000,8898694000,8901784000,135,3170000,6240000,3090000
29020006,8902214000,8914524000,8897554000,8914524000,145,4660000,16970000,16970000
29020007,8915774000,8918974000,8911797000,8913974000,152,3977000,7177000,2177000
29020008,8913974000,8927524000,8909194000,8925354000,150,4780000,18330000,16160000
29020009,8926124000,8927764000,8920882000,8924754000,109,5242000,6882000,3872000
29020010,8924419000,8931707000,8923144000,8927654000,118,1275000,8563000,4510000
29020011,8928484000,8933974000,8923354000,8933974000,115,5130000,10620000,10620000
29020012,8934314000,8940974000,8933237000,8936214000,125,1077000,7737000,2977000
29020013,8936144000,8941004000,8934934000,8939734000,96,1210000,6070000,4800000
29020014,8938984000,8954934000,8938524000,8943984000,112,460000,16410000,5460000
29020015,8944574000,8952464000,8942246000,8946894000,105,2328000,10218000,4648000
29020016,8946544000,8960924000,8946544000,8956861000,131,0,14380000,10317000
29020017,8957024000,8959254000,8953414000,8957974000,84,3610000,5840000,4560000
29020018,8956984000,8974344000,8955924000,8972134000,71,1060000,18420000,16210000
29020019,8971644000,8971644000,8961825000,8964904000,117,9819000,9819000,3079000
29020020,8964754000,8979914000,8963954000,8968284000,129,800000,15960000,4330000
29020021,8967864000,8967864000,8955794000,8964974000,131,12070000,12070000,9180000
29020022,8967104000,8973974000,8959994000,8971484000,142,7110000,13980000,11490000
29020023,8971094000,8981474000,8964994000,8981474000,135,6100000,16480000,16480000
29020024,8981484000,8998184000,8979524000,8995054000,134,1960000,18660000,15530000
29020025,8995454000,8997144000,8990284000,8991324000,98,5170000,6860000,1040000
29020026,8990903000,9010694000,8988623000,8997034000,154,2280000,22071000,8411000
29020027,8995824000,9003054000,8990134000,8992708000,134,5690000,12920000,2574000
29020028,8992694000,8992694000,8979624000,8986394000,148,13070000,13070000,6770000
29020029,8985624000,8993174000,8984994000,8992854000,118,630000,8180000,7860000
29020030,8992854000,8992854000,8973194000,8975984000,161,19660000,19660000,2790000
29020031,8975394000,8983664000,8971804000,8971804000,131,3590000,11860000,0
29020032,8970444000,8981854000,8969854000,8981854000,138,590000,12000000,12000000
29020033,8981854000,8988204000,8980004000,8982702000,148,1850000,8200000,2698000
29020034,8981279000,8994894000,8981094000,8985233000,103,185000,13800000,4139000
29020035,8985222000,8994224000,8983824000,8986174000,135,1398000,10400000,2350000
29020036,8986974000,8986974000,8971194000,8973904000,119,15780000,15780000,2710000
29020037,8972574000,8975894000,8966984000,8975894000,128,5590000,8910000,8910000
29020038,8974524000,8978964000,8950324000,8955274000,163,24200000,28640000,4950000
29020039,8955934000,8960364000,8951771000,8956824000,138,4163000,8593000,5053000
29020040,8956824000,8970894000,8952735000,8970894000,152,4089000,18159000,18159000
29020041,8968844000,8971984000,8961594000,8962384000,125,7250000,10390000,790000
29020042,8961714000,8966574000,8957064000,8966574000,119,4650000,9510000,9510000
29020043,8966654000,8980434000,8966654000,8978424000,95,0,13780000,11770000
29020044,8980184000,9003984000,8978984000,8999754000,121,1200000,25000000,20770000
29020045,9000894000,9000974000,8984884000,8988734000,126,16010000,16090000,3850000
29020046,8987914000,8997554000,8979874000,8986194000,131,8040000,17680000,6320000
29020047,8986023000,8988974000,8973734000,8980984000,133,12289000,15240000,7250000
29020048,8982604000,8986864000,8972534000,8975654000,121,10070000,14330000,3120000
29020049,8975234000,8982964000,8969284000,8969284000,117,5950000,13680000,0
29020050,8969974000,8976334000,8967864000,8971531000,133,2110000,8470000,3667000
29020051,8971538000,8975224000,8958514000,8964374000,131,13024000,16710000,5860000
29020052,8963434000,8972214000,8959594000,8968984000,141,3840000,12620000,9390000
29020053,8968664000,8972434000,8961444000,8966974000,151,7220000,10990000,5530000
29020054,8968214000,8970744000,8959234000,8959304000,132,8980000,11510000,70000
29020055,8958984000,8964914000,8954084000,8959554000,112,4900000,10830000,5470000
29020056,8959884000,8962164000,8945134000,8953324000,141,14750000,17030000,8190000
29020057,8953554000,8957934000,8944334000,8946734000,144,9220000,13600000,2400000
29020058,8946964000,8959914000,8942484000,8956414000,150,4480000,17430000,13930000
29020059,8956234000,8958984000,8949042000,8952014000,107,7192000,9942000,2972000
29020060,8952704000,8963644000,8950384000,8958224000,124,2320000,13260000,7840000
29020061,8959644000,8966394000,8955564000,8962974000,123,4080000,10830000,7410000
29020062,8962384000,8980714000,8959754000,8978604000,148,2630000,20960000,18850000
29020063,8978114000,8983974000,8974084000,8981394000,140,4030000,9890000,7310000
29020064,8981414000,8984874000,8974384000,8981034000,122,7030000,10490000,6650000
29020065,8981294000,8987974000,8973944000,8986844000,163,7350000,14030000,12900000
29020066,8986864000,8991604000,8975904000,8976484000,125,10960000,15700000,580000
29020067,8976225000,8980924000,8972604000,8977624000,122,3621000,8320000,5020000
29020068,8978924000,8990124000,8978924000,8986394000,125,0,11200000,7470000
29020069,8985401000,8990574000,8981464000,8983034000,123,3937000,9110000,1570000
29020070,8984694000,8993974000,8979722000,8979722000,105,4972000,14252000,0
29020071,8980004000,8987564000,8973984000,8975854000,128,6020000,13580000,1870000
29020072,8973114000,8980974000,8972414000,8975674000,95,700000,8560000,3260000
29020073,8977494000,8977714000,8971594000,8971794000,82,5900000,6120000,200000
29020074,8971194000,8982044000,8969416000,8980734000,97,1778000,12628000,11318000
29020075,8979075000,8985104000,8975974000,8985104000,98,3101000,9130000,9130000
29020076,8985624000,8990724000,8982024000,8986074000,91,3600000,8700000,4050000
29020077,8984954000,8991384000,8983944000,8989514000,92,1010000,7440000,5570000
29020078,8989084000,8989304000,8973984000,8975044000,91,15100000,15320000,1060000
29020079,8974524000,8978334000,8967904000,8970094000,120,6620000,10430000,2190000
29020080,8970256000,8991494000,8970256000,8986704000,139,0,21238000,16448000
29020081,8986234000,8991494000,8982854000,8990144000,92,3380000,8640000,7290000
29020082,8989244000,9002004000,8989244000,8994784000,122,0,12760000,5540000
29020083,8994834000,9000164000,8988544000,8998984000,118,6290000,11620000,10440000
29020084,8998474000,9001974000,8992534000,8993014000,94,5940000,9440000,480000
29020085,8992984000,8997504000,8992074000,8995284000,90,910000,5430000,3210000
29020086,8996204000,9006574000,8996204000,9006374000,89,0,10370000,10170000
29020087,9006104000,9007194000,9001264000,9006834000,98,4840000,5930000,5570000
29020088,9007884000,9022344000,9004984000,9021934000,93,2900000,17360000,16950000
29020089,9021294000,9021294000,9014538000,9015544000,88,6756000,6756000,1006000
29020090,9013734000,9014744000,8996304000,8996839000,119,17430000,18440000,535000
29020091,8996837000,9000214000,8994264000,8999494000,78,2573000,5950000,5230000
29020092,9000214000,9006554000,8998984000,9006554000,84,1230000,7570000,7570000
29020093,9005644000,9006554000,8998984000,8998984000,35,6660000,7570000,0
29020094,8997260000,9004504000,8995874000,9004044000,92,1386000,8630000,8170000
29020095,9005561000,9005576000,8991814000,8994984000,133,13747000,13762000,3170000
29020096,8994984000,9000864000,8984384000,8989121000,125,10600000,16480000,4737000
29020097,8988629000,8988784000,8972734000,8975064000,133,15895000,16050000,2330000
29020098,8974424000,8985584000,8974424000,8976334000,127,0,11160000,1910000
29020099,8977394000,8978874000,8969434000,8978217000,125,7960000,9440000,8783000
29020100,8977894000,8981224000,8967474000,8970434000,96,10420000,13750000,2960000
29020101,8972704000,8977464000,8967564000,8968734000,105,5140000,9900000,1170000
29020102,8970644000,8972934000,8963424000,8964724000,109,7220000,9510000,1300000
29020103,8964024000,8974244000,8961614000,8973974000,128,2410000,12630000,12360000
29020104,8974734000,8983124000,8974097000,8975904000,90,637000,9027000,1807000
29020105,8975914000,8987974000,8974489000,8986104000,121,1425000,13485000,11615000
29020106,8987264000,8995204000,8979854000,8995204000,113,7410000,15350000,15350000
29020107,8994104000,8998334000,8991814000,8997764000,62,2290000,6520000,5950000
29020108,8998634000,9004154000,8998634000,9000674000,76,0,5520000,2040000
29020109,9000129000,9002794000,8995904000,8996254000,108,4225000,6890000,350000
29020110,8993783000,8998094000,8984941000,8989984000,140,8842000,13153000,5043000
29020111,8990874000,9008504000,8990874000,9007094000,106,0,17630000,16220000
29020112,9006784000,9009524000,9001824000,9006284000,118,4960000,7700000,4460000
29020113,9004914000,9011984000,9001705000,9007327000,119,3209000,10279000,5622000
29020114,9006636000,9015574000,9005214000,9015574000,89,1422000,10360000,10360000
29020115,9016194000,9019904000,9012444000,9015764000,103,3750000,7460000,3320000
29020116,9018934000,9030564000,9015004000,9022294000,106,3930000,15560000,7290000
29020117,9027864000,9027864000,9017518000,9018544000,114,10346000,10346000,1026000
29020118,9017574000,9019364000,9014614000,9014784000,93,2960000,4750000,170000
29020119,9012799000,9012799000,9000114000,9003254000,106,12685000,12685000,3140000
29020120,9003544000,9013634000,9001354000,9011474000,90,2190000,12280000,10120000
29020121,9010634000,9017354000,9008213000,9011474000,93,2421000,9141000,3261000
29020122,9011974000,9020744000,9010714000,9020744000,104,1260000,10030000,10030000
29020123,9022824000,9022824000,9016504000,9019874000,82,6320000,6320000,3370000
29020124,9019124000,9030974000,9015984000,9030974000,75,3140000,14990000,14990000
29020125,9033124000,9038574000,9027760000,9031314000,134,5364000,10814000,3554000
29020126,9031664000,9032444000,9021714000,9024224000,103,9950000,10730000,2510000
29020127,9024207000,9035814000,9023604000,9031264000,107,603000,12210000,7660000
29020128,9030964000,9037974000,9028404000,9037974000,112,2560000,9570000,9570000
29020129,9036694000,9038874000,9030384000,9033724000,78,6310000,8490000,3340000
29020130,9029584000,9031504000,9022334000,9023974000,94,7250000,9170000,1640000
29020131,9025384000,9029534000,9017564000,9028894000,112,7820000,11970000,11330000
29020132,9026540000,9035974000,9026540000,9035234000,102,0,9434000,8694000
29020133,9035524000,9038444000,9030844000,9037734000,78,4680000,7600000,6890000
29020134,9038374000,9042544000,9037744000,9041964000,49,630000,4800000,4220000
29020135,9041692000,9043974000,9033474000,9043974000,113,8218000,10500000,10500000
29020136,9043454000,9043454000,9037459000,9040994000,57,5995000,5995000,3535000
29020137,9040444000,9040444000,9024324000,9027374000,100,16120000,16120000,3050000
29020138,9026984000,9032014000,9024124000,9025334000,95,2860000,7890000,1210000
29020139,9024304000,9050024000,9024304000,9041964000,155,0,25720000,17660000
29020140,9043344000,9046914000,9031874000,9034084000,111,11470000,15040000,2210000
29020141,9033282000,9033834000,9028154000,9028364000,78,5128000,5680000,210000
29020142,9028974000,9031804000,9023674000,9024124000,61,5300000,8130000,450000
29020143,9023874000,9024934000,9015484000,9015734000,61,8390000,9450000,250000
29020144,9016374000,9025024000,9016374000,9020604000,102,0,8650000,4230000
29020145,9020024000,9023704000,9004804000,9014854000,108,15220000,18900000,10050000
29020146,9014394000,9015724000,9006604000,9007254000,80,7790000,9120000,650000
29020147,9008974000,9015364000,9008974000,9015364000,54,0,6390000,6390000
29020148,9014984000,9027974000,9014984000,9024934000,75,0,12990000,9950000
29020149,9026644000,9041974000,9026224000,9041974000,89,420000,15750000,15750000
29020150,9042284000,9064284000,9042284000,9058154000,126,0,22000000,15870000
29020151,9056994000,9056994000,9039224000,9039224000,98,17770000,17770000,0
29020152,9038724000,9041844000,9029964000,9035854000,114,8760000,11880000,5890000
29020153,9036244000,9040654000,9024684000,9024954000,87,11560000,15970000,270000
29020154,9025814000,9028704000,9021535000,9024684000,98,4279000,7169000,3149000
29020155,9025234000,9037504000,9020926000,9020984000,92,4308000,16578000,58000
29020156,9020784000,9022064000,9012484000,9015904000,113,8300000,9580000,3420000
29020157,9015034000,9017794000,9010664000,9011284000,105,4370000,7130000,620000
29020158,9010174000,9018094000,9008984000,9012744000,87,1190000,9110000,3760000
29020159,9014844000,9018644000,9012534000,9016404000,73,2310000,6110000,3870000
29020160,9016554000,9019834000,9011214000,9011384000,43,5340000,8620000,170000
29020161,9012824000,9013534000,8999244000,8999314000,80,13580000,14290000,70000
29020162,8998984000,9008594000,8998984000,9005234000,100,0,9610000,6250000
29020163,9006644000,9006644000,8995554000,8995554000,80,11090000,11090000,0
29020164,8996724000,9002372000,8986984000,9001634000,79,9740000,15388000,14650000
29020165,9002514000,9004104000,9000654000,9001834000,57,1860000,3450000,1180000
29020166,9002364000,9011124000,9002364000,9010734000,91,0,8760000,8370000
29020167,9011094000,9013964000,9009134000,9010984000,67,1960000,4830000,1850000
29020168,9009394000,9020604000,9009394000,9018454000,68,0,11210000,9060000
29020169,9019334000,9023974000,9016424000,9022804000,79,2910000,7550000,6380000
29020170,9020121000,9022354000,9010314000,9011204000,97,9807000,12040000,890000
29020171,9012064000,9016474000,9002534000,9003394000,87,9530000,13940000,860000
29020172,9004054000,9007644000,8998994000,9000334000,63,5060000,8650000,1340000
29020173,9000974000,9001984000,8996854000,8998414000,69,4120000,5130000,1560000
29020174,8998414000,9000974000,8993844000,8998984000,64,4570000,7130000,5140000
29020175,8999864000,8999864000,8992824000,8995594000,59,7040000,7040000,2770000
29020176,8995594000,9000004000,8989153000,9000004000,64,6441000,10851000,10851000
29020177,9001364000,9009194000,9001364000,9008634000,69,0,7830000,7270000
29020178,9008724000,9009804000,9001044000,9001044000,46,7680000,8760000,0
29020179,9001011000,9006564000,8999744000,9005244000,46,1267000,6820000,5500000
29020180,9005924000,9010034000,9004634000,9007994000,60,1290000,5400000,3360000
29020181,9008654000,9009974000,9005084000,9007374000,54,3570000,4890000,2290000
29020182,9007784000,9016534000,9007784000,9016534000,72,0,8750000,8750000
29020183,9015474000,9015784000,9012164000,9013974000,58,3310000,3620000,1810000
29020184,9013144000,9017174000,9010900000,9010904000,85,2244000,6274000,4000
29020185,9010879000,9010879000,9001804000,9001804000,37,9075000,9075000,0
29020186,9002394000,9005924000,8996814000,9002364000,73,5580000,9110000,5550000
29020187,9002374000,9009214000,9000907000,9006134000,75,1467000,8307000,5227000
29020188,9006864000,9008829000,8999634000,9008829000,86,7230000,9195000,9195000
29020189,9008608000,9013354000,9005904000,9011894000,64,2704000,7450000,5990000
29020190,9011354000,9023744000,9011354000,9018494000,68,0,12390000,7140000
29020191,9017484000,9018994000,9011894000,9014494000,73,5590000,7100000,2600000
29020192,9014479000,9021464000,9013984000,9019524000,60,495000,7480000,5540000
29020193,9022354000,9038474000,9022354000,9032304000,73,0,16120000,9950000
29020194,9031874000,9036108000,9025224000,9028974000,73,6650000,10884000,3750000
29020195,9028950000,9029844000,9024733000,9028984000,68,4217000,5111000,4251000
29020196,9029604000,9040794000,9029604000,9038914000,74,0,11190000,9310000
29020197,9040554000,9043974000,9038984000,9042964000,82,1570000,4990000,3980000
29020198,9042114000,9042114000,9029634000,9030614000,80,12480000,12480000,980000
29020199,9031474000,9032864000,9023544000,9031941000,68,7930000,9320000,8397000
29020200,9030684000,9039954000,9029604000,9037174000,65,1080000,10350000,7570000
29020201,9038974000,9041474000,9034984000,9034984000,66,3990000,6490000,0
29020202,9032864000,9032864000,9023784000,9023784000,41,9080000,9080000,0
29020203,9024424000,9026744000,9016984000,9018974000,59,7440000,9760000,1990000
29020204,9019634000,9019634000,9015234000,9018974000,48,4400000,4400000,3740000
29020205,9020124000,9032154000,9020124000,9032154000,34,0,12030000,12030000
29020206,9031114000,9032144000,9027234000,9031444000,39,3880000,4910000,4210000
29020207,9025054000,9027224000,9025054000,9025984000,8,0,2170000,930000
29020208,9025134000,9030584000,9021344000,9022084000,57,3790000,9240000,740000
29020209,9023674000,9023674000,9018744000,9018744000,22,4930000,4930000,0
29020210,9017774000,9019534000,9014804000,9019534000,29,2970000,4730000,4730000
29020211,9018499000,9020194000,9014474000,9014474000,48,4025000,5720000,0
29020212,9012514000,9019644000,9012144000,9017584000,41,370000,7500000,5440000
29020213,9018074000,9018074000,9012244000,9014504000,49,5830000,5830000,2260000
29020214,9015324000,9021894000,9015324000,9021894000,24,0,6570000,6570000
29020215,9021904000,9030054000,9017354000,9025304000,63,4550000,12700000,7950000
29020216,9025276000,9026014000,9024424000,9025394000,16,852000,1590000,970000
29020217,9024414000,9024464000,9019374000,9019374000,53,5040000,5090000,0
29020218,9021604000,9022424000,9012084000,9012084000,39,9520000,10340000,0
29020219,9013014000,9018104000,9010311000,9010311000,62,2703000,7793000,0
29020220,9010344000,9012904000,9009324000,9009324000,19,1020000,3580000,0
29020221,9006194000,9007274000,9000324000,9004334000,41,5870000,6950000,4010000
29020222,9005664000,9005664000,9004334000,9004334000,15,1330000,1330000,0
29020223,9004884000,9008334000,9004884000,9008334000,28,0,3450000,3450000
29020224,9007884000,9008024000,9005504000,9005594000,23,2380000,2520000,90000
29020225,9007854000,9012934000,9007854000,9012934000,29,0,5080000,5080000
29020226,9013324000,9016384000,9012934000,9016384000,25,390000,3450000,3450000
29020227,9015434000,9015434000,9005554000,9005554000,32,9880000,9880000,0
29020228,9005491000,9005491000,9000384000,9000384000,24,5107000,5107000,0
29020229,8999074000,8999074000,8996894000,8997774000,15,2180000,2180000,880000
29020230,8997974000,9009904000,8997624000,9009904000,44,350000,12280000,12280000
29020231,9009974000,9009984000,9009414000,9009984000,12,560000,570000,570000
29020232,9009984000,9010664000,9006114000,9009374000,21,3870000,4550000,3260000
29020233,9010004000,9014864000,9006194000,9006194000,33,3810000,8670000,0
29020234,9006194000,9013964000,9006194000,9012634000,39,0,7770000,6440000
29020235,9013424000,9014424000,9013424000,9014054000,16,0,1000000,630000
29020236,9014064000,9023674000,9014064000,9021554000,43,0,9610000,7490000
29020237,9023074000,9026134000,9021574000,9022174000,53,1500000,4560000,600000
29020238,9021636000,9021714000,9013984000,9013984000,46,7652000,7730000,0
29020239,9013894000,9013894000,9004594000,9004594000,34,9300000,9300000,0
29020240,9006274000,9010664000,9006274000,9009954000,51,0,4390000,3680000
29020241,9009948000,9013984000,9008684000,9011814000,45,1264000,5300000,3130000
29020242,9011464000,9011464000,9009284000,9010404000,22,2180000,2180000,1120000
29020243,9009754000,9016534000,9009754000,9015554000,26,0,6780000,5800000
29020244,9016334000,9020964000,9016334000,9020624000,32,0,4630000,4290000
29020245,9020974000,9025354000,9020624000,9025354000,19,350000,4730000,4730000
29020246,9025334000,9025334000,9020374000,9021764000,29,4960000,4960000,1390000
29020247,9022114000,9022464000,9020584000,9020584000,43,1530000,1880000,0
29020248,9020594000,9022464000,9020594000,9022434000,23,0,1870000,1840000
29020249,9022674000,9027344000,9022674000,9026714000,46,0,4670000,4040000
29020250,9026324000,9027154000,9025994000,9027154000,16,330000,1160000,1160000
29020251,9028044000,9028084000,9027154000,9028054000,32,890000,930000,900000
29020252,9028084000,9028084000,9026854000,9028084000,10,1230000,1230000,1230000
29020253,9026864000,9028654000,9026864000,9028084000,18,0,1790000,1220000
29020254,9030614000,9032864000,9030614000,9032594000,18,0,2250000,1980000
29020255,9032724000,9036974000,9032724000,9036974000,28,0,4250000,4250000
29020256,9037554000,9037554000,9033674000,9033674000,13,3880000,3880000,0
29020257,9033664000,9038974000,9033664000,9038974000,22,0,5310000,5310000
29020258,9039584000,9049874000,9039584000,9046554000,56,0,10290000,6970000
29020259,9045960000,9046554000,9031844000,9039394000,85,14116000,14710000,7550000
29020260,9040834000,9047874000,9033984000,9044034000,126,6850000,13890000,10050000
29020261,9043535000,9051874000,9037994000,9048974000,157,5541000,13880000,10980000
29020262,9048293000,9051774000,9044524000,9050714000,125,3769000,7250000,6190000
29020263,9051374000,9053974000,9048984000,9053974000,64,2390000,4990000,4990000
29020264,9053144000,9053834000,9043494000,9050474000,108,9650000,10340000,6980000
29020265,9049584000,9049734000,9034794000,9037104000,78,14790000,14940000,2310000
29020266,9035474000,9038704000,9032904000,9037344000,68,2570000,5800000,4440000
29020267,9037283000,9038484000,9032899000,9033144000,70,4384000,5585000,245000
29020268,9033794000,9037314000,9028984000,9029574000,78,4810000,8330000,590000
29020269,9029174000,9033634000,9028984000,9032914000,46,190000,4650000,3930000
29020270,9033634000,9044684000,9033634000,9040384000,81,0,11050000,6750000
29020271,9041544000,9041854000,9038194000,9038194000,62,3350000,3660000,0
29020272,9038204000,9038974000,9036144000,9037564000,36,2060000,2830000,1420000
29020273,9036989000,9037324000,9027784000,9029444000,44,9205000,9540000,1660000
29020274,9030034000,9031504000,9027424000,9031504000,40,2610000,4080000,4080000
29020275,9031375000,9038784000,9030334000,9038174000,54,1041000,8450000,7840000
29020276,9038784000,9042624000,9038784000,9042074000,47,0,3840000,3290000
29020277,9042624000,9048974000,9042624000,9046824000,66,0,6350000,4200000
29020278,9047374000,9047924000,9043704000,9044194000,62,3670000,4220000,490000
29020279,9044131000,9044133000,9033374000,9033974000,57,10757000,10759000,600000
29020280,9032856000,9034014000,9026674000,9027584000,52,6182000,7340000,910000
29020281,9028044000,9034664000,9024725000,9032414000,85,3319000,9939000,7689000
29020282,9031967000,9032344000,9027294000,9027294000,57,4673000,5050000,0
29020283,9027614000,9028974000,9024614000,9025984000,70,3000000,4360000,1370000
29020284,9025935000,9032334000,9025544000,9032334000,53,391000,6790000,6790000
29020285,9031786000,9037774000,9031514000,9037774000,55,272000,6260000,6260000
29020286,9037554000,9051974000,9037554000,9051974000,63,0,14420000,14420000
29020287,9052284000,9053974000,9045434000,9048294000,79,6850000,8540000,2860000
29020288,9048114000,9053904000,9046984000,9053904000,51,1130000,6920000,6920000
29020289,9053974000,9057054000,9047944000,9047994000,53,6030000,9110000,50000
29020290,9048474000,9054944000,9048474000,9053227000,76,0,6470000,4753000
29020291,9053257000,9054424000,9050242000,9051494000,69,3015000,4182000,1252000
29020292,9052384000,9060904000,9052384000,9059074000,79,0,8520000,6690000
29020293,9059414000,9075604000,9056304000,9072744000,86,3110000,19300000,16440000
29020294,9073124000,9073124000,9059204000,9061904000,82,13920000,13920000,2700000
29020295,9061374000,9063124000,9054564000,9055694000,84,6810000,8560000,1130000
29020296,9055694000,9056304000,9048474000,9048784000,72,7220000,7830000,310000
29020297,9049284000,9054364000,9048384000,9049784000,71,900000,5980000,1400000
29020298,9052174000,9056624000,9050404000,9055434000,72,1770000,6220000,5030000
29020299,9057714000,9067324000,9057714000,9064174000,93,0,9610000,6460000
29020300,9063630000,9068354000,9059874000,9062554000,86,3756000,8480000,2680000
29020301,9063624000,9065224000,9057884000,9063094000,76,5740000,7340000,5210000
29020302,9062564000,9067344000,9061554000,9067344000,41,1010000,5790000,5790000
29020303,9066564000,9078594000,9066254000,9078594000,65,310000,12340000,12340000
29020304,9078974000,9083644000,9074984000,9079624000,73,3990000,8660000,4640000
29020305,9077574000,9094714000,9077414000,9093474000,124,160000,17300000,16060000
29020306,9090534000,9091844000,9071884000,9074584000,133,18650000,19960000,2700000
29020307,9074347000,9081774000,9065634000,9076314000,124,8713000,16140000,10680000
29020308,9076234000,9088784000,9070284000,9070284000,119,5950000,18500000,0
29020309,9069794000,9078974000,9069794000,9073154000,121,0,9180000,3360000
29020310,9075814000,9075814000,9062984000,9064324000,98,12830000,12830000,1340000
29020311,9065354000,9065354000,9052684000,9054774000,122,12670000,12670000,2090000
29020312,9054914000,9063774000,9054914000,9060274000,84,0,8860000,5360000
29020313,9062624000,9067816000,9058984000,9058984000,60,3640000,8832000,0
29020314,9058974000,9058974000,9052684000,9056914000,65,6290000,6290000,4230000
29020315,9057544000,9060674000,9054484000,9054484000,72,3060000,6190000,0
29020316,9053854000,9054484000,9050184000,9050514000,65,3670000,4300000,330000
29020317,9051154000,9054344000,9049074000,9049564000,40,2080000,5270000,490000
29020318,9049124000,9058974000,9049124000,9057554000,48,0,9850000,8430000
29020319,9056184000,9058974000,9054484000,9055584000,46,1700000,4490000,1100000
29020320,9054897000,9066454000,9050764000,9061644000,95,4133000,15690000,10880000
29020321,9062164000,9071644000,9060684000,9067842000,120,1480000,10960000,7158000
29020322,9067974000,9069854000,9060794000,9064864000,85,7180000,9060000,4070000
29020323,9064754000,9076234000,9064754000,9076234000,77,0,11480000,11480000
29020324,9075384000,9075825000,9060602000,9064204000,93,14782000,15223000,3602000
29020325,9061446000,9073254000,9057854000,9072584000,96,3592000,15400000,14730000
29020326,9071844000,9075804000,9052314000,9052354000,107,19530000,23490000,40000
29020327,9052199000,9054964000,9046764000,9046854000,114,5435000,8200000,90000
29020328,9048414000,9052074000,9044774000,9045354000,73,3640000,7300000,580000
29020329,9045364000,9047394000,9043044000,9044454000,64,2320000,4350000,1410000
29020330,9044904000,9054144000,9044904000,9045854000,88,0,9240000,950000
29020331,9046034000,9050894000,9044872000,9045384000,98,1162000,6022000,512000
29020332,9046244000,9048974000,9042484000,9044074000,68,3760000,6490000,1590000
29020333,9043134000,9053974000,9041864000,9052034000,93,1270000,12110000,10170000
29020334,9053314000,9057664000,9044974000,9044974000,106,8340000,12690000,0
29020335,9044954000,9055774000,9042214000,9055774000,102,2740000,13560000,13560000
29020336,9055806000,9055806000,9043924000,9049784000,122,11882000,11882000,5860000
29020337,9049368000,9061784000,9047518000,9058234000,106,1850000,14266000,10716000
29020338,9057244000,9062284000,9054277000,9055984000,89,2967000,8007000,1707000
29020339,9056844000,9057364000,9047784000,9047784000,94,9060000,9580000,0
29020340,9047644000,9054974000,9044454000,9044454000,95,3190000,10520000,0
29020341,9043528000,9043534000,9031694000,9035014000,102,11834000,11840000,3320000
29020342,9036314000,9039794000,9027484000,9029574000,99,8830000,12310000,2090000
29020343,9030104000,9034414000,9025084000,9025084000,75,5020000,9330000,0
29020344,9022707000,9026914000,9018604000,9023974000,93,4103000,8310000,5370000
29020345,9024174000,9027264000,9018984000,9027264000,68,5190000,8280000,8280000
29020346,9027714000,9034874000,9025074000,9025704000,89,2640000,9800000,630000
29020347,9026074000,9028054000,9016224000,9022314000,92,9850000,11830000,6090000
29020348,9023224000,9031924000,9020124000,9029284000,84,3100000,11800000,9160000
29020349,9028634000,9032524000,9022414000,9031974000,86,6220000,10110000,9560000
29020350,9031184000,9039884000,9019644000,9022444000,114,11540000,20240000,2800000
29020351,9022564000,9027334000,9016702000,9018984000,120,5862000,10632000,2282000
29020352,9017784000,9019594000,9011444000,9014784000,97,6340000,8150000,3340000
29020353,9014077000,9017324000,9010383000,9014864000,79,3694000,6941000,4481000
29020354,9016014000,9023494000,9014984000,9015704000,98,1030000,8510000,720000
29020355,9016244000,9018374000,9009614000,9012264000,80,6630000,8760000,2650000
29020356,9011254000,9011254000,9003594000,9004214000,87,7660000,7660000,620000
29020357,9004974000,9010034000,9002345000,9008734000,74,2629000,7689000,6389000
29020358,9008764000,9014144000,9007104000,9012684000,78,1660000,7040000,5580000
29020359,9012395000,9015044000,9011604000,9014974000,31,791000,3440000,3370000
29020360,9015114000,9023644000,9013964000,9017964000,84,1150000,9680000,4000000
29020361,9018864000,9019474000,9003134000,9003934000,85,15730000,16340000,800000
29020362,9004894000,9008294000,9002344000,9003134000,49,2550000,5950000,790000
29020363,9002354000,9007474000,9002344000,9006664000,26,10000,5130000,4320000
29020364,9003894000,9008334000,9003894000,9008334000,32,0,4440000,4440000
29020365,9006984000,9013494000,9002174000,9011274000,124,4810000,11320000,9100000
29020366,9011134000,9017074000,9005664000,9017074000,97,5470000,11410000,11410000
29020367,9017774000,9017774000,9009084000,9014274000,84,8690000,8690000,5190000
29020368,9013904000,9017774000,9004634000,9005034000,125,9270000,13140000,400000
29020369,9006404000,9008754000,9004684000,9006504000,76,1720000,4070000,1820000
29020370,9006614000,9010564000,9006614000,9008231000,65,0,3950000,1617000
29020371,9008238000,9010514000,9000984000,9003464000,105,7254000,9530000,2480000
29020372,9003443000,9004304000,9000984000,9001134000,57,2459000,3320000,150000
29020373,9000984000,9009494000,9000774000,9006611000,53,210000,8720000,5837000
29020374,9006609000,9006684000,9002764000,9004454000,61,3845000,3920000,1690000
29020375,9004974000,9005644000,9000784000,9002044000,41,4190000,4860000,1260000
29020376,9002584000,9002584000,8995505000,8995894000,37,7079000,7079000,389000
29020377,8996144000,8999064000,8994464000,8998484000,60,1680000,4600000,4020000
29020378,8999334000,8999334000,8996694000,8998094000,41,2640000,2640000,1400000
29020379,8997274000,9004614000,8996704000,9001044000,48,570000,7910000,4340000
29020380,9003024000,9013464000,9000384000,9011404000,68,2640000,13080000,11020000
29020381,9008537000,9013974000,9000871000,9010974000,106,7666000,13103000,10103000
29020382,9010524000,9015424000,9008734000,9015424000,72,1790000,6690000,6690000
29020383,9015424000,9018974000,9008984000,9009194000,84,6440000,9990000,210000
29020384,9008514000,9012354000,9003984000,9009674000,75,4530000,8370000,5690000
29020385,9009199000,9012344000,9008284000,9008394000,66,915000,4060000,110000
29020386,9008244000,9015644000,9008244000,9015644000,72,0,7400000,7400000
29020387,9014414000,9023914000,9010834000,9023914000,72,3580000,13080000,13080000
29020388,9024874000,9028974000,9023994000,9027324000,63,880000,4980000,3330000
29020389,9026544000,9033774000,9019724000,9019724000,84,6820000,14050000,0
29020390,9019404000,9023724000,9012314000,9013584000,111,7090000,11410000,1270000
29020391,9012544000,9020344000,9012544000,9020344000,62,0,7800000,7800000
29020392,9020354000,9029234000,9020354000,9027774000,74,0,8880000,7420000
29020393,9027234000,9031064000,9026588000,9029744000,98,646000,4476000,3156000
29020394,9029354000,9037774000,9028984000,9037774000,83,370000,8790000,8790000
29020395,9037874000,9045574000,9037874000,9045574000,69,0,7700000,7700000
29020396,9046974000,9048374000,9036804000,9041694000,124,10170000,11570000,4890000
29020397,9042974000,9043764000,9029984000,9029984000,92,12990000,13780000,0
29020398,9029085000,9034694000,9026534000,9034454000,75,2551000,8160000,7920000
29020399,9034024000,9034024000,9025059000,9028154000,84,8965000,8965000,3095000
29020400,9028784000,9030254000,9021584000,9021584000,90,7200000,8670000,0
29020401,9022844000,9028924000,9020294000,9020624000,98,2550000,8630000,330000
29020402,9020624000,9021644000,9013423000,9020794000,110,7201000,8221000,7371000
29020403,9022144000,9025864000,9016744000,9019884000,74,5400000,9120000,3140000
29020404,9020224000,9022704000,9014474000,9017244000,67,5750000,8230000,2770000
29020405,9016703000,9024454000,9012484000,9024454000,78,4219000,11970000,11970000
29020406,9024904000,9034684000,9024904000,9032194000,83,0,9780000,7290000
29020407,9033884000,9037164000,9028984000,9036254000,100,4900000,8180000,7270000
29020408,9035434000,9035434000,9031256000,9033124000,54,4178000,4178000,1868000
29020409,9032854000,9033974000,9027934000,9027934000,56,4920000,6040000,0
29020410,9027944000,9035144000,9025288000,9025604000,92,2656000,9856000,316000
29020411,9024834000,9025314000,9017084000,9017084000,84,7750000,8230000,0
29020412,9015984000,9020484000,9010034000,9019854000,79,5950000,10450000,9820000
29020413,9018982000,9025084000,9018982000,9025084000,97,0,6102000,6102000
29020414,9025564000,9032134000,9023604000,9029984000,80,1960000,8530000,6380000
29020415,9029064000,9035974000,9028184000,9034064000,76,880000,7790000,5880000
29020416,9034874000,9036764000,9029134000,9029134000,91,5740000,7630000,0
29020417,9030064000,9038974000,9029084000,9037084000,99,980000,9890000,8000000
29020418,9035984000,9039324000,9030775000,9039324000,78,5209000,8549000,8549000
29020419,9039664000,9039664000,9030204000,9031794000,69,9460000,9460000,1590000
29020420,9032614000,9039664000,9032464000,9039664000,59,150000,7200000,7200000
29020421,9040124000,9044924000,9040124000,9041944000,55,0,4800000,1820000
29020422,9042318000,9044974000,9036814000,9040324000,73,5504000,8160000,3510000
29020423,9041114000,9060324000,9041114000,9057994000,85,0,19210000,16880000
29020424,9057834000,9066414000,9053844000,9062934000,106,3990000,12570000,9090000
29020425,9063724000,9086474000,9062234000,9083174000,117,1490000,24240000,20940000
29020426,9083584000,9140804000,9078074000,9131596000,203,5510000,62730000,53522000
29020427,9131174000,9162844000,9125779000,9154204000,218,5395000,37065000,28425000
29020428,9153984000,9185644000,9153984000,9164554000,199,0,31660000,10570000
29020429,9163494000,9184424000,9151636000,9181314000,191,11858000,32788000,29678000
29020430,9178986000,9178986000,9163384000,9163384000,170,15602000,15602000,0
29020431,9162864000,9163124000,9143174000,9151614000,182,19690000,19950000,8440000
29020432,9153613000,9153613000,9127704000,9131184000,163,25909000,25909000,3480000
29020433,9131044000,9133794000,9120714000,9127434000,156,10330000,13080000,6720000
29020434,9126311000,9147490000,9124704000,9124704000,174,1607000,22786000,0
29020435,9124574000,9124574000,9102196000,9105984000,177,22378000,22378000,3788000
29020436,9106464000,9108282000,9091204000,9101224000,187,15260000,17078000,10020000
29020437,9100384000,9102864000,9090024000,9096754000,167,10360000,12840000,6730000
29020438,9095924000,9105924000,9094724000,9100984000,115,1200000,11200000,6260000
29020439,9100937000,9103434000,9096184000,9100214000,109,4753000,7250000,4030000
29020440,9099334000,9118164000,9098997000,9108834000,140,337000,19167000,9837000
29020441,9108838000,9126274000,9108834000,9114944000,156,4000,17440000,6110000
29020442,9114944000,9143054000,9107224000,9139474000,167,7720000,35830000,32250000
29020443,9139274000,9158984000,9135294000,9157934000,148,3980000,23690000,22640000
29020444,9157757000,9166018000,9144984000,9144984000,153,12773000,21034000,0
29020445,9143666000,9158894000,9143275000,9149444000,153,391000,15619000,6169000
29020446,9148984000,9156314000,9143984000,9147874000,181,5000000,12330000,3890000
29020447,9145624000,9166674000,9145624000,9166674000,148,0,21050000,21050000
29020448,9166804000,9176674000,9152674000,9157984000,169,14130000,24000000,5310000
29020449,9156753000,9162534000,9139264000,9139364000,163,17489000,23270000,100000
29020450,9139314000,9147194000,9135664000,9139724000,160,3650000,11530000,4060000
29020451,9140304000,9143494000,9133984000,9137604000,150,6320000,9510000,3620000
29020452,9137468000,9146404000,9130984000,9139024000,145,6484000,15420000,8040000
29020453,9138134000,9163974000,9138134000,9161724000,111,0,25840000,23590000
29020454,9164707000,9168854000,9156484000,9156484000,121,8223000,12370000,0
29020455,9156184000,9163584000,9151644000,9154264000,145,4540000,11940000,2620000
29020456,9154264000,9158280000,9141284000,9145734000,151,12980000,16996000,4450000
29020457,9146454000,9147714000,9137584000,9147714000,94,8870000,10130000,10130000
29020458,9147784000,9158034000,9146739000,9156224000,144,1045000,11295000,9485000
29020459,9157294000,9158974000,9138614000,9140993000,115,18680000,20360000,2379000
29020460,9141004000,9142224000,9130989000,9138984000,149,10015000,11235000,7995000
29020461,9138984000,9142204000,9128984000,9128984000,132,10000000,13220000,0
29020462,9129134000,9129134000,9110989000,9116764000,168,18145000,18145000,5775000
29020463,9117404000,9128334000,9113564000,9117554000,135,3840000,14770000,3990000
29020464,9117554000,9126744000,9108984000,9109984000,126,8570000,17760000,1000000
29020465,9109334000,9120861000,9108584000,9120484000,134,750000,12277000,11900000
29020466,9118974000,9127944000,9118564000,9120734000,139,410000,9380000,2170000
29020467,9121554000,9123974000,9114884000,9114884000,119,6670000,9090000,0
29020468,9115914000,9123044000,9114887000,9122374000,96,1027000,8157000,7487000
29020469,9123974000,9128974000,9120084000,9124704000,84,3890000,8890000,4620000
29020470,9124704000,9128974000,9119034000,9127294000,91,5670000,9940000,8260000
29020471,9126474000,9127624000,9108563000,9116124000,134,17911000,19061000,7561000
29020472,9117994000,9117994000,9106524000,9107970000,121,11470000,11470000,1446000
29020473,9107844000,9114534000,9104374000,9104374000,118,3470000,10160000,0
29020474,9103984000,9110074000,9103984000,9110074000,89,0,6090000,6090000
29020475,9109422000,9111344000,9096544000,9098654000,89,12878000,14800000,2110000
29020476,9097384000,9104624000,9092974000,9095674000,106,4410000,11650000,2700000
29020477,9096824000,9107274000,9096824000,9101984000,117,0,10450000,5160000
29020478,9101984000,9112304000,9100874000,9110504000,97,1110000,11430000,9630000
29020479,9108242000,9115214000,9105624000,9110644000,96,2618000,9590000,5020000
29020480,9112634000,9118974000,9106524000,9113974000,119,6110000,12450000,7450000
29020481,9114364000,9127324000,9114364000,9126954000,114,0,12960000,12590000
29020482,9126954000,9127774000,9121074000,9123684000,61,5880000,6700000,2610000
29020483,9124694000,9132314000,9123694000,9125484000,90,1000000,8620000,1790000
29020484,9125475000,9128504000,9123984000,9128504000,55,1491000,4520000,4520000
29020485,9128024000,9143844000,9127753000,9142374000,82,271000,16091000,14621000
29020486,9143174000,9144474000,9133580000,9133764000,93,9594000,10894000,184000
29020487,9133424000,9145554000,9131294000,9138934000,127,2130000,14260000,7640000
29020488,9139494000,9144974000,9133984000,9144974000,119,5510000,10990000,10990000
29020489,9145634000,9158754000,9145144000,9158754000,120,490000,13610000,13610000
29020490,9158954000,9193274000,9158954000,9193274000,144,0,34320000,34320000
29020491,9194744000,9194984000,9184604000,9188824000,145,10140000,10380000,4220000
29020492,9188543000,9191484000,9182199000,9182199000,102,6344000,9285000,0
29020493,9181984000,9181984000,9163384000,9171814000,152,18600000,18600000,8430000
29020494,9173154000,9194154000,9173154000,9190394000,112,0,21000000,17240000
29020495,9191284000,9195414000,9191134000,9191144000,84,150000,4280000,10000
29020496,9190894000,9195884000,9190084000,9192244000,97,810000,5800000,2160000
29020497,9192114000,9192114000,9172074000,9172944000,140,20040000,20040000,870000
29020498,9172944000,9179274000,9170624000,9178254000,99,2320000,8650000,7630000
29020499,9178074000,9180074000,9173984000,9176574000,60,4090000,6090000,2590000
29020500,9176974000,9185664000,9176484000,9176484000,114,490000,9180000,0
29020501,9176974000,9186664000,9171504000,9173704000,139,5470000,15160000,2200000
29020502,9172984000,9183174000,9167540000,9183174000,151,5444000,15634000,15634000
29020503,9184534000,9193764000,9182844000,9193754000,120,1690000,10920000,10910000
29020504,9194374000,9197774000,9181539000,9182974000,147,12835000,16235000,1435000
29020505,9182504000,9182504000,9166184000,9166602000,127,16320000,16320000,418000
29020506,9165807000,9168724000,9160104000,9160978000,135,5703000,8620000,874000
29020507,9160915000,9168374000,9157654000,9162161000,142,3261000,10720000,4507000
29020508,9161674000,9164284000,9153154000,9153154000,113,8520000,11130000,0
29020509,9155664000,9157944000,9150888000,9150934000,96,4776000,7056000,46000
29020510,9150914000,9159674000,9150914000,9159674000,101,0,8760000,8760000
29020511,9161274000,9163974000,9152984000,9158974000,126,8290000,10990000,5990000
29020512,9160504000,9194914000,9160504000,9183480000,163,0,34410000,22976000
29020513,9183463000,9184234000,9154864000,9165474000,149,28599000,29370000,10610000
29020514,9165514000,9169474000,9155974000,9161664000,154,9540000,13500000,5690000
29020515,9163314000,9178074000,9156354000,9177204000,158,6960000,21720000,20850000
29020516,9176344000,9177524000,9162987000,9173534000,159,13357000,14537000,10547000
29020517,9173534000,9177444000,9160834000,9169714000,162,12700000,16610000,8880000
29020518,9169024000,9169024000,9157164000,9162654000,120,11860000,11860000,5490000
29020519,9166704000,9168984000,9162524000,9168984000,112,4180000,6460000,6460000
29020520,9168731000,9172304000,9162434000,9170454000,117,6297000,9870000,8020000
29020521,9170546000,9175894000,9162984000,9163454000,134,7562000,12910000,470000
29020522,9162994000,9168974000,9150684000,9158974000,144,12310000,18290000,8290000
29020523,9159694000,9162724000,9152584000,9158422000,119,7110000,10140000,5838000
29020524,9158452000,9159504000,9152584000,9155684000,86,5868000,6920000,3100000
29020525,9154404000,9164804000,9152484000,9161424000,96,1920000,12320000,8940000
29020526,9161424000,9168814000,9161424000,9163974000,121,0,7390000,2550000
29020527,9163044000,9164974000,9158358000,9159934000,77,4686000,6616000,1576000
29020528,9159758000,9159758000,9149414000,9153984000,77,10344000,10344000,4570000
29020529,9154354000,9158594000,9151224000,9158224000,65,3130000,7370000,7000000
29020530,9156070000,9157964000,9149384000,9149394000,94,6686000,8580000,10000
29020531,9148994000,9152444000,9140361000,9143374000,114,8633000,12083000,3013000
29020532,9145564000,9147594000,9141304000,9143224000,104,4260000,6290000,1920000
29020533,9144304000,9151384000,9139924000,9141654000,109,4380000,11460000,1730000
29020534,9141654000,9149114000,9140844000,9149114000,99,810000,8270000,8270000
29020535,9148304000,9158974000,9148304000,9154134000,123,0,10670000,5830000
29020536,9154414000,9159454000,9153064000,9158974000,109,1350000,6390000,5910000
29020537,9157444000,9158974000,9151786000,9158974000,83,5658000,7188000,7188000
29020538,9157758000,9160664000,9155044000,9157414000,66,2714000,5620000,2370000
29020539,9155982000,9159484000,9147137000,9148314000,88,8845000,12347000,1177000
29020540,9147674000,9161884000,9147674000,9152884000,77,0,14210000,5210000
29020541,9154224000,9161274000,9154224000,9158834000,91,0,7050000,4610000
29020542,9158294000,9160904000,9156992000,9159314000,101,1302000,3912000,2322000
29020543,9159374000,9161214000,9151674000,9155774000,69,7700000,9540000,4100000
29020544,9155524000,9160344000,9140634000,9149734000,92,14890000,19710000,9100000
29020545,9149834000,9152144000,9143984000,9148824000,117,5850000,8160000,4840000
29020546,9148974000,9153974000,9146024000,9149110000,96,2950000,7950000,3086000
29020547,9147504000,9154464000,9147184000,9147684000,95,320000,7280000,500000
29020548,9148424000,9150294000,9140214000,9145074000,85,8210000,10080000,4860000
29020549,9145074000,9147354000,9135684000,9137264000,89,9390000,11670000,1580000
29020550,9136434000,9140964000,9136434000,9140894000,87,0,4530000,4460000
29020551,9140894000,9144634000,9139134000,9139664000,94,1760000,5500000,530000
29020552,9139194000,9145804000,9138014000,9139264000,80,1180000,7790000,1250000
29020553,9140794000,9142944000,9134154000,9135784000,79,6640000,8790000,1630000
29020554,9136914000,9138984000,9136454000,9137384000,58,460000,2530000,930000
29020555,9137784000,9144574000,9137784000,9143530000,44,0,6790000,5746000
29020556,9143564000,9149874000,9142914000,9148604000,78,650000,6960000,5690000
29020557,9148294000,9153974000,9146984000,9153644000,45,1310000,6990000,6660000
29020558,9154974000,9157224000,9148394000,9153104000,86,6580000,8830000,4710000
29020559,9153204000,9155314000,9149392000,9155304000,60,3812000,5922000,5912000
29020560,9154634000,9163974000,9154634000,9159944000,87,0,9340000,5310000
29020561,9160274000,9169294000,9158984000,9169294000,98,1290000,10310000,10310000
29020562,9169194000,9179674000,9166984000,9179674000,91,2210000,12690000,12690000
29020563,9180254000,9183474000,9167424000,9169574000,113,12830000,16050000,2150000
29020564,9169154000,9169562000,9150939000,9154064000,102,18215000,18623000,3125000
29020565,9154064000,9160524000,9149364000,9156504000,106,4700000,11160000,7140000
29020566,9157144000,9164494000,9156507000,9162604000,113,637000,7987000,6097000
29020567,9163174000,9171884000,9163174000,9169354000,74,0,8710000,6180000
29020568,9167786000,9168474000,9162824000,9165054000,79,4962000,5650000,2230000
29020569,9163384000,9168974000,9163334000,9168974000,42,50000,5640000,5640000
29020570,9169794000,9171674000,9164184000,9165684000,62,5610000,7490000,1500000
29020571,9164984000,9164984000,9160961000,9161924000,46,4023000,4023000,963000
29020572,9161004000,9164894000,9160084000,9164894000,33,920000,4810000,4810000
29020573,9166191000,9171074000,9166191000,9167794000,76,0,4883000,1603000
29020574,9168064000,9174744000,9168064000,9174074000,59,0,6680000,6010000
29020575,9174054000,9174064000,9168784000,9172984000,54,5270000,5280000,4200000
29020576,9172684000,9172984000,9164214000,9165144000,72,8470000,8770000,930000
29020577,9166144000,9166484000,9161234000,9163634000,70,4910000,5250000,2400000
29020578,9164124000,9166054000,9161234000,9162244000,46,2890000,4820000,1010000
29020579,9161834000,9166584000,9161234000,9163984000,59,600000,5350000,2750000
29020580,9164414000,9165174000,9161604000,9162394000,39,2810000,3570000,790000
29020581,9163584000,9164244000,9161444000,9163974000,36,2140000,2800000,2530000
29020582,9163974000,9171974000,9163974000,9166614000,82,0,8000000,2640000
29020583,9165844000,9165844000,9151956000,9151956000,76,13888000,13888000,0
29020584,9151984000,9159394000,9145614000,9157844000,89,6370000,13780000,12230000
29020585,9157784000,9159374000,9157784000,9157824000,28,0,1590000,40000
29020586,9158314000,9164174000,9158314000,9159578000,59,0,5860000,1264000
29020587,9159514000,9163044000,9157994000,9159944000,73,1520000,5050000,1950000
29020588,9160734000,9164124000,9160184000,9162144000,38,550000,3940000,1960000
29020589,9162144000,9163314000,9152794000,9153574000,56,9350000,10520000,780000
29020590,9153574000,9163634000,9152434000,9163434000,55,1140000,11200000,11000000
29020591,9164164000,9169774000,9164164000,9168984000,89,0,5610000,4820000
29020592,9169954000,9177774000,9169029000,9177774000,79,925000,8745000,8745000
29020593,9177364000,9180774000,9176494000,9179610000,68,870000,4280000,3116000
29020594,9179553000,9179770000,9173884000,9174094000,67,5669000,5886000,210000
29020595,9174444000,9186974000,9174444000,9186524000,74,0,12530000,12080000
29020596,9186984000,9188864000,9184984000,9186984000,71,2000000,3880000,2000000
29020597,9187574000,9190284000,9178974000,9179655000,86,8600000,11310000,681000
29020598,9179603000,9183974000,9176014000,9181913000,91,3589000,7960000,5899000
29020599,9182264000,9185804000,9179284000,9179364000,72,2980000,6520000,80000
29020600,9179364000,9191074000,9179364000,9189984000,78,0,11710000,10620000
29020601,9190764000,9196584000,9186838000,9193444000,103,3926000,9746000,6606000
29020602,9193974000,9195974000,9192169000,9194814000,71,1805000,3805000,2645000
29020603,9193234000,9218754000,9193234000,9217974000,133,0,25520000,24740000
29020604,9218264000,9228169000,9204674000,9207374000,122,13590000,23495000,2700000
29020605,9206534000,9215974000,9200634000,9207114000,109,5900000,15340000,6480000
29020606,9206268000,9208544000,9196984000,9199554000,123,9284000,11560000,2570000
29020607,9198834000,9206644000,9195864000,9204134000,116,2970000,10780000,8270000
29020608,9203494000,9214884000,9203494000,9210974000,98,0,11390000,7480000
29020609,9210484000,9213974000,9205544000,9213294000,66,4940000,8430000,7750000
29020610,9213774000,9214254000,9203984000,9205589000,106,9790000,10270000,1605000
29020611,9204984000,9226024000,9203704000,9222094000,85,1280000,22320000,18390000
29020612,9221984000,9237874000,9221544000,9228864000,134,440000,16330000,7320000
29020613,9229394000,9233614000,9223684000,9232704000,97,5710000,9930000,9020000
29020614,9232324000,9237034000,9227818000,9236476000,120,4506000,9216000,8658000
29020615,9235854000,9238774000,9230304000,9237184000,92,5550000,8470000,6880000
29020616,9237184000,9238974000,9234514000,9234514000,63,2670000,4460000,0
29020617,9235164000,9235164000,9221914000,9228004000,128,13250000,13250000,6090000
29020618,9228404000,9234324000,9216834000,9216834000,107,11570000,17490000,0
29020619,9216814000,9223034000,9216184000,9222184000,83,630000,6850000,6000000
29020620,9222444000,9228524000,9213984000,9220524000,92,8460000,14540000,6540000
29020621,9220364000,9234454000,9215294000,9234454000,109,5070000,19160000,19160000
29020622,9236034000,9236034000,9225814000,9225814000,109,10220000,10220000,0
29020623,9227514000,9233044000,9225794000,9228414000,116,1720000,7250000,2620000
29020624,9227374000,9231954000,9219104000,9221304000,84,8270000,12850000,2200000
29020625,9219804000,9226734000,9218334000,9218344000,75,1470000,8400000,10000
29020626,9216994000,9220984000,9212134000,9212974000,93,4860000,8850000,840000
29020627,9212174000,9215204000,9205984000,9213864000,87,6190000,9220000,7880000
29020628,9212766000,9215074000,9208984000,9211104000,77,3782000,6090000,2120000
29020629,9212764000,9218674000,9212764000,9217444000,71,0,5910000,4680000
29020630,9217444000,9224974000,9217444000,9222334000,52,0,7530000,4890000
29020631,9222974000,9227974000,9222974000,9226234000,54,0,5000000,3260000
29020632,9227004000,9227914000,9220444000,9226974000,62,6560000,7470000,6530000
29020633,9226386000,9226424000,9219986000,9219986000,70,6400000,6438000,0
29020634,9219984000,9219984000,9207894000,9208824000,84,12090000,12090000,930000
29020635,9208444000,9222174000,9208444000,9221266000,92,0,13730000,12822000
29020636,9221224000,9222454000,9214844000,9221734000,81,6380000,7610000,6890000
29020637,9221481000,9226044000,9218319000,9226044000,76,3162000,7725000,7725000
29020638,9224864000,9228684000,9223549000,9224974000,88,1315000,5135000,1425000
29020639,9225374000,9232974000,9225113000,9231854000,86,261000,7861000,6741000
29020640,9232674000,9234724000,9224145000,9234724000,85,8529000,10579000,10579000
29020641,9234774000,9246034000,9231474000,9236704000,154,3300000,14560000,5230000
29020642,9237694000,9239484000,9225794000,9228484000,151,11900000,13690000,2690000
29020643,9228334000,9230974000,9224984000,9226584000,119,3350000,5990000,1600000
29020644,9226064000,9226974000,9223984000,9224424000,71,2080000,2990000,440000
29020645,9224664000,9231724000,9221284000,9231724000,77,3380000,10440000,10440000
29020646,9231694000,9234694000,9228984000,9233294000,88,2710000,5710000,4310000
29020647,9232800000,9242414000,9229634000,9229634000,95,3166000,12780000,0
29020648,9229302000,9234274000,9225794000,9232884000,88,3508000,8480000,7090000
29020649,9232444000,9237774000,9232444000,9235624000,89,0,5330000,3180000
29020650,9236274000,9242924000,9235714000,9240785000,94,560000,7210000,5071000
29020651,9239944000,9239944000,9229914000,9232974000,76,10030000,10030000,3060000
29020652,9232664000,9241974000,9232664000,9241424000,85,0,9310000,8760000
29020653,9242424000,9243974000,9237924000,9243974000,59,4500000,6050000,6050000
29020654,9244844000,9244844000,9239874000,9241434000,63,4970000,4970000,1560000
29020655,9240984000,9246974000,9238984000,9246974000,66,2000000,7990000,7990000
29020656,9251974000,9253098000,9242604000,9246884000,104,9370000,10494000,4280000
29020657,9247664000,9248974000,9242484000,9242484000,63,5180000,6490000,0
29020658,9242734000,9245734000,9237870000,9243084000,64,4864000,7864000,5214000
29020659,9243634000,9243634000,9235984000,9238114000,76,7650000,7650000,2130000
29020660,9238684000,9243974000,9234784000,9243974000,53,3900000,9190000,9190000
29020661,9244584000,9249704000,9241064000,9243184000,95,3520000,8640000,2120000
29020662,9243794000,9253254000,9239644000,9245304000,103,4150000,13610000,5660000
29020663,9245095000,9250134000,9244646000,9249734000,83,449000,5488000,5088000
29020664,9248944000,9252814000,9246944000,9248154000,102,2000000,5870000,1210000
29020665,9248154000,9255754000,9247624000,9250984000,99,530000,8130000,3360000
29020666,9249764000,9251194000,9247404000,9247864000,92,2360000,3790000,460000
29020667,9248804000,9257602000,9243984000,9257602000,111,4820000,13618000,13618000
29020668,9257144000,9261984000,9250574000,9256804000,129,6570000,11410000,6230000
29020669,9257974000,9258194000,9246022000,9251214000,119,11952000,12172000,5192000
29020670,9251394000,9251844000,9244984000,9248874000,104,6410000,6860000,3890000
29020671,9250094000,9258194000,9248134000,9257594000,126,1960000,10060000,9460000
29020672,9257134000,9263501000,9255454000,9263501000,112,1680000,8047000,8047000
29020673,9262784000,9268134000,9259994000,9260234000,134,2790000,8140000,240000
29020674,9262064000,9267974000,9258984000,9267974000,106,3080000,8990000,8990000
29020675,9267914000,9268534000,9262107000,9266794000,128,5807000,6427000,4687000
29020676,9266187000,9275314000,9264977000,9270234000,130,1210000,10337000,5257000
29020677,9269834000,9277004000,9269304000,9274364000,108,530000,7700000,5060000
29020678,9274128000,9276684000,9270464000,9274444000,98,3664000,6220000,3980000
29020679,9274974000,9276974000,9268334000,9269474000,103,6640000,8640000,1140000
29020680,9270974000,9272854000,9265424000,9265484000,104,5550000,7430000,60000
29020681,9265304000,9265304000,9257604000,9257604000,109,7700000,7700000,0
29020682,9258974000,9258974000,9248164000,9248984000,98,10810000,10810000,820000
29020683,9248544000,9250174000,9235284000,9237284000,81,13260000,14890000,2000000
29020684,9237604000,9243054000,9233184000,9241334000,75,4420000,9870000,8150000
29020685,9241984000,9241984000,9234921000,9234984000,71,7063000,7063000,63000
29020686,9231430000,9238004000,9227294000,9227784000,105,4136000,10710000,490000
29020687,9227464000,9232224000,9227464000,9231954000,46,0,4760000,4490000
29020688,9233234000,9236084000,9229064000,9229064000,91,4170000,7020000,0
29020689,9228854000,9235984000,9228854000,9235984000,47,0,7130000,7130000
29020690,9235504000,9241874000,9235504000,9240174000,35,0,6370000,4670000
29020691,9240574000,9242864000,9237984000,9240474000,56,2590000,4880000,2490000
29020692,9240474000,9242424000,9230184000,9231474000,81,10290000,12240000,1290000
29020693,9230984000,9241424000,9230334000,9231704000,81,650000,11090000,1370000
29020694,9232564000,9233354000,9229984000,9232944000,65,2580000,3370000,2960000
29020695,9233294000,9235474000,9226054000,9228714000,51,7240000,9420000,2660000
29020696,9227563000,9227563000,9221766000,9223734000,75,5797000,5797000,1968000
29020697,9223058000,9223974000,9219014000,9222524000,65,4044000,4960000,3510000
29020698,9223224000,9224974000,9220924000,9223694000,55,2300000,4050000,2770000
29020699,9223064000,9223064000,9218984000,9220974000,43,4080000,4080000,1990000
29020700,9220474000,9226044000,9217384000,9219084000,51,3090000,8660000,1700000
29020701,9218084000,9218084000,9208424000,9210664000,86,9660000,9660000,2240000
29020702,9209524000,9213974000,9204084000,9211384000,89,5440000,9890000,7300000
29020703,9209054000,9215684000,9205514000,9211674000,74,3540000,10170000,6160000
29020704,9210104000,9211584000,9204786000,9204786000,65,5318000,6798000,0
29020705,9204804000,9208174000,9203984000,9206534000,58,820000,4190000,2550000
29020706,9207474000,9216324000,9206570000,9207604000,83,904000,9754000,1034000
29020707,9207894000,9209904000,9207454000,9209904000,23,440000,2450000,2450000
29020708,9210414000,9210414000,9206984000,9210034000,35,3430000,3430000,3050000
29020709,9210424000,9216554000,9210424000,9215754000,67,0,6130000,5330000
29020710,9213584000,9213584000,9206264000,9206264000,57,7320000,7320000,0
29020711,9206054000,9211144000,9204984000,9207534000,71,1070000,6160000,2550000
29020712,9207474000,9207474000,9187694000,9187694000,108,19780000,19780000,0
29020713,9187484000,9192844000,9182124000,9190234000,101,5360000,10720000,8110000
29020714,9188934000,9196884000,9188934000,9195974000,63,0,7950000,7040000
29020715,9194984000,9197294000,9193064000,9193754000,45,1920000,4230000,690000
29020716,9192784000,9196104000,9190524000,9195574000,66,2260000,5580000,5050000
29020717,9195254000,9196094000,9186764000,9186764000,61,8490000,9330000,0
29020718,9186094000,9193974000,9184384000,9190544000,73,1710000,9590000,6160000
29020719,9188984000,9188984000,9182564000,9185724000,69,6420000,6420000,3160000
29020720,9186304000,9195294000,9186304000,9194654000,50,0,8990000,8350000
29020721,9194174000,9194434000,9186754000,9187154000,57,7420000,7680000,400000
29020722,9188694000,9193974000,9187084000,9187084000,62,1610000,6890000,0
29020723,9186830000,9186984000,9177184000,9179994000,100,9646000,9800000,2810000
29020724,9180324000,9183974000,9179994000,9183974000,48,330000,3980000,3980000
29020725,9184184000,9194074000,9184184000,9190614000,54,0,9890000,6430000
29020726,9191704000,9193574000,9183974000,9185794000,64,7730000,9600000,1820000
29020727,9185758000,9186164000,9183794000,9184304000,37,1964000,2370000,510000
29020728,9177484000,9182104000,9174244000,9182104000,38,3240000,7860000,7860000
29020729,9181043000,9185204000,9178994000,9183567000,72,2049000,6210000,4573000
29020730,9183714000,9188974000,9183714000,9188674000,67,0,5260000,4960000
29020731,9188974000,9194474000,9188974000,9194474000,56,0,5500000,5500000
29020732,9195444000,9196674000,9195444000,9196154000,16,0,1230000,710000
29020733,9196674000,9200924000,9196674000,9198414000,43,0,4250000,1740000
29020734,9197624000,9198774000,9192464000,9194094000,76,5160000,6310000,1630000
29020735,9195054000,9198184000,9193474000,9196594000,60,1580000,4710000,3120000
29020736,9197644000,9201574000,9191924000,9191924000,44,5720000,9650000,0
29020737,9193644000,9194974000,9188374000,9190214000,42,5270000,6600000,1840000
29020738,9190494000,9193464000,9187010000,9187824000,46,3484000,6454000,814000
29020739,9188094000,9188094000,9184054000,9186674000,26,4040000,4040000,2620000
29020740,9187614000,9193974000,9187614000,9192774000,44,0,6360000,5160000
29020741,9192904000,9193974000,9190544000,9193814000,41,2360000,3430000,3270000
29020742,9193974000,9193974000,9189364000,9190534000,40,4610000,4610000,1170000
29020743,9189984000,9189984000,9184174000,9185744000,29,5810000,5810000,1570000
29020744,9184984000,9184984000,9182034000,9183294000,36,2950000,2950000,1260000
29020745,9183664000,9195174000,9183664000,9195154000,60,0,11510000,11490000
29020746,9194574000,9194574000,9190814000,9192174000,24,3760000,3760000,1360000
29020747,9191084000,9191084000,9182484000,9182774000,45,8600000,8600000,290000
29020748,9180384000,9182474000,9170814000,9172474000,71,9570000,11660000,1660000
29020749,9172474000,9175974000,9159064000,9159284000,84,13410000,16910000,220000
29020750,9159564000,9170334000,9159384000,9166584000,82,180000,10950000,7200000
29020751,9166264000,9169504000,9165694000,9167554000,58,570000,3810000,1860000
29020752,9167444000,9168824000,9156484000,9156484000,69,10960000,12340000,0
29020753,9156500000,9162724000,9156484000,9160984000,62,16000,6240000,4500000
29020754,9161584000,9166114000,9159484000,9166114000,46,2100000,6630000,6630000
29020755,9166564000,9173434000,9166564000,9167234000,57,0,6870000,670000
29020756,9166694000,9166694000,9160144000,9161654000,45,6550000,6550000,1510000
29020757,9163344000,9168244000,9162424000,9168244000,43,920000,5820000,5820000
29020758,9168974000,9168974000,9165054000,9167554000,23,3920000,3920000,2500000
29020759,9167554000,9168974000,9167554000,9167554000,36,0,1420000,0
29020760,9168974000,9177444000,9167554000,9176714000,53,1420000,9890000,9160000
29020761,9176194000,9176194000,9171034000,9171954000,32,5160000,5160000,920000
29020762,9172294000,9177564000,9171034000,9172854000,68,1260000,6530000,1820000
29020763,9173564000,9174824000,9168984000,9168984000,43,4580000,5840000,0
29020764,9167124000,9167124000,9162424000,9164694000,32,4700000,4700000,2270000
29020765,9163589000,9165094000,9161984000,9162404000,56,1605000,3110000,420000
29020766,9163024000,9169094000,9157784000,9158804000,77,5240000,11310000,1020000
29020767,9158474000,9166034000,9157784000,9166034000,73,690000,8250000,8250000
29020768,9164834000,9166024000,9163984000,9164214000,42,850000,2040000,230000
29020769,9163494000,9163494000,9159154000,9162654000,38,4340000,4340000,3500000
29020770,9162284000,9168604000,9159164000,9168604000,87,3120000,9440000,9440000
29020771,9167677000,9172734000,9163984000,9172734000,94,3693000,8750000,8750000
29020772,9172974000,9176854000,9172734000,9172734000,48,240000,4120000,0
29020773,9171154000,9173694000,9163984000,9164894000,74,7170000,9710000,910000
29020774,9165784000,9167924000,9162784000,9166864000,75,3000000,5140000,4080000
29020775,9167924000,9173874000,9167924000,9173864000,45,0,5950000,5940000
29020776,9173864000,9173914000,9168104000,9168104000,31,5760000,5810000,0
29020777,9167484000,9167484000,9159984000,9159984000,41,7500000,7500000,0
29020778,9159254000,9163974000,9158884000,9159774000,65,370000,5090000,890000
29020779,9159764000,9159764000,9156484000,9156484000,14,3280000,3280000,0
29020780,9155324000,9155324000,9144664000,9148984000,65,10660000,10660000,4320000
29020781,9149404000,9153974000,9147284000,9150464000,75,2120000,6690000,3180000
29020782,9150924000,9155904000,9149864000,9150484000,40,1060000,6040000,620000
29020783,9150884000,9152694000,9148984000,9150114000,62,1900000,3710000,1130000
29020784,9150974000,9156644000,9150354000,9150354000,61,620000,6290000,0
29020785,9149699000,9149699000,9143414000,9146854000,59,6285000,6285000,3440000
29020786,9148274000,9156124000,9148274000,9154654000,62,0,7850000,6380000
29020787,9153987000,9155534000,9143084000,9143084000,54,10903000,12450000,0
29020788,9143484000,9144614000,9138184000,9140884000,67,5300000,6430000,2700000
29020789,9140644000,9142624000,9139484000,9142464000,61,1160000,3140000,2980000
29020790,9142144000,9142144000,9134344000,9136454000,45,7800000,7800000,2110000
29020791,9136994000,9142454000,9134304000,9138474000,84,2690000,8150000,4170000
29020792,9137305000,9137305000,9132384000,9132904000,49,4921000,4921000,520000
29020793,9133634000,9135634000,9131564000,9133094000,45,2070000,4070000,1530000
29020794,9133474000,9134604000,9131764000,9133974000,33,1710000,2840000,2210000
29020795,9134564000,9134564000,9124584000,9125774000,81,9980000,9980000,1190000
29020796,9125814000,9130754000,9121434000,9128544000,83,4380000,9320000,7110000
29020797,9129644000,9133304000,9124984000,9125674000,77,4660000,8320000,690000
29020798,9125004000,9131704000,9123984000,9131704000,41,1020000,7720000,7720000
29020799,9131934000,9132314000,9126984000,9130114000,55,4950000,5330000,3130000
29020800,9129384000,9140514000,9125564000,9135934000,123,3820000,14950000,10370000
29020801,9136464000,9137044000,9127354000,9128904000,93,9110000,9690000,1550000
29020802,9129494000,9129494000,9117986000,9117986000,125,11508000,11508000,0
29020803,9117984000,9120714000,9112684000,9113974000,98,5300000,8030000,1290000
29020804,9113164000,9118974000,9110884000,9116334000,108,2280000,8090000,5450000
29020805,9116744000,9128994000,9116744000,9125850000,111,0,12250000,9106000
29020806,9125884000,9125884000,9120984000,9125374000,73,4900000,4900000,4390000
29020807,9123994000,9126404000,9121444000,9124964000,103,2550000,4960000,3520000
29020808,9125294000,9128874000,9125294000,9127684000,67,0,3580000,2390000
29020809,9128184000,9139014000,9127164000,9137504000,93,1020000,11850000,10340000
29020810,9136484000,9142064000,9131288000,9131804000,93,5196000,10776000,516000
29020811,9131614000,9131614000,9124984000,9128984000,96,6630000,6630000,4000000
29020812,9128504000,9131364000,9125700000,9127254000,71,2804000,5664000,1554000
29020813,9125428000,9128714000,9122044000,9125194000,104,3384000,6670000,3150000
29020814,9126184000,9135734000,9124934000,9135734000,84,1250000,10800000,10800000
29020815,9134924000,9144394000,9133984000,9144394000,78,940000,10410000,10410000
29020816,9144424000,9150974000,9142914000,9149804000,108,1510000,8060000,6890000
29020817,9151134000,9151824000,9143214000,9146154000,96,7920000,8610000,2940000
29020818,9145794000,9150124000,9143984000,9145924000,55,1810000,6140000,1940000
29020819,9144403000,9151824000,9144354000,9149624000,66,49000,7470000,5270000
29020820,9148984000,9148984000,9137024000,9145374000,73,11960000,11960000,8350000
29020821,9145034000,9146974000,9139484000,9144854000,87,5550000,7490000,5370000
29020822,9146114000,9149764000,9143354000,9143354000,67,2760000,6410000,0
29020823,9142254000,9144494000,9140032000,9143704000,73,2222000,4462000,3672000
29020824,9142734000,9145274000,9138994000,9143474000,49,3740000,6280000,4480000
29020825,9142564000,9142564000,9134564000,9134564000,55,8000000,8000000,0
29020826,9134401000,9139594000,9132224000,9137364000,41,2177000,7370000,5140000
29020827,9137134000,9143474000,9136454000,9143474000,85,680000,7020000,7020000
29020828,9144754000,9148974000,9143784000,9146744000,68,970000,5190000,2960000
29020829,9147504000,9149554000,9146974000,9149494000,66,530000,2580000,2520000
29020830,9148734000,9149844000,9143554000,9148974000,85,5180000,6290000,5420000
29020831,9148774000,9149714000,9139444000,9139444000,67,9330000,10270000,0
29020832,9140834000,9146424000,9139444000,9139934000,80,1390000,6980000,490000
29020833,9140834000,9143474000,9137604000,9143474000,41,3230000,5870000,5870000
29020834,9144914000,9146194000,9140984000,9143604000,32,3930000,5210000,2620000
29020835,9142454000,9144184000,9137614000,9139774000,65,4840000,6570000,2160000
29020836,9141094000,9148224000,9140664000,9140664000,76,430000,7560000,0
29020837,9139884000,9139884000,9136984000,9136984000,22,2900000,2900000,0
29020838,9136694000,9136694000,9132574000,9135344000,58,4120000,4120000,2770000
29020839,9134304000,9138854000,9134194000,9138104000,59,110000,4660000,3910000
29020840,9137974000,9144724000,9136274000,9143134000,57,1700000,8450000,6860000
29020841,9143914000,9146664000,9139660000,9146174000,65,4254000,7004000,6514000
29020842,9146564000,9149774000,9143214000,9149744000,96,3350000,6560000,6530000
29020843,9150124000,9154274000,9140514000,9145454000,75,9610000,13760000,4940000
29020844,9146564000,9146754000,9135444000,9135444000,48,11120000,11310000,0
29020845,9137004000,9137004000,9117204000,9120144000,89,19800000,19800000,2940000
29020846,9120724000,9120994000,9106297000,9116804000,124,14427000,14697000,10507000
29020847,9116994000,9129144000,9116284000,9129144000,110,710000,12860000,12860000
29020848,9128294000,9128654000,9119884000,9120384000,90,8410000,8770000,500000
29020849,9120191000,9122944000,9116714000,9117974000,85,3477000,6230000,1260000
29020850,9120944000,9120944000,9111613000,9116144000,84,9331000,9331000,4531000
29020851,9117774000,9121464000,9117084000,9121174000,80,690000,4380000,4090000
29020852,9121584000,9125804000,9119834000,9123374000,72,1750000,5970000,3540000
29020853,9122624000,9129794000,9119624000,9126654000,82,3000000,10170000,7030000
29020854,9126654000,9132684000,9126654000,9128984000,65,0,6030000,2330000
29020855,9128364000,9132974000,9128364000,9130634000,89,0,4610000,2270000
29020856,9131264000,9131984000,9126784000,9127324000,56,4480000,5200000,540000
29020857,9127974000,9130604000,9120534000,9122884000,79,7440000,10070000,2350000
29020858,9122724000,9126354000,9121284000,9121284000,46,1440000,5070000,0
29020859,9120424000,9120424000,9110778000,9110778000,55,9646000,9646000,0
29020860,9110894000,9113184000,9098984000,9103484000,121,11910000,14200000,4500000
29020861,9103484000,9103874000,9100384000,9101594000,77,3100000,3490000,1210000
29020862,9101284000,9112317000,9101284000,9103654000,111,0,11033000,2370000
29020863,9104004000,9113324000,9104004000,9107794000,83,0,9320000,3790000
29020864,9106904000,9109634000,9101184000,9106414000,48,5720000,8450000,5230000
29020865,9105374000,9108814000,9086844000,9091444000,106,18530000,21970000,4600000
29020866,9091984000,9095494000,9085844000,9088764000,103,6140000,9650000,2920000
29020867,9087764000,9088744000,9081824000,9083484000,87,5940000,6920000,1660000
29020868,9081674000,9083034000,9064694000,9072024000,151,16980000,18340000,7330000
29020869,9073054000,9080974000,9068984000,9079354000,128,4070000,11990000,10370000
29020870,9080284000,9091774000,9078134000,9090994000,102,2150000,13640000,12860000
29020871,9090484000,9091764000,9082494000,9089764000,93,7990000,9270000,7270000
29020872,9089734000,9090574000,9080434000,9087084000,93,9300000,10140000,6650000
29020873,9087574000,9088054000,9075734000,9083224000,92,11840000,12320000,7490000
29020874,9084754000,9087574000,9077984000,9077984000,78,6770000,9590000,0
29020875,9078684000,9089724000,9075484000,9089064000,96,3200000,14240000,13580000
29020876,9089944000,9093174000,9084034000,9086314000,115,5910000,9140000,2280000
29020877,9087924000,9096094000,9086329000,9086484000,100,1595000,9765000,155000
29020878,9087904000,9096024000,9086794000,9092864000,110,1110000,9230000,6070000
29020879,9093874000,9094684000,9089634000,9093319000,91,4240000,5050000,3685000
29020880,9092323000,9093974000,9085224000,9086974000,95,7099000,8750000,1750000
29020881,9085684000,9095054000,9085684000,9089264000,83,0,9370000,3580000
29020882,9088984000,9095224000,9086654000,9087354000,110,2330000,8570000,700000
29020883,9087964000,9097974000,9087964000,9097974000,88,0,10010000,10010000
29020884,9097384000,9098964000,9089639000,9090924000,71,7745000,9325000,1285000
29020885,9090244000,9090244000,9080924000,9085194000,81,9320000,9320000,4270000
29020886,9085584000,9090244000,9082864000,9087684000,95,2720000,7380000,4820000
29020887,9087424000,9087944000,9079084000,9079084000,74,8340000,8860000,0
29020888,9076984000,9078064000,9064464000,9065754000,106,12520000,13600000,1290000
29020889,9066274000,9068974000,9058634000,9067974000,118,7640000,10340000,9340000
29020890,9067724000,9070244000,9057004000,9065374000,120,10720000,13240000,8370000
29020891,9064974000,9073974000,9064974000,9073734000,93,0,9000000,8760000
29020892,9074104000,9076424000,9067784000,9075574000,85,6320000,8640000,7790000
29020893,9076324000,9077694000,9073384000,9075744000,70,2940000,4310000,2360000
29020894,9075924000,9078564000,9070534000,9072004000,47,5390000,8030000,1470000
29020895,9071674000,9072414000,9060364000,9063414000,84,11310000,12050000,3050000
29020896,9064964000,9070974000,9060584000,9069164000,90,4380000,10390000,8580000
29020897,9068984000,9070974000,9067295000,9067884000,65,1689000,3679000,589000
29020898,9068274000,9072074000,9065104000,9067194000,61,3170000,6970000,2090000
29020899,9067834000,9068554000,9064234000,9066284000,26,3600000,4320000,2050000
29020900,9065584000,9078974000,9064094000,9078974000,83,1490000,14880000,14880000
29020901,9079294000,9079694000,9066984000,9071224000,84,12310000,12710000,4240000
29020902,9072044000,9080414000,9071234000,9078084000,84,810000,9180000,6850000
29020903,9078814000,9078974000,9073984000,9078584000,55,4830000,4990000,4600000
29020904,9078974000,9086104000,9076114000,9085734000,80,2860000,9990000,9620000
29020905,9085114000,9092004000,9084794000,9090324000,95,320000,7210000,5530000
29020906,9089534000,9090314000,9083564000,9084594000,56,5970000,6750000,1030000
29020907,9084864000,9086264000,9079814000,9079814000,48,5050000,6450000,0
29020908,9080424000,9082364000,9073984000,9073984000,54,6440000,8380000,0
29020909,9075614000,9076924000,9069724000,9071354000,50,5890000,7200000,1630000
29020910,9072284000,9079264000,9071364000,9072564000,63,920000,7900000,1200000
29020911,9071414000,9079774000,9070534000,9075854000,72,880000,9240000,5320000
29020912,9074574000,9083874000,9074574000,9078174000,67,0,9300000,3600000
29020913,9078674000,9078674000,9068765000,9068794000,41,9909000,9909000,29000
29020914,9069924000,9072814000,9069084000,9069084000,45,840000,3730000,0
29020915,9068454000,9068454000,9058084000,9066374000,79,10370000,10370000,8290000
29020916,9067464000,9072694000,9065734000,9070964000,57,1730000,6960000,5230000
29020917,9070184000,9071584000,9067584000,9068319000,50,2600000,4000000,735000
29020918,9068274000,9073074000,9067584000,9068704000,61,690000,5490000,1120000
29020919,9067884000,9072994000,9067884000,9070584000,31,0,5110000,2700000
29020920,9069320000,9074854000,9067964000,9069854000,67,1356000,6890000,1890000
29020921,9069014000,9070984000,9056524000,9062674000,109,12490000,14460000,6150000
29020922,9062764000,9070464000,9059724000,9064984000,93,3040000,10740000,5260000
29020923,9065754000,9071204000,9062904000,9069784000,76,2850000,8300000,6880000
29020924,9070084000,9076474000,9070084000,9073984000,75,0,6390000,3900000
29020925,9073384000,9079874000,9073384000,9074074000,73,0,6490000,690000
29020926,9074834000,9083974000,9074834000,9083164000,90,0,9140000,8330000
29020927,9082484000,9088234000,9082484000,9084054000,79,0,5750000,1570000
29020928,9082897000,9084334000,9076684000,9081664000,60,6213000,7650000,4980000
29020929,9081017000,9082224000,9076684000,9077654000,50,4333000,5540000,970000
29020930,9077874000,9083974000,9077172000,9081674000,44,702000,6802000,4502000
29020931,9081334000,9090384000,9081124000,9086574000,88,210000,9260000,5450000
29020932,9086944000,9092484000,9086944000,9090244000,56,0,5540000,3300000
29020933,9090084000,9092174000,9088034000,9090604000,46,2050000,4140000,2570000
29020934,9092624000,9096174000,9090704000,9094684000,47,1920000,5470000,3980000
29020935,9095684000,9105634000,9088984000,9104374000,99,6700000,16650000,15390000
29020936,9104444000,9118854000,9104444000,9116894000,133,0,14410000,12450000
29020937,9117774000,9128234000,9110664000,9122204000,123,7110000,17570000,11540000
29020938,9122284000,9125974000,9113984000,9124104000,92,8300000,11990000,10120000
29020939,9124184000,9124184000,9113984000,9116884000,100,10200000,10200000,2900000
29020940,9116154000,9116154000,9103314000,9112324000,106,12840000,12840000,9010000
29020941,9112324000,9124304000,9112324000,9122724000,95,0,11980000,10400000
29020942,9122064000,9131364000,9119564000,9125434000,110,2500000,11800000,5870000
29020943,9126634000,9134774000,9124374000,9130984000,102,2260000,10400000,6610000
29020944,9132284000,9132284000,9124064000,9126604000,60,8220000,8220000,2540000
29020945,9127464000,9138974000,9126634000,9134604000,112,830000,12340000,7970000
29020946,9135984000,9137524000,9131424000,9136124000,93,4560000,6100000,4700000
29020947,9135806000,9148874000,9135474000,9145154000,124,332000,13400000,9680000
29020948,9145494000,9156264000,9143984000,9156264000,110,1510000,12280000,12280000
29020949,9155214000,9162234000,9150654000,9160934000,106,4560000,11580000,10280000
29020950,9159836000,9160014000,9141001000,9141001000,141,18835000,19013000,0
29020951,9141044000,9149964000,9138984000,9148974000,114,2060000,10980000,9990000
29020952,9147944000,9154474000,9147234000,9152054000,92,710000,7240000,4820000
29020953,9149611000,9149611000,9138984000,9138984000,82,10627000,10627000,0
29020954,9139724000,9143974000,9137463000,9142734000,79,2261000,6511000,5271000
29020955,9141824000,9142494000,9133984000,9133984000,67,7840000,8510000,0
29020956,9134984000,9134984000,9123194000,9128444000,73,11790000,11790000,5250000
29020957,9127629000,9134624000,9126474000,9133694000,89,1155000,8150000,7220000
29020958,9130614000,9132074000,9123714000,9128974000,83,6900000,8360000,5260000
29020959,9128015000,9128015000,9117984000,9120004000,83,10031000,10031000,2020000
29020960,9119184000,9128964000,9115404000,9128964000,91,3780000,13560000,13560000
29020961,9128285000,9130074000,9122044000,9125884000,60,6241000,8030000,3840000
29020962,9125058000,9133244000,9119344000,9131984000,71,5714000,13900000,12640000
29020963,9131185000,9131984000,9127054000,9131984000,44,4131000,4930000,4930000
29020964,9130074000,9130884000,9119894000,9120594000,42,10180000,10990000,700000
29020965,9120784000,9125954000,9120324000,9125954000,78,460000,5630000,5630000
29020966,9126524000,9128974000,9123514000,9128974000,63,3010000,5460000,5460000
29020967,9127024000,9128324000,9122434000,9122464000,59,4590000,5890000,30000
29020968,9121984000,9126984000,9121144000,9125884000,54,840000,5840000,4740000
29020969,9125299000,9126634000,9116884000,9118984000,50,8415000,9750000,2100000
29020970,9120454000,9128974000,9120454000,9122474000,75,0,8520000,2020000
29020971,9123504000,9129474000,9119894000,9128724000,61,3610000,9580000,8830000
29020972,9128174000,9133974000,9128174000,9129014000,74,0,5800000,840000
29020973,9130064000,9132284000,9120984000,9122784000,67,9080000,11300000,1800000
29020974,9123924000,9123924000,9120984000,9120984000,25,2940000,2940000,0
29020975,9121494000,9127134000,9120344000,9127134000,44,1150000,6790000,6790000
29020976,9128394000,9128774000,9122864000,9128774000,55,5530000,5910000,5910000
29020977,9128974000,9131084000,9126004000,9127814000,46,2970000,5080000,1810000
29020978,9126804000,9130614000,9125104000,9128644000,52,1700000,5510000,3540000
29020979,9127754000,9127754000,9123028000,9123974000,51,4726000,4726000,946000
29020980,9123044000,9128494000,9113724000,9113724000,99,9320000,14770000,0
29020981,9114184000,9114474000,9098984000,9098984000,119,15200000,15490000,0
29020982,9097535000,9104584000,9094294000,9098714000,87,3241000,10290000,4420000
29020983,9100014000,9103914000,9095884000,9101794000,93,4130000,8030000,5910000
29020984,9100604000,9109914000,9100264000,9107144000,88,340000,9650000,6880000
29020985,9106084000,9107144000,9098984000,9099814000,98,7100000,8160000,830000
29020986,9100604000,9106024000,9098984000,9105634000,66,1620000,7040000,6650000
29020987,9105774000,9108454000,9099013000,9100604000,95,6761000,9441000,1591000
29020988,9099424000,9104194000,9098984000,9103704000,55,440000,5210000,4720000
29020989,9103094000,9103924000,9099424000,9103924000,65,3670000,4500000,4500000
29020990,9103974000,9118974000,9103974000,9118974000,63,0,15000000,15000000
29020991,9119064000,9119064000,9109684000,9109684000,81,9380000,9380000,0
29020992,9106562000,9118674000,9106562000,9117024000,101,0,12112000,10462000
29020993,9116974000,9128743000,9116224000,9121034000,78,750000,12519000,4810000
29020994,9121834000,9123294000,9115444000,9117164000,66,6390000,7850000,1720000
29020995,9117664000,9127184000,9117664000,9123624000,82,0,9520000,5960000
29020996,9124064000,9129924000,9122994000,9127334000,64,1070000,6930000,4340000
29020997,9127734000,9139494000,9127294000,9139494000,86,440000,12200000,12200000
29020998,9138984000,9139874000,9136864000,9136864000,52,2120000,3010000,0
29020999,9137884000,9137884000,9130384000,9130384000,65,7500000,7500000,0
29021000,9131284000,9135994000,9131067000,9133194000,54,217000,4927000,2127000
29021001,9134424000,9135324000,9133194000,9135324000,33,1230000,2130000,2130000
29021002,9134563000,9134563000,9125474000,9130174000,62,9089000,9089000,4700000
29021003,9129814000,9130184000,9126034000,9128054000,48,3780000,4150000,2020000
29021004,9127314000,9133064000,9123984000,9133064000,63,3330000,9080000,9080000
29021005,9133814000,9138404000,9131794000,9136974000,62,2020000,6610000,5180000
29021006,9135984000,9138194000,9135624000,9137914000,28,360000,2570000,2290000
29021007,9136874000,9137754000,9134144000,9137464000,36,2730000,3610000,3320000
29021008,9136630000,9137284000,9134124000,9134124000,51,2506000,3160000,0
29021009,9133984000,9140864000,9133724000,9138474000,42,260000,7140000,4750000
29021010,9137294000,9146004000,9135504000,9142014000,82,1790000,10500000,6510000
29021011,9142014000,9142564000,9133354000,9133764000,78,8660000,9210000,410000
29021012,9134154000,9136634000,9130004000,9136634000,63,4150000,6630000,6630000
29021013,9136214000,9153974000,9136154000,9141674000,135,60000,17820000,5520000
29021014,9140984000,9141534000,9130854000,9131794000,95,10130000,10680000,940000
29021015,9131774000,9131774000,9125684000,9126424000,66,6090000,6090000,740000
29021016,9126604000,9131694000,9126604000,9130974000,83,0,5090000,4370000
29021017,9131684000,9135974000,9128664000,9132744000,50,3020000,7310000,4080000
29021018,9131844000,9133734000,9126984000,9127804000,42,4860000,6750000,820000
29021019,9126894000,9126894000,9118984000,9121724000,78,7910000,7910000,2740000
29021020,9123204000,9127974000,9123204000,9125254000,38,0,4770000,2050000
29021021,9125684000,9131874000,9125454000,9125454000,43,230000,6420000,0
29021022,9125454000,9129764000,9125454000,9126864000,41,0,4310000,1410000
29021023,9127634000,9132874000,9127634000,9129524000,26,0,5240000,1890000
29021024,9131184000,9137104000,9131184000,9137104000,43,0,5920000,5920000
29021025,9137134000,9142394000,9134674000,9142394000,68,2460000,7720000,7720000
29021026,9142514000,9143974000,9131984000,9131984000,65,10530000,11990000,0
29021027,9132454000,9136484000,9129284000,9134924000,48,3170000,7200000,5640000
29021028,9135374000,9138154000,9131784000,9135664000,29,3590000,6370000,3880000
29021029,9138394000,9139794000,9135664000,9135664000,53,2730000,4130000,0
29021030,9134850000,9136194000,9129957000,9132444000,67,4893000,6237000,2487000
29021031,9132794000,9134914000,9130264000,9132114000,41,2530000,4650000,1850000
29021032,9131984000,9133534000,9130884000,9132794000,30,1100000,2650000,1910000
29021033,9131984000,9133264000,9130044000,9132914000,30,1940000,3220000,2870000
29021034,9132354000,9133414000,9130044000,9131064000,33,2310000,3370000,1020000
29021035,9130814000,9133534000,9130814000,9132324000,28,0,2720000,1510000
29021036,9132924000,9133904000,9131374000,9133904000,19,1550000,2530000,2530000
29021037,9132834000,9132834000,9126575000,9126584000,37,6259000,6259000,9000
29021038,9126964000,9127974000,9126964000,9127304000,21,0,1010000,340000
29021039,9127964000,9130894000,9127964000,9130894000,11,0,2930000,2930000
29021040,9130694000,9133184000,9128984000,9132854000,62,1710000,4200000,3870000
29021041,9133284000,9135934000,9119904000,9119904000,77,13380000,16030000,0
29021042,9120754000,9122884000,9114014000,9118444000,90,6740000,8870000,4430000
29021043,9116874000,9118434000,9112264000,9112274000,56,4610000,6170000,10000
29021044,9112474000,9112494000,9110984000,9110984000,23,1490000,1510000,0
29021045,9110864000,9111614000,9108764000,9111614000,37,2100000,2850000,2850000
29021046,9111134000,9111134000,9092634000,9092804000,86,18500000,18500000,170000
29021047,9093474000,9099684000,9086384000,9093734000,93,7090000,13300000,7350000
29021048,9093884000,9104574000,9093884000,9104274000,92,0,10690000,10390000
29021049,9103591000,9107644000,9095984000,9101424000,63,7607000,11660000,5440000
29021050,9101144000,9102174000,9091134000,9098244000,86,10010000,11040000,7110000
29021051,9098744000,9100834000,9096494000,9100014000,56,2250000,4340000,3520000
29021052,9100484000,9105574000,9098934000,9098934000,53,1550000,6640000,0
29021053,9098244000,9101754000,9095623000,9101144000,74,2621000,6131000,5521000
29021054,9100864000,9101784000,9098154000,9099424000,54,2710000,3630000,1270000
29021055,9098994000,9098994000,9089004000,9089264000,84,9990000,9990000,260000
29021056,9089164000,9090464000,9079984000,9082404000,89,9180000,10480000,2420000
29021057,9081784000,9082844000,9073984000,9080894000,117,7800000,8860000,6910000
29021058,9081224000,9083084000,9065375000,9069214000,122,15849000,17709000,3839000
29021059,9069934000,9078974000,9066493000,9078974000,84,3441000,12481000,12481000
29021060,9079354000,9080004000,9071934000,9074164000,78,7420000,8070000,2230000
29021061,9075074000,9078974000,9068984000,9068984000,67,6090000,9990000,0
29021062,9067830000,9070014000,9062074000,9068654000,119,5756000,7940000,6580000
29021063,9068074000,9073614000,9054821000,9072234000,135,13253000,18793000,17413000
29021064,9071534000,9071534000,9062914000,9065884000,83,8620000,8620000,2970000
29021065,9066794000,9073204000,9065394000,9073204000,72,1400000,7810000,7810000
29021066,9072304000,9076554000,9072304000,9074904000,60,0,4250000,2600000
29021067,9075744000,9077294000,9065014000,9068744000,95,10730000,12280000,3730000
29021068,9071004000,9078974000,9069604000,9077674000,70,1400000,9370000,8070000
29021069,9078754000,9086524000,9078754000,9080924000,52,0,7770000,2170000
29021070,9079994000,9088974000,9079994000,9083344000,107,0,8980000,3350000
29021071,9084254000,9087974000,9074224000,9074224000,77,10030000,13750000,0
29021072,9073384000,9078514000,9068977000,9070191000,78,4407000,9537000,1214000
29021073,9069894000,9071374000,9066964000,9067464000,85,2930000,4410000,500000
29021074,9067554000,9071974000,9064984000,9070504000,91,2570000,6990000,5520000
29021075,9069564000,9071304000,9045584000,9050434000,98,23980000,25720000,4850000
29021076,9050564000,9058974000,9048984000,9048984000,111,1580000,9990000,0
29021077,9050324000,9052564000,9031684000,9039254000,191,18640000,20880000,7570000
29021078,9038304000,9043974000,9035744000,9042444000,121,2560000,8230000,6700000
29021079,9043534000,9043554000,9022624000,9022624000,126,20910000,20930000,0
29021080,9021954000,9031674000,9015274000,9031674000,155,6680000,16400000,16400000
29021081,9032244000,9041974000,9029084000,9031664000,136,3160000,12890000,2580000
29021082,9033014000,9041484000,9029284000,9029284000,117,3730000,12200000,0
29021083,9030774000,9035914000,9025734000,9032774000,126,5040000,10180000,7040000
29021084,9034974000,9039004000,9034784000,9035974000,72,190000,4220000,1190000
29021085,9035164000,9042734000,9028414000,9038804000,114,6750000,14320000,10390000
29021086,9039554000,9041484000,9027884000,9031564000,94,11670000,13600000,3680000
29021087,9029604000,9031314000,9021314000,9025016000,103,8290000,10000000,3702000
29021088,9024194000,9026044000,9000824000,9000824000,131,23370000,25220000,0
29021089,9001164000,9010564000,8978984000,8980454000,187,22180000,31580000,1470000
29021090,8980099000,8997604000,8979734000,8995344000,140,365000,17870000,15610000
29021091,8996984000,9005974000,8988534000,8989817000,134,8450000,17440000,1283000
29021092,8989824000,9003404000,8988984000,9000774000,138,840000,14420000,11790000
29021093,8999004000,8999974000,8989164000,8989984000,104,9840000,10810000,820000
29021094,8989084000,8996574000,8988984000,8988984000,98,100000,7590000,0
29021095,8988164000,8998824000,8987944000,8996984000,97,220000,10880000,9040000
29021096,8997624000,9010294000,8995614000,9010294000,94,2010000,14680000,14680000
29021097,9010294000,9013374000,9004684000,9013374000,96,5610000,8690000,8690000
29021098,9013714000,9021234000,9012984000,9015624000,109,730000,8250000,2640000
29021099,9016264000,9020664000,9004484000,9004484000,66,11780000,16180000,0
29021100,9005254000,9026984000,9002684000,9025384000,129,2570000,24300000,22700000
29021101,9024335000,9025374000,9010444000,9010844000,101,13891000,14930000,400000
29021102,9009984000,9018544000,9002734000,9017404000,111,7250000,15810000,14670000
29021103,9017317000,9021014000,9009984000,9021014000,106,7333000,11030000,11030000
29021104,9021014000,9021674000,9006154000,9006154000,119,14860000,15520000,0
29021105,9005201000,9008974000,8999394000,9008974000,109,5807000,9580000,9580000
29021106,9009774000,9012714000,9005984000,9012704000,98,3790000,6730000,6720000
29021107,9012724000,9018444000,9009418000,9018444000,89,3306000,9026000,9026000
29021108,9018974000,9027224000,9018974000,9025224000,85,0,8250000,6250000
29021109,9025674000,9035874000,9023634000,9025354000,106,2040000,12240000,1720000
29021110,9026044000,9028974000,9024944000,9024944000,76,1100000,4030000,0
29021111,9025694000,9028974000,9019514000,9019514000,63,6180000,9460000,0
29021112,9020534000,9033614000,9019624000,9026954000,108,910000,13990000,7330000
29021113,9029214000,9030274000,9019514000,9019514000,115,9700000,10760000,0
29021114,9019984000,9028804000,9019984000,9025484000,101,0,8820000,5500000
29021115,9025784000,9035974000,9025784000,9033984000,119,0,10190000,8200000
29021116,9035274000,9039764000,9028214000,9032534000,138,7060000,11550000,4320000
29021117,9033454000,9038974000,9030098000,9036704000,108,3356000,8876000,6606000
29021118,9035434000,9036214000,9017154000,9017154000,91,18280000,19060000,0
29021119,9016984000,9020884000,9010134000,9012364000,109,6850000,10750000,2230000
29021120,9011134000,9014014000,9000750000,9004694000,127,10384000,13264000,3944000
29021121,9004154000,9004964000,8990474000,8996244000,128,13680000,14490000,5770000
29021122,8997724000,9006174000,8991184000,9001744000,125,6540000,14990000,10560000
29021123,9001384000,9014204000,8994584000,9013034000,126,6800000,19620000,18450000
29021124,9013614000,9023974000,9005764000,9005764000,133,7850000,18210000,0
29021125,9004814000,9015394000,9003564000,9006604000,116,1250000,11830000,3040000
29021126,9007814000,9022524000,9006974000,9008584000,113,840000,15550000,1610000
29021127,9009324000,9012404000,9007744000,9008334000,110,1580000,4660000,590000
29021128,9008294000,9009974000,8999614000,9001374000,113,8680000,10360000,1760000
29021129,9002084000,9006254000,8991224000,9002984000,93,10860000,15030000,11760000
29021130,9003534000,9041500000,9000788000,9031454000,205,2746000,40712000,30666000
29021131,9029633000,9040824000,9019217000,9033078000,190,10416000,21607000,13861000
29021132,9031554000,9034324000,9008334000,9012444000,159,23220000,25990000,4110000
29021133,9013034000,9023204000,9007154000,9022314000,133,5880000,16050000,15160000
29021134,9023674000,9036684000,9022294000,9027274000,138,1380000,14390000,4980000
29021135,9029014000,9029494000,9017874000,9018314000,142,11140000,11620000,440000
29021136,9018324000,9028974000,9018324000,9025874000,120,0,10650000,7550000
29021137,9027714000,9033474000,9023694000,9024614000,118,4020000,9780000,920000
29021138,9025974000,9036764000,9025974000,9029774000,106,0,10790000,3800000
29021139,9025044000,9025374000,9013774000,9013774000,98,11270000,11600000,0
29021140,9013034000,9018354000,9007094000,9009344000,99,5940000,11260000,2250000
29021141,9010344000,9015664000,9010114000,9013844000,106,230000,5550000,3730000
29021142,9011874000,9014964000,9006124000,9011954000,97,5750000,8840000,5830000
29021143,9007376000,9013504000,9004666000,9005304000,109,2710000,8838000,638000
29021144,9004194000,9006074000,8999144000,9002084000,104,5050000,6930000,2940000
29021145,9000514000,9001684000,8995294000,8998974000,108,5220000,6390000,3680000
29021146,8998984000,8998984000,8981384000,8993534000,148,17600000,17600000,12150000
29021147,8995350000,8998974000,8988984000,8997734000,133,6366000,9990000,8750000
29021148,8996983000,9004734000,8993054000,9004734000,118,3929000,11680000,11680000
29021149,9004874000,9014054000,9000664000,9014024000,87,4210000,13390000,13360000
29021150,9011637000,9015654000,8996524000,8996524000,114,15113000,19130000,0
29021151,8995424000,9003554000,8994154000,8999064000,84,1270000,9400000,4910000
29021152,8999514000,9009124000,8994154000,9005744000,92,5360000,14970000,11590000
29021153,9005254000,9006074000,8995144000,8998624000,95,10110000,10930000,3480000
29021154,8999224000,9002174000,8993984000,8993984000,98,5240000,8190000,0
29021155,8993504000,8995494000,8983384000,8988034000,110,10120000,12110000,4650000
29021156,8988974000,8990744000,8962944000,8965024000,131,26030000,27800000,2080000
29021157,8965684000,8976154000,8963984000,8972584000,147,1700000,12170000,8600000
29021158,8970544000,8975644000,8968184000,8968204000,105,2360000,7460000,20000
29021159,8968944000,8971284000,8944214000,8954144000,145,24730000,27070000,9930000
29021160,8952884000,8956224000,8938064000,8946254000,158,14820000,18160000,8190000
29021161,8945984000,8948804000,8942364000,8942514000,134,3620000,6440000,150000
29021162,8943514000,8965364000,8941234000,8962974000,143,2280000,24130000,21740000
29021163,8962414000,8974304000,8961644000,8971554000,134,770000,12660000,9910000
29021164,8970714000,8976274000,8966984000,8973484000,122,3730000,9290000,6500000
29021165,8972961000,8975724000,8952754000,8952754000,116,20207000,22970000,0
29021166,8954034000,8955504000,8945144000,8954344000,152,8890000,10360000,9200000
29021167,8953884000,8963074000,8948984000,8958594000,133,4900000,14090000,9610000
29021168,8959404000,8972894000,8955984000,8969994000,134,3420000,16910000,14010000
29021169,8970394000,8970394000,8962734000,8966164000,111,7660000,7660000,3430000
29021170,8965200000,8967274000,8958984000,8960984000,95,6216000,8290000,2000000
29021171,8960405000,8965744000,8954337000,8965474000,115,6068000,11407000,11137000
29021172,8965494000,8970204000,8954664000,8954994000,97,10830000,15540000,330000
29021173,8953984000,8956344000,8951514000,8955824000,88,2470000,4830000,4310000
29021174,8955174000,8958784000,8951534000,8955504000,68,3640000,7250000,3970000
29021175,8956094000,8956094000,8946984000,8949114000,58,9110000,9110000,2130000
29021176,8949764000,8964584000,8948474000,8963814000,114,1290000,16110000,15340000
29021177,8963782000,8980414000,8960054000,8979724000,149,3728000,20360000,19670000
29021178,8979404000,8980414000,8972064000,8975154000,101,7340000,8350000,3090000
29021179,8976184000,8986074000,8976184000,8985690000,103,0,9890000,9506000
29021180,8984844000,8985924000,8969574000,8973714000,80,15270000,16350000,4140000
29021181,8973084000,8976454000,8963084000,8975864000,113,10000000,13370000,12780000
29021182,8976384000,8977084000,8965214000,8966384000,119,11170000,11870000,1170000
29021183,8966784000,8976894000,8966784000,8976894000,76,0,10110000,10110000
29021184,8976824000,8978075000,8973604000,8975024000,105,3220000,4471000,1420000
29021185,8976124000,8990294000,8973604000,8987284000,94,2520000,16690000,13680000
29021186,8988244000,8993014000,8985134000,8985784000,77,3110000,7880000,650000
29021187,8986724000,8989254000,8978644000,8978644000,103,8080000,10610000,0
29021188,8978574000,8984934000,8977704000,8981684000,98,870000,7230000,3980000
29021189,8982464000,8992774000,8981164000,8988734000,110,1300000,11610000,7570000
29021190,8989924000,9010734000,8972214000,9010654000,193,17710000,38520000,38440000
29021191,9012024000,9028573000,8961354000,8963584000,204,50670000,67219000,2230000
29021192,8962274000,8970124000,8938754000,8939484000,204,23520000,31370000,730000
29021193,8939624000,8939624000,8915094000,8933304000,226,24530000,24530000,18210000
29021194,8933744000,8957992000,8923494000,8953004000,224,10250000,34498000,29510000
29021195,8952674000,8952674000,8928023000,8938824000,203,24651000,24651000,10801000
29021196,8938311000,8938311000,8906254000,8924405000,220,32057000,32057000,18151000
29021197,8923844000,8949294000,8916334000,8941234000,222,7510000,32960000,24900000
29021198,8941324000,8976984000,8935074000,8972784000,211,6250000,41910000,37710000
29021199,8973764000,8979694000,8961216000,8967474000,209,12548000,18478000,6258000
29021200,8967484000,8970984000,8951002000,8953154000,191,16482000,19982000,2152000
29021201,8953854000,8955785000,8920104000,8930894000,193,33750000,35681000,10790000
29021202,8932064000,8949534000,8929494000,8947574000,205,2570000,20040000,18080000
29021203,8947604000,8958984000,8932994000,8934073000,193,14610000,25990000,1079000
29021204,8934394000,8937654000,8924684000,8926564000,187,9710000,12970000,1880000
29021205,8925404000,8945164000,8922974000,8932794000,191,2430000,22190000,9820000
29021206,8932295000,8941264000,8917474000,8934774000,190,14821000,23790000,17300000
29021207,8935764000,8957730000,8931374000,8954764000,188,4390000,26356000,23390000
29021208,8954484000,8962974000,8933984000,8939848000,188,20500000,28990000,5864000
29021209,8939714000,8973704000,8938984000,8966124000,182,730000,34720000,27140000
29021210,8967024000,9021774000,8964784000,9014734000,204,2240000,56990000,49950000
29021211,9013586000,9033574000,9010884000,9012994000,197,2702000,22690000,2110000
29021212,9012454000,9018974000,9006294000,9010144000,166,6160000,12680000,3850000
29021213,9010654000,9013994000,8996095000,8997134000,172,14559000,17899000,1039000
29021214,8994984000,8999474000,8979844000,8988084000,163,15140000,19630000,8240000
29021215,8986564000,9004984000,8983794000,8989974000,159,2770000,21190000,6180000
29021216,8991974000,8996684000,8973414000,8975808000,164,18560000,23270000,2394000
29021217,8976364000,8980044000,8958974000,8967974000,189,17390000,21070000,9000000
29021218,8968054000,8977218000,8957934000,8962054000,163,10120000,19284000,4120000
29021219,8962674000,8977684000,8959964000,8974994000,162,2710000,17720000,15030000
29021220,8974904000,9009314000,8958374000,8996984000,196,16530000,50940000,38610000
29021221,8999884000,9008774000,8983234000,8988974000,195,16650000,25540000,5740000
29021222,8988184000,9003214000,8981077000,8993254000,201,7107000,22137000,12177000
29021223,8992692000,9014674000,8986548000,9007114000,210,6144000,28126000,20566000
29021224,9007114000,9028236000,9007114000,9022710000,204,0,21122000,15596000
29021225,9022334000,9037474000,9014274000,9015784000,193,8060000,23200000,1510000
29021226,9017374000,9049324000,9015644000,9049324000,205,1730000,33680000,33680000
29021227,9049464000,9088334000,9043234000,9076664000,205,6230000,45100000,33430000
29021228,9076774000,9104904000,9073684000,9084694000,222,3090000,31220000,11010000
29021229,9086764000,9090254000,9073694000,9073694000,201,13070000,16560000,0
29021230,9073594000,9075744000,9052554000,9054344000,201,21040000,23190000,1790000
29021231,9055624000,9085574000,9044974000,9083174000,202,10650000,40600000,38200000
29021232,9083524000,9087774000,9060094000,9065294000,195,23430000,27680000,5200000
29021233,9065144000,9078114000,9060974000,9066954000,188,4170000,17140000,5980000
29021234,9067424000,9068974000,9055404000,9058404000,174,12020000,13570000,3000000
29021235,9058008000,9076974000,9054794000,9066834000,184,3214000,22180000,12040000
29021236,9063061000,9093844000,9062018000,9084584000,202,1043000,31826000,22566000
29021237,9084584000,9104744000,9084584000,9104744000,159,0,20160000,20160000
29021238,9105994000,9131998000,9105994000,9113184000,203,0,26004000,7190000
29021239,9112267000,9122474000,9104404000,9108274000,193,7863000,18070000,3870000
29021240,9112984000,9118094000,9096954000,9096954000,186,16030000,21140000,0
29021241,9096544000,9106974000,9096394000,9103064000,176,150000,10580000,6670000
29021242,9104854000,9111984000,9098974000,9108984000,168,5880000,13010000,10010000
29021243,9108584000,9108814000,9079624000,9079624000,176,28960000,29190000,0
29021244,9078184000,9084644000,9066984000,9075754000,150,11200000,17660000,8770000
29021245,9074484000,9081144000,9062084000,9065654000,152,12400000,19060000,3570000
29021246,9064217000,9073464000,9045814000,9048974000,170,18403000,27650000,3160000
29021247,9047611000,9063914000,9040674000,9063084000,159,6937000,23240000,22410000
29021248,9061324000,9081174000,9059618000,9079913000,171,1706000,21556000,20295000
29021249,9079294000,9088144000,9076984000,9082644000,164,2310000,11160000,5660000
29021250,9083064000,9085034000,9064063000,9064063000,161,19001000,20971000,0
29021251,9064070000,9079774000,9058564000,9067304000,173,5506000,21210000,8740000
29021252,9066274000,9073684000,9055584000,9073234000,170,10690000,18100000,17650000
29021253,9072864000,9085154000,9065514000,9069104000,185,7350000,19640000,3590000
29021254,9070974000,9076404000,9064805000,9074574000,165,6169000,11599000,9769000
29021255,9074854000,9086884000,9065194000,9086884000,174,9660000,21690000,21690000
29021256,9086564000,9096204000,9082494000,9088996000,167,4070000,13710000,6502000
29021257,9088984000,9101784000,9084124000,9095884000,176,4860000,17660000,11760000
29021258,9095054000,9101554000,9090184000,9099814000,172,4870000,11370000,9630000
29021259,9099084000,9130204000,9097454000,9122934000,164,1630000,32750000,25480000
29021260,9121904000,9140974000,9120585000,9135044000,169,1319000,20389000,14459000
29021261,9138072000,9138164000,9117233000,9123414000,164,20839000,20931000,6181000
29021262,9124834000,9126614000,9110784000,9114964000,148,14050000,15830000,4180000
29021263,9113294000,9120974000,9110818000,9112043000,145,2476000,10156000,1225000
29021264,9112444000,9121024000,9110884000,9112434000,147,1560000,10140000,1550000
29021265,9111774000,9121674000,9104131000,9104545000,157,7643000,17543000,414000
29021266,9104409000,9112974000,9089494000,9097824000,165,14915000,23480000,8330000
29021267,9097414000,9100594000,9088594000,9088984000,142,8820000,12000000,390000
29021268,9091364000,9105634000,9085584000,9103936000,146,5780000,20050000,18352000
29021269,9104154000,9110064000,9098634000,9098634000,157,5520000,11430000,0
29021270,9098054000,9098054000,9078214000,9078214000,141,19840000,19840000,0
29021271,9076984000,9083844000,9069404000,9080174000,155,7580000,14440000,10770000
29021272,9081064000,9091124000,9077804000,9081974000,152,3260000,13320000,4170000
29021273,9082404000,9087234000,9076824000,9086404000,167,5580000,10410000,9580000
29021274,9086394000,9090804000,9064184000,9066104000,152,22210000,26620000,1920000
29021275,9066104000,9069974000,9057784000,9065484000,156,8320000,12190000,7700000
29021276,9066534000,9066964000,9057784000,9061604000,139,8750000,9180000,3820000
29021277,9063204000,9082124000,9063074000,9077244000,161,130000,19050000,14170000
29021278,9077914000,9079954000,9067474000,9070214000,131,10440000,12480000,2740000
29021279,9071324000,9078974000,9067984000,9076044000,121,3340000,10990000,8060000
29021280,9077024000,9093194000,9070031000,9070404000,150,6993000,23163000,373000
29021281,9070404000,9083774000,9070404000,9075404000,151,0,13370000,5000000
29021282,9075184000,9088124000,9066894000,9088124000,157,8290000,21230000,21230000
29021283,9087314000,9100874000,9083020000,9100564000,157,4294000,17854000,17544000
29021284,9099694000,9101018000,9081354000,9084784000,135,18340000,19664000,3430000
29021285,9082729000,9089484000,9075114000,9080804000,164,7615000,14370000,5690000
29021286,9082804000,9082984000,9065774000,9075554000,136,17030000,17210000,9780000
29021287,9076154000,9076984000,9063184000,9067334000,148,12970000,13800000,4150000
29021288,9066684000,9088764000,9064774000,9088194000,151,1910000,23990000,23420000
29021289,9088974000,9097634000,9084984000,9094836000,149,3990000,12650000,9852000
29021290,9094339000,9094974000,9076394000,9076394000,139,17945000,18580000,0
29021291,9077754000,9081134000,9072984000,9077594000,147,4770000,8150000,4610000
29021292,9078154000,9080344000,9070264000,9070264000,153,7890000,10080000,0
29021293,9070974000,9073584000,9065584000,9069314000,137,5390000,8000000,3730000
29021294,9067834000,9070684000,9061144000,9070684000,121,6690000,9540000,9540000
29021295,9068984000,9069824000,9055984000,9056284000,140,13000000,13840000,300000
29021296,9056844000,9065504000,9052596000,9056814000,142,4248000,12908000,4218000
29021297,9058194000,9067774000,9058194000,9065924000,136,0,9580000,7730000
29021298,9066724000,9076054000,9064734000,9075474000,140,1990000,11320000,10740000
29021299,9076054000,9076054000,9066154000,9067494000,149,9900000,9900000,1340000
29021300,9065486000,9071354000,9054444000,9056204000,160,11042000,16910000,1760000
29021301,9054716000,9061544000,9049834000,9049834000,140,4882000,11710000,0
29021302,9047784000,9048704000,9018984000,9023754000,174,28800000,29720000,4770000
29021303,9023894000,9034994000,9015784000,9030174000,165,8110000,19210000,14390000
29021304,9031964000,9036384000,9026974000,9035184000,147,4990000,9410000,8210000
29021305,9037614000,9039764000,9028044000,9036124000,149,9570000,11720000,8080000
29021306,9034682000,9034682000,9002084000,9008784000,187,32598000,32598000,6700000
29021307,9009584000,9012924000,9002744000,9010974000,153,6840000,10180000,8230000
29021308,9009764000,9012304000,8995385000,8997634000,149,14379000,16919000,2249000
29021309,8997634000,9035374000,8989374000,9025984000,175,8260000,46000000,36610000
29021310,9023414000,9053128000,9018644000,9019884000,214,4770000,34484000,1240000
29021311,9018984000,9020734000,9001602000,9012564000,201,17382000,19132000,10962000
29021312,9011884000,9026044000,9001004000,9023939000,219,10880000,25040000,22935000
29021313,9023887000,9029984000,9014264000,9022724000,192,9623000,15720000,8460000
29021314,9022834000,9037194000,9018124000,9031374000,199,4710000,19070000,13250000
29021315,9031404000,9039014000,9021294000,9025684000,193,10110000,17720000,4390000
29021316,9023785000,9041954000,9014927000,9025204000,183,8858000,27027000,10277000
29021317,9025974000,9025974000,9010274000,9016494000,187,15700000,15700000,6220000
29021318,9018944000,9027794000,9013964000,9024864000,170,4980000,13830000,10900000
29021319,9024673000,9025394000,9010974000,9013334000,183,13699000,14420000,2360000
29021320,9014404000,9018974000,9002135000,9016544000,173,12269000,16839000,14409000
29021321,9016984000,9024374000,9011974000,9022244000,151,5010000,12400000,10270000
29021322,9021314000,9025504000,9011984000,9020124000,135,9330000,13520000,8140000
29021323,9018624000,9023464000,9007934000,9013614000,157,10690000,15530000,5680000
29021324,9012464000,9015064000,9006504000,9013024000,147,5960000,8560000,6520000
29021325,9011797000,9026804000,9009824000,9026164000,180,1973000,16980000,16340000
29021326,9025264000,9038004000,9022264000,9037284000,167,3000000,15740000,15020000
29021327,9037134000,9038234000,9025224000,9031934000,139,11910000,13010000,6710000
29021328,9032974000,9034774000,9025084000,9030984000,141,7890000,9690000,5900000
29021329,9029148000,9030734000,9018984000,9025888000,139,10164000,11750000,6904000
29021330,9025644000,9025644000,9007744000,9010004000,171,17900000,17900000,2260000
29021331,9011174000,9014244000,8995394000,8996714000,154,15780000,18850000,1320000
29021332,8997344000,9002204000,8991244000,8998724000,157,6100000,10960000,7480000
29021333,8998444000,9003704000,8976344000,8976344000,156,22100000,27360000,0
29021334,8976804000,8978054000,8962814000,8977774000,168,13990000,15240000,14960000
29021335,8976384000,8976384000,8954094000,8960264000,186,22290000,22290000,6170000
29021336,8961974000,8966614000,8952784000,8966614000,183,9190000,13830000,13830000
29021337,8967344000,8967344000,8928344000,8929434000,175,39000000,39000000,1090000
29021338,8931064000,8941854000,8929337000,8932364000,179,1727000,12517000,3027000
29021339,8932534000,8936384000,8916024000,8926974000,170,16510000,20360000,10950000
29021340,8927424000,8929254000,8907784000,8926504000,192,19640000,21470000,18720000
29021341,8924984000,8925504000,8862594000,8868037000,214,62390000,62910000,5443000
29021342,8865286000,8889604000,8865254000,8876544000,194,32000,24350000,11290000
29021343,8877324000,8881774000,8852434000,8855131000,201,24890000,29340000,2697000
29021344,8853994000,8866754000,8848984000,8852684000,194,5010000,17770000,3700000
29021345,8851526000,8868354000,8849414000,8866274000,183,2112000,18940000,16860000
29021346,8865584000,8875564000,8848178000,8856614000,187,17406000,27386000,8436000
29021347,8854454000,8894574000,8848534000,8875984000,214,5920000,46040000,27450000
29021348,8874105000,8878114000,8862124000,8871204000,184,11981000,15990000,9080000
29021349,8872194000,8883474000,8863984000,8879794000,191,8210000,19490000,15810000
29021350,8880129000,8887454000,8876154000,8879094000,177,3975000,11300000,2940000
29021351,8878894000,8898404000,8875484000,8889954000,173,3410000,22920000,14470000
29021352,8886404000,8887204000,8865584000,8867454000,164,20820000,21620000,1870000
29021353,8868864000,8881664000,8864044000,8876924000,142,4820000,17620000,12880000
29021354,8878001000,8881164000,8864384000,8864824000,163,13617000,16780000,440000
29021355,8864853000,8874874000,8857694000,8874874000,168,7159000,17180000,17180000
29021356,8874474000,8874828000,8855204000,8868064000,155,19270000,19624000,12860000
29021357,8867304000,8868064000,8841934000,8845024000,150,25370000,26130000,3090000
29021358,8845484000,8862254000,8831934000,8860484000,179,13550000,30320000,28550000
29021359,8859594000,8866054000,8853484000,8860504000,167,6110000,12570000,7020000
29021360,8861725000,8882234000,8861725000,8873514000,198,0,20509000,11789000
29021361,8873564000,8877184000,8865784000,8871474000,180,7780000,11400000,5690000
29021362,8873374000,8886844000,8873374000,8884914000,156,0,13470000,11540000
29021363,8886224000,8890774000,8881995000,8882984000,141,4229000,8779000,989000
29021364,8882264000,8883584000,8875314000,8876454000,135,6950000,8270000,1140000
29021365,8877194000,8877194000,8862804000,8875614000,143,14390000,14390000,12810000
29021366,8875324000,8878694000,8868984000,8872801000,143,6340000,9710000,3817000
29021367,8872904000,8875344000,8854454000,8857834000,149,18450000,20890000,3380000
29021368,8857384000,8861544000,8850934000,8858184000,148,6450000,10610000,7250000
29021369,8858404000,8872214000,8858404000,8868614000,155,0,13810000,10210000
29021370,8870904000,8885534000,8866784000,8884534000,162,4120000,18750000,17750000
29021371,8886894000,8894344000,8884151000,8886414000,156,2743000,10193000,2263000
29021372,8883420000,8886224000,8872641000,8881488000,158,10779000,13583000,8847000
29021373,8881464000,8882974000,8870060000,8873134000,151,11404000,12914000,3074000
29021374,8874224000,8878804000,8866984000,8878114000,138,7240000,11820000,11130000
29021375,8878114000,8878544000,8844321000,8844321000,140,33793000,34223000,0
29021376,8844094000,8847134000,8819324000,8823004000,184,24770000,27810000,3680000
29021377,8822884000,8834984000,8819444000,8834984000,159,3440000,15540000,15540000
29021378,8833766000,8837194000,8821404000,8835894000,148,12362000,15790000,14490000
29021379,8835484000,8843374000,8823984000,8824764000,146,11500000,19390000,780000
29021380,8825184000,8847314000,8822292000,8847314000,133,2892000,25022000,25022000
29021381,8847344000,8868664000,8844974000,8858164000,171,2370000,23690000,13190000
29021382,8857269000,8858984000,8848984000,8854984000,144,8285000,10000000,6000000
29021383,8855054000,8858974000,8851134000,8858964000,123,3920000,7840000,7830000
29021384,8857974000,8857974000,8838884000,8843684000,138,19090000,19090000,4800000
29021385,8843094000,8843094000,8832697000,8834414000,135,10397000,10397000,1717000
29021386,8834764000,8834764000,8822124000,8824244000,128,12640000,12640000,2120000
29021387,8823361000,8823361000,8807904000,8813974000,173,15457000,15457000,6070000
29021388,8814844000,8828874000,8808994000,8824489000,164,5850000,19880000,15495000
29021389,8825484000,8831894000,8805934000,8809474000,181,19550000,25960000,3540000
29021390,8809804000,8811764000,8798104000,8807154000,187,11700000,13660000,9050000
29021391,8807794000,8820274000,8795214000,8819364000,176,12580000,25060000,24150000
29021392,8818494000,8821054000,8806294000,8812204000,140,12200000,14760000,5910000
29021393,8813104000,8824474000,8808424000,8814364000,135,4680000,16050000,5940000
29021394,8814804000,8827984000,8814804000,8825484000,124,0,13180000,10680000
29021395,8825764000,8839684000,8824834000,8839554000,147,930000,14850000,14720000
29021396,8839554000,8844595000,8831234000,8842614000,135,8320000,13361000,11380000
29021397,8841884000,8846054000,8836794000,8840854000,102,5090000,9260000,4060000
29021398,8841274000,8865224000,8839404000,8864114000,140,1870000,25820000,24710000
29021399,8865284000,8870974000,8855064000,8857474000,140,10220000,15910000,2410000
29021400,8855154000,8863134000,8849654000,8850614000,159,5500000,13480000,960000
29021401,8852334000,8870804000,8852334000,8862734000,138,0,18470000,10400000
29021402,8863884000,8871974000,8862389000,8867017000,133,1495000,9585000,4628000
29021403,8866854000,8868074000,8857624000,8859674000,144,9230000,10450000,2050000
29021404,8858385000,8862494000,8857114000,8859144000,120,1271000,5380000,2030000
29021405,8859724000,8878714000,8857114000,8877904000,138,2610000,21600000,20790000
29021406,8878684000,8878684000,8861464000,8867484000,142,17220000,17220000,6020000
29021407,8866961000,8869924000,8853984000,8854864000,127,12977000,15940000,880000
29021408,8854984000,8860164000,8852894000,8857414000,125,2090000,7270000,4520000
29021409,8860144000,8862930000,8855206000,8859704000,124,4938000,7724000,4498000
29021410,8859527000,8862554000,8836894000,8838524000,139,22633000,25660000,1630000
29021411,8838524000,8855474000,8838524000,8848914000,134,0,16950000,10390000
29021412,8848737000,8858974000,8847354000,8855364000,110,1383000,11620000,8010000
29021413,8855634000,8860174000,8845314000,8860174000,119,10320000,14860000,14860000
29021414,8859874000,8860174000,8851174000,8860174000,123,8700000,9000000,9000000
29021415,8859274000,8876124000,8859274000,8873484000,145,0,16850000,14210000
29021416,8871986000,8872727000,8863984000,8868674000,137,8002000,8743000,4690000
29021417,8870624000,8876674000,8866452000,8874984000,140,4172000,10222000,8532000
29021418,8874134000,8886574000,8870044000,8886574000,122,4090000,16530000,16530000
29021419,8886974000,8891684000,8877134000,8878784000,137,9840000,14550000,1650000
29021420,8878414000,8878414000,8867914000,8872194000,137,10500000,10500000,4280000
29021421,8871144000,8889974000,8871040000,8885704000,155,104000,18934000,14664000
29021422,8884457000,8886974000,8873984000,8879294000,146,10473000,12990000,5310000
29021423,8879484000,8886894000,8875104000,8879004000,101,4380000,11790000,3900000
29021424,8879774000,8880474000,8874114000,8878974000,125,5660000,6360000,4860000
29021425,8876484000,8876544000,8868044000,8869484000,106,8440000,8500000,1440000
29021426,8868494000,8871954000,8861184000,8862024000,116,7310000,10770000,840000
29021427,8861264000,8862344000,8850494000,8850974000,100,10770000,11850000,480000
29021428,8850204000,8853194000,8839684000,8846404000,135,10520000,13510000,6720000
29021429,8846974000,8848974000,8841514000,8842884000,121,5460000,7460000,1370000
29021430,8843194000,8858194000,8835024000,8856734000,141,8170000,23170000,21710000
29021431,8854584000,8861694000,8850504000,8853644000,139,4080000,11190000,3140000
29021432,8852894000,8859224000,8849144000,8851454000,123,3750000,10080000,2310000
29021433,8849538000,8868654000,8849234000,8865164000,117,304000,19420000,15930000
29021434,8864454000,8868974000,8860984000,8862324000,115,3470000,7990000,1340000
29021435,8862596000,8867464000,8852594000,8855074000,119,10002000,14870000,2480000
29021436,8853924000,8856814000,8849774000,8851314000,117,4150000,7040000,1540000
29021437,8849494000,8850124000,8837806000,8842704000,136,11688000,12318000,4898000
29021438,8839722000,8846514000,8836304000,8838564000,119,3418000,10210000,2260000
29021439,8838334000,8841424000,8832830000,8834244000,96,5504000,8594000,1414000
29021440,8833864000,8833864000,8824644000,8828264000,143,9220000,9220000,3620000
29021441,8828234000,8828234000,8819094000,8819094000,101,9140000,9140000,0
29021442,8818527000,8821554000,8808474000,8821504000,148,10053000,13080000,13030000
29021443,8820614000,8823104000,8811354000,8822494000,115,9260000,11750000,11140000
29021444,8819884000,8828974000,8819884000,8828154000,132,0,9090000,8270000
29021445,8826984000,8837864000,8819634000,8833934000,143,7350000,18230000,14300000
29021446,8834954000,8840104000,8825434000,8826644000,131,9520000,14670000,1210000
29021447,8827664000,8837724000,8823234000,8831764000,138,4430000,14490000,8530000
29021448,8833824000,8840834000,8827784000,8833904000,141,6040000,13050000,6120000
29021449,8834594000,8840364000,8826984000,8826984000,114,7610000,13380000,0
29021450,8825914000,8829864000,8822094000,8826224000,113,3820000,7770000,4130000
29021451,8826224000,8832924000,8824864000,8829914000,139,1360000,8060000,5050000
29021452,8831044000,8846764000,8830784000,8839224000,137,260000,15980000,8440000
29021453,8839584000,8852684000,8836214000,8850594000,106,3370000,16470000,14380000
29021454,8849764000,8851474000,8843564000,8847994000,107,6200000,7910000,4430000
29021455,8847654000,8851574000,8840544000,8845109000,107,7110000,11030000,4565000
29021456,8845114000,8852074000,8840604000,8846354000,123,4510000,11470000,5750000
29021457,8847354000,8851654000,8837024000,8837874000,129,10330000,14630000,850000
29021458,8837504000,8842364000,8833794000,8835534000,118,3710000,8570000,1740000
29021459,8835844000,8839054000,8830084000,8837004000,99,5760000,8970000,6920000
29021460,8836304000,8841634000,8830131000,8833242000,127,6173000,11503000,3111000
29021461,8833237000,8837864000,8821714000,8823184000,125,11523000,16150000,1470000
29021462,8822454000,8822454000,8799674000,8809774000,154,22780000,22780000,10100000
29021463,8808984000,8815774000,8807279000,8808454000,113,1705000,8495000,1175000
29021464,8808974000,8817774000,8808262000,8817774000,101,712000,9512000,9512000
29021465,8820514000,8826044000,8814794000,8815404000,125,5720000,11250000,610000
29021466,8816214000,8827534000,8810664000,8827534000,124,5550000,16870000,16870000
29021467,8828114000,8831284000,8822094000,8823724000,139,6020000,9190000,1630000
29021468,8822504000,8822504000,8813984000,8813984000,117,8520000,8520000,0
29021469,8813224000,8815114000,8809164000,8811604000,95,4060000,5950000,2440000
29021470,8811022000,8828774000,8808804000,8827014000,143,2218000,19970000,18210000
29021471,8826284000,8831604000,8820376000,8820614000,135,5908000,11228000,238000
29021472,8820874000,8825844000,8818084000,8824734000,135,2790000,7760000,6650000
29021473,8824474000,8831604000,8823634000,8827224000,132,840000,7970000,3590000
29021474,8826684000,8835974000,8825234000,8826254000,105,1450000,10740000,1020000
29021475,8825604000,8830514000,8819004000,8829024000,123,6600000,11510000,10020000
29021476,8827254000,8827254000,8805384000,8811794000,120,21870000,21870000,6410000
29021477,8812004000,8821744000,8809484000,8820474000,128,2520000,12260000,10990000
29021478,8819664000,8822494000,8809984000,8814117000,127,9680000,12510000,4133000
29021479,8813314000,8815224000,8799904000,8803684000,103,13410000,15320000,3780000
29021480,8805484000,8808534000,8800904000,8800904000,141,4580000,7630000,0
29021481,8803224000,8807414000,8801584000,8801584000,91,1640000,5830000,0
29021482,8801584000,8812384000,8801584000,8812384000,107,0,10800000,10800000
29021483,8811852000,8818634000,8811234000,8812974000,105,618000,7400000,1740000
29021484,8812224000,8826424000,8812224000,8826044000,131,0,14200000,13820000
29021485,8825577000,8828984000,8818084000,8828984000,105,7493000,10900000,10900000
29021486,8827964000,8829374000,8820024000,8828924000,90,7940000,9350000,8900000
29021487,8826716000,8826716000,8809970000,8811974000,136,16746000,16746000,2004000
29021488,8812124000,8812124000,8804394000,8805034000,96,7730000,7730000,640000
29021489,8805324000,8809974000,8803614000,8805304000,110,1710000,6360000,1690000
29021490,8803814000,8808284000,8786382000,8787324000,140,17432000,21902000,942000
29021491,8785684000,8792494000,8778034000,8789974000,145,7650000,14460000,11940000
29021492,8791724000,8806564000,8789976000,8794154000,157,1748000,16588000,4178000
29021493,8794404000,8815534000,8792524000,8815034000,109,1880000,23010000,22510000
29021494,8815994000,8821284000,8807444000,8812474000,119,8550000,13840000,5030000
29021495,8813974000,8824614000,8812664000,8817223000,136,1310000,11950000,4559000
29021496,8816145000,8823224000,8811114000,8812664000,153,5031000,12110000,1550000
29021497,8813724000,8813724000,8795914000,8796274000,119,17810000,17810000,360000
29021498,8797614000,8816974000,8797614000,8816054000,137,0,19360000,18440000
29021499,8815984000,8820994000,8814474000,8818974000,124,1510000,6520000,4500000
29021500,8818322000,8828094000,8813504000,8822894000,136,4818000,14590000,9390000
29021501,8823864000,8840474000,8818174000,8840474000,131,5690000,22300000,22300000
29021502,8840804000,8859704000,8840804000,8858984000,147,0,18900000,18180000
29021503,8858674000,8861784000,8848984000,8850894000,117,9690000,12800000,1910000
29021504,8849584000,8853254000,8838984000,8842974000,137,10600000,14270000,3990000
29021505,8842700000,8857824000,8842074000,8857824000,123,626000,15750000,15750000
29021506,8856944000,8870724000,8856944000,8867704000,135,0,13780000,10760000
29021507,8865364000,8883925000,8858674000,8883684000,156,6690000,25251000,25010000
29021508,8881324000,8915214000,8879994000,8910134000,176,1330000,35220000,30140000
29021509,8909844000,8918454000,8902434000,8911254000,178,7410000,16020000,8820000
29021510,8912104000,8923774000,8902543000,8921684000,154,9561000,21231000,19141000
29021511,8920974000,8928974000,8913624000,8927983000,167,7350000,15350000,14359000
29021512,8927814000,8933734000,8923004000,8927444000,150,4810000,10730000,4440000
29021513,8928164000,8928164000,8909884000,8909884000,150,18280000,18280000,0
29021514,8909434000,8910584000,8898984000,8903934000,165,10450000,11600000,4950000
29021515,8903004000,8903934000,8879515000,8879515000,148,23489000,24419000,0
29021516,8879514000,8895064000,8879334000,8887184000,152,180000,15730000,7850000
29021517,8887384000,8890974000,8870774000,8870774000,135,16610000,20200000,0
29021518,8866244000,8872734000,8854224000,8857474000,129,12020000,18510000,3250000
29021519,8856984000,8861164000,8844114000,8847824000,144,12870000,17050000,3710000
29021520,8848214000,8862774000,8841864000,8862774000,154,6350000,20910000,20910000
29021521,8861804000,8872734000,8857494000,8868093000,160,4310000,15240000,10599000
29021522,8868124000,8875664000,8862601000,8864364000,129,5523000,13063000,1763000
29021523,8864614000,8881784000,8864614000,8879864000,155,0,17170000,15250000
29021524,8880794000,8892274000,8880460000,8883784000,152,334000,11814000,3324000
29021525,8882044000,8888974000,8871654000,8887476000,164,10390000,17320000,15822000
29021526,8887474000,8900764000,8885224000,8888014000,160,2250000,15540000,2790000
29021527,8888014000,8894684000,8882084000,8885434000,155,5930000,12600000,3350000
29021528,8886734000,8891514000,8880841000,8883054000,133,5893000,10673000,2213000
29021529,8879987000,8887774000,8877264000,8882334000,150,2723000,10510000,5070000
29021530,8881194000,8903184000,8880314000,8902784000,149,880000,22870000,22470000
29021531,8902244000,8904124000,8894694000,8901704000,133,7550000,9430000,7010000
29021532,8900234000,8903944000,8894250000,8894984000,134,5984000,9694000,734000
29021533,8894214000,8898974000,8889934000,8898824000,128,4280000,9040000,8890000
29021534,8897054000,8917704000,8896664000,8915734000,130,390000,21040000,19070000
29021535,8915184000,8930624000,8913074000,8920424000,166,2110000,17550000,7350000
29021536,8920224000,8920224000,8902344000,8907854000,140,17880000,17880000,5510000
29021537,8908944000,8913974000,8902974000,8913484000,128,5970000,11000000,10510000
29021538,8914294000,8914294000,8902204000,8912404000,131,12090000,12090000,10200000
29021539,8911574000,8918574000,8906715000,8917934000,136,4859000,11859000,11219000
29021540,8915774000,8923974000,8909994000,8909994000,135,5780000,13980000,0
29021541,8910984000,8913824000,8903105000,8903105000,133,7879000,10719000,0
29021542,8903064000,8903654000,8876954000,8880974000,149,26110000,26700000,4020000
29021543,8881254000,8892724000,8880014000,8885414000,149,1240000,12710000,5400000
29021544,8885414000,8888884000,8878494000,8888884000,131,6920000,10390000,10390000
29021545,8888974000,8893334000,8884034000,8892314000,130,4940000,9300000,8280000
29021546,8892974000,8900594000,8887594000,8900504000,109,5380000,13000000,12910000
29021547,8900504000,8902284000,8893604000,8901134000,121,6900000,8680000,7530000
29021548,8900584000,8902724000,8893164000,8898174000,98,7420000,9560000,5010000
29021549,8899414000,8901784000,8894834000,8896274000,123,4580000,6950000,1440000
29021550,8895434000,8904464000,8886204000,8893504000,145,9230000,18260000,7300000
29021551,8894684000,8899414000,8885734000,8899204000,115,8950000,13680000,13470000
29021552,8898614000,8911214000,8898614000,8911214000,108,0,12600000,12600000
29021553,8911984000,8922964000,8911984000,8912300000,123,0,10980000,316000
29021554,8912444000,8913974000,8902346000,8903634000,119,10098000,11628000,1288000
29021555,8902984000,8915874000,8901954000,8913094000,131,1030000,13920000,11140000
29021556,8912882000,8922264000,8911144000,8915053000,147,1738000,11120000,3909000
29021557,8915056000,8925624000,8912194000,8912194000,135,2862000,13430000,0
29021558,8912964000,8915624000,8907784000,8910974000,99,5180000,7840000,3190000
29021559,8911244000,8911244000,8898984000,8901784000,133,12260000,12260000,2800000
29021560,8900810000,8905514000,8899774000,8903974000,126,1036000,5740000,4200000
29021561,8904714000,8904974000,8891384000,8896514000,132,13330000,13590000,5130000
29021562,8895034000,8897724000,8871483000,8871964000,159,23551000,26241000,481000
29021563,8871804000,8877294000,8869074000,8873784000,140,2730000,8220000,4710000
29021564,8875304000,8876734000,8863364000,8865474000,110,11940000,13370000,2110000
29021565,8863368000,8875504000,8861294000,8874294000,136,2074000,14210000,13000000
29021566,8875144000,8875144000,8861294000,8865884000,136,13850000,13850000,4590000
29021567,8864434000,8876824000,8863254000,8875404000,124,1180000,13570000,12150000
29021568,8875744000,8889584000,8874984000,8882254000,159,760000,14600000,7270000
29021569,8883694000,8892554000,8881644000,8891674000,138,2050000,10910000,10030000
29021570,8892074000,8899414000,8881824000,8898644000,156,10250000,17590000,16820000
29021571,8897054000,8903474000,8894984000,8900374000,138,2070000,8490000,5390000
29021572,8900374000,8900974000,8889055000,8894974000,144,11319000,11919000,5919000
29021573,8894834000,8898964000,8886764000,8896654000,137,8070000,12200000,9890000
29021574,8895704000,8913854000,8895704000,8913854000,133,0,18150000,18150000
29021575,8915076000,8916504000,8904624000,8916504000,108,10452000,11880000,11880000
29021576,8916974000,8919964000,8908236000,8908236000,73,8738000,11728000,0
29021577,8908314000,8909444000,8901294000,8909154000,113,7020000,8150000,7860000
29021578,8910174000,8914854000,8906524000,8909704000,83,3650000,8330000,3180000
29021579,8909234000,8918344000,8893264000,8896624000,159,15970000,25080000,3360000
29021580,8897674000,8904144000,8890124000,8902154000,128,7550000,14020000,12030000
29021581,8902154000,8910874000,8899984000,8910874000,94,2170000,10890000,10890000
29021582,8910444000,8915224000,8909468000,8915224000,106,976000,5756000,5756000
29021583,8914554000,8920124000,8913034000,8919334000,69,1520000,7090000,6300000
29021584,8917984000,8919474000,8915994000,8918304000,45,1990000,3480000,2310000
29021585,8917834000,8918974000,8913774000,8918824000,47,4060000,5200000,5050000
29021586,8918974000,8924974000,8918974000,8922504000,55,0,6000000,3530000
29021587,8921904000,8930664000,8920184000,8926404000,44,1720000,10480000,6220000
29021588,8925969000,8929774000,8925969000,8929704000,46,0,3805000,3735000
29021589,8930704000,8930704000,8921264000,8921444000,54,9440000,9440000,180000
29021590,8922094000,8922424000,8917184000,8922254000,46,4910000,5240000,5070000
29021591,8922834000,8926634000,8922264000,8926634000,15,570000,4370000,4370000
29021592,8928594000,8929564000,8925914000,8929564000,26,2680000,3650000,3650000
29021593,8928824000,8942314000,8927334000,8942314000,37,1490000,14980000,14980000
29021594,8954994000,8978236000,8949474000,8962484000,153,5520000,28762000,13010000
29021595,8961596000,8978354000,8961263000,8971004000,146,333000,17091000,9741000
29021596,8971484000,8971484000,8945684000,8952054000,124,25800000,25800000,6370000
29021597,8952474000,8952984000,8942274000,8948134000,77,10200000,10710000,5860000
29021598,8950974000,8965194000,8948304000,8961284000,85,2670000,16890000,12980000
29021599,8960574000,8960574000,8944074000,8948974000,99,16500000,16500000,4900000
29021600,8948443000,8948443000,8936114000,8936934000,94,12329000,12329000,820000
29021601,8936114000,8942014000,8933984000,8933984000,73,2130000,8030000,0
29021602,8933444000,8939244000,8930354000,8938474000,87,3090000,8890000,8120000
29021603,8938174000,8950134000,8938174000,8941844000,105,0,11960000,3670000
29021604,8944394000,8947774000,8936964000,8936964000,77,7430000,10810000,0
29021605,8938224000,8944974000,8937524000,8942864000,97,700000,7450000,5340000
29021606,8943384000,8944164000,8931484000,8931484000,86,11900000,12680000,0
29021607,8932124000,8933434000,8928514000,8931374000,58,3610000,4920000,2860000
29021608,8930494000,8931374000,8928514000,8928524000,18,1980000,2860000,10000
29021609,8928994000,8931364000,8927784000,8927794000,24,1210000,3580000,10000
29021610,8928514000,8931364000,8926044000,8931364000,24,2470000,5320000,5320000
29021611,8929514000,8931364000,8924084000,8930104000,85,5430000,7280000,6020000
29021612,8929004000,8931204000,8925257000,8925257000,43,3747000,5947000,0
29021613,8925454000,8925454000,8912904000,8918804000,108,12550000,12550000,5900000
29021614,8918804000,8926214000,8917454000,8926214000,64,1350000,8760000,8760000
29021615,8926214000,8929874000,8916394000,8929874000,88,9820000,13480000,13480000
29021616,8930174000,8933974000,8921374000,8921374000,76,8800000,12600000,0
29021617,8921984000,8928274000,8917434000,8919314000,96,4550000,10840000,1880000
29021618,8918184000,8925974000,8917464000,8925494000,51,720000,8510000,8030000
29021619,8925904000,8930484000,8920344000,8922624000,64,5560000,10140000,2280000
29021620,8919484000,8919484000,8914544000,8914544000,55,4940000,4940000,0
29021621,8914984000,8914984000,8903984000,8903984000,60,11000000,11000000,0
29021622,8903134000,8909724000,8897694000,8909724000,76,5440000,12030000,12030000
29021623,8909404000,8918974000,8904624000,8918974000,53,4780000,14350000,14350000
29021624,8919874000,8919874000,8916654000,8919034000,47,3220000,3220000,2380000
29021625,8919474000,8921794000,8909084000,8914494000,74,10390000,12710000,5410000
29021626,8915164000,8916384000,8909084000,8911614000,54,6080000,7300000,2530000
29021627,8911614000,8914984000,8908084000,8914984000,68,3530000,6900000,6900000
29021628,8914534000,8918434000,8913624000,8918434000,51,910000,4810000,4810000
29021629,8919454000,8922974000,8918984000,8920434000,61,470000,3990000,1450000
29021630,8919714000,8936614000,8919714000,8930194000,87,0,16900000,10480000
29021631,8929064000,8938974000,8929064000,8937454000,55,0,9910000,8390000
29021632,8936886000,8946164000,8935294000,8945554000,79,1592000,10870000,10260000
29021633,8944989000,8944989000,8938614000,8938744000,56,6375000,6375000,130000
29021634,8938614000,8942014000,8937384000,8938654000,75,1230000,4630000,1270000
29021635,8938974000,8940514000,8937594000,8938574000,32,1380000,2920000,980000
29021636,8939724000,8947974000,8939724000,8944564000,48,0,8250000,4840000
29021637,8943544000,8950284000,8943144000,8947944000,78,400000,7140000,4800000
29021638,8948684000,8949544000,8942959000,8944014000,65,5725000,6585000,1055000
29021639,8944384000,8948024000,8937554000,8946015000,73,6830000,10470000,8461000
29021640,8988484000,9066744000,8988484000,9022964000,222,0,78260000,34480000
29021641,9022634000,9055814000,9009210000,9048984000,217,13424000,46604000,39774000
29021642,9053014000,9072074000,9046594000,9072074000,174,6420000,25480000,25480000
29021643,9072334000,9073684000,9044674000,9046224000,138,27660000,29010000,1550000
29021644,9045484000,9046734000,9021364000,9045184000,171,24120000,25370000,23820000
29021645,9047174000,9051534000,9037364000,9037494000,148,9810000,14170000,130000
29021646,9036034000,9038974000,9023284000,9029364000,85,12750000,15690000,6080000
29021647,9019974000,9046817000,9018384000,9042548000,83,1590000,28433000,24164000
29021648,9041634000,9050284000,9035324000,9048994000,126,6310000,14960000,13670000
29021649,9048174000,9052084000,9042224000,9050174000,96,5950000,9860000,7950000
29021650,9049084000,9055334000,9043355000,9045754000,112,5729000,11979000,2399000
29021651,9044494000,9050124000,9040614000,9041854000,132,3880000,9510000,1240000
29021652,9041474000,9054704000,9041474000,9046624000,120,0,13230000,5150000
29021653,9045844000,9049784000,9041234000,9041654000,88,4610000,8550000,420000
29021654,9043644000,9043644000,9037634000,9037634000,48,6010000,6010000,0
29021655,9037123000,9038294000,9005184000,9007004000,135,31939000,33110000,1820000
29021656,9007274000,9013974000,8970244000,8973994000,191,37030000,43730000,3750000
29021657,8974224000,8998074000,8974224000,8996854000,154,0,23850000,22630000
29021658,8995284000,9010654000,8995284000,9009954000,137,0,15370000,14670000
29021659,9009974000,9012934000,8997264000,9000954000,78,12710000,15670000,3690000
29021660,9001184000,9002474000,8971944000,8976744000,73,29240000,30530000,4800000
29021661,8976874000,8985404000,8971190000,8980574000,94,5684000,14214000,9384000
29021662,8979734000,8991774000,8975814000,8975814000,93,3920000,15960000,0
29021663,8975504000,8975504000,8968594000,8968594000,45,6910000,6910000,0
29021664,8969854000,8975574000,8943984000,8966235000,105,25870000,31590000,22251000
29021665,8965614000,8981184000,8963014000,8981184000,87,2600000,18170000,18170000
29021666,8979854000,8989204000,8979854000,8989184000,71,0,9350000,9330000
29021667,8984934000,8984934000,8973634000,8978614000,53,11300000,11300000,4980000
29021668,8976071000,8977974000,8972041000,8977974000,26,4030000,5933000,5933000
29021669,8976344000,8977524000,8972114000,8977524000,24,4230000,5410000,5410000
29021670,8975826000,8975826000,8963234000,8965884000,38,12592000,12592000,2650000
29021671,8966484000,8967304000,8957004000,8961734000,79,9480000,10300000,4730000
29021672,8963224000,8967304000,8962794000,8962794000,41,430000,4510000,0
29021673,8963694000,8966854000,8959984000,8960484000,40,3710000,6870000,500000
29021674,8960544000,8978344000,8960544000,8973694000,88,0,17800000,13150000
29021675,8973774000,8974744000,8970174000,8970214000,41,3600000,4570000,40000
29021676,8970914000,8982734000,8970914000,8982734000,45,0,11820000,11820000
29021677,8983484000,8997164000,8978984000,8995814000,70,4500000,18180000,16830000
29021678,8995495000,9007344000,8989974000,9006614000,90,5521000,17370000,16640000
29021679,9004435000,9008484000,8991854000,8991854000,85,12581000,16630000,0
29021680,8991057000,9009864000,8985994000,9009864000,56,5063000,23870000,23870000
29021681,9009854000,9021254000,9009844000,9018364000,57,10000,11410000,8520000
29021682,9018974000,9027324000,9018974000,9027324000,38,0,8350000,8350000
29021683,9028034000,9038804000,9027484000,9038794000,90,550000,11320000,11310000
29021684,9038273000,9038974000,9031824000,9031824000,51,6449000,7150000,0
29021685,9031984000,9031984000,9020674000,9023444000,89,11310000,11310000,2770000
29021686,9022548000,9030204000,9021234000,9030204000,27,1314000,8970000,8970000
29021687,9030194000,9030194000,9029914000,9030024000,16,280000,280000,110000
29021688,9030074000,9035974000,9030074000,9035974000,45,0,5900000,5900000
29021689,9036774000,9048524000,9036514000,9047184000,90,260000,12010000,10670000
29021690,9048554000,9056584000,9043974000,9055334000,114,4580000,12610000,11360000
29021691,9056114000,9061209000,9056114000,9061074000,79,0,5095000,4960000
29021692,9061424000,9066294000,9037484000,9037484000,101,23940000,28810000,0
29021693,9037804000,9051554000,9037804000,9040394000,78,0,13750000,2590000
29021694,9039794000,9039794000,9033124000,9038284000,75,6670000,6670000,5160000
29021695,9037154000,9038284000,9030484000,9033124000,59,6670000,7800000,2640000
29021696,9033854000,9036694000,9026444000,9026444000,67,7410000,10250000,0
29021697,9025004000,9034034000,9024992000,9034034000,38,12000,9042000,9042000
29021698,9031964000,9031964000,9029624000,9029624000,19,2340000,2340000,0
29021699,9029164000,9029164000,9020644000,9025574000,44,8520000,8520000,4930000
29021700,9026744000,9030524000,9014984000,9018974000,128,11760000,15540000,3990000
29021701,9018790000,9025864000,9002844000,9013484000,126,15946000,23020000,10640000
29021702,9012984000,9018974000,9012234000,9018504000,107,750000,6740000,6270000
29021703,9018404000,9028974000,9018404000,9028974000,50,0,10570000,10570000
29021704,9030024000,9042114000,9030024000,9035424000,88,0,12090000,5400000
29021705,9034584000,9034584000,9010724000,9012964000,136,23860000,23860000,2240000
29021706,9014204000,9019554000,9013254000,9016984000,88,950000,6300000,3730000
29021707,9017374000,9018974000,9016190000,9017804000,64,1184000,2784000,1614000
29021708,9018044000,9022824000,9008984000,9011614000,77,9060000,13840000,2630000
29021709,9008695000,9010334000,9004044000,9009224000,79,4651000,6290000,5180000
29021710,9009784000,9013124000,9007075000,9009534000,84,2709000,6049000,2459000
29021711,9007724000,9014764000,9006484000,9013094000,93,1240000,8280000,6610000
29021712,9017434000,9017434000,9004874000,9009474000,81,12560000,12560000,4600000
29021713,9010484000,9013974000,9006264000,9012634000,46,4220000,7710000,6370000
29021714,9011928000,9023494000,9010657000,9022024000,90,1271000,12837000,11367000
29021715,9023344000,9031644000,9023234000,9030784000,79,110000,8410000,7550000
29021716,9030084000,9043594000,9028501000,9042734000,119,1583000,15093000,14233000
29021717,9042734000,9042734000,9032354000,9037874000,112,10380000,10380000,5520000
29021718,9037232000,9037934000,9027434000,9027434000,85,9798000,10500000,0
29021719,9027084000,9043304000,9026244000,9041379000,96,840000,17060000,15135000
29021720,9041499000,9046004000,9036394000,9045934000,105,5105000,9610000,9540000
29021721,9044504000,9045924000,9042104000,9043214000,78,2400000,3820000,1110000
29021722,9043934000,9051674000,9042224000,9051064000,56,1710000,9450000,8840000
29021723,9050314000,9050314000,9035734000,9043474000,104,14580000,14580000,7740000
29021724,9043474000,9046884000,9043474000,9045904000,46,0,3410000,2430000
29021725,9044974000,9050324000,9044974000,9048724000,47,0,5350000,3750000
29021726,9048192000,9048192000,9035569000,9035984000,55,12623000,12623000,415000
29021727,9035844000,9039734000,9030974000,9033144000,72,4870000,8760000,2170000
29021728,9033824000,9037014000,9030064000,9030064000,62,3760000,6950000,0
29021729,9031254000,9031904000,9027284000,9029594000,55,3970000,4620000,2310000
29021730,9029884000,9035224000,9028674000,9035224000,67,1210000,6550000,6550000
29021731,9036524000,9047204000,9036524000,9046964000,111,0,10680000,10440000
29021732,9046994000,9046994000,9037770000,9041954000,75,9224000,9224000,4184000
29021733,9041974000,9043974000,9041264000,9043394000,88,710000,2710000,2130000
29021734,9043974000,9045894000,9043974000,9045894000,23,0,1920000,1920000
29021735,9047474000,9048524000,9045904000,9045904000,42,1570000,2620000,0
29021736,9044132000,9048004000,9043004000,9045074000,42,1128000,5000000,2070000
29021737,9043464000,9045874000,9038824000,9043984000,61,4640000,7050000,5160000
29021738,9044974000,9048524000,9044264000,9048524000,52,710000,4260000,4260000
29021739,9048754000,9048754000,9044274000,9047074000,29,4480000,4480000,2800000
29021740,9047724000,9048074000,9037754000,9037846000,61,9970000,10320000,92000
29021741,9037883000,9037883000,9027384000,9037474000,99,10499000,10499000,10090000
29021742,9036041000,9036354000,9023944000,9023944000,58,12097000,12410000,0
29021743,9024644000,9025224000,9021584000,9021924000,35,3060000,3640000,340000
29021744,9021914000,9025214000,9021914000,9025214000,28,0,3300000,3300000
29021745,9026644000,9028724000,9019554000,9019554000,42,7090000,9170000,0
29021746,9018272000,9018272000,9009984000,9011684000,54,8288000,8288000,1700000
29021747,9011374000,9013574000,9002794000,9004394000,70,8580000,10780000,1600000
29021748,9004544000,9008805000,8999614000,8999614000,77,4930000,9191000,0
29021749,9000524000,9002974000,8993194000,8995484000,71,7330000,9780000,2290000
29021750,8996194000,9001934000,8991384000,8992064000,54,4810000,10550000,680000
29021751,8993984000,8993984000,8985324000,8985814000,64,8660000,8660000,490000
29021752,8985187000,8991724000,8984054000,8991574000,88,1133000,7670000,7520000
29021753,8991974000,8997774000,8988984000,8994844000,91,2990000,8790000,5860000
29021754,8996074000,9002364000,8996074000,8999534000,59,0,6290000,3460000
29021755,8998424000,9001174000,8996814000,9000654000,43,1610000,4360000,3840000
29021756,9001164000,9004384000,8992914000,8993484000,68,8250000,11470000,570000
29021757,8993914000,8997454000,8989094000,8989974000,54,4820000,8360000,880000
29021758,8990804000,8990814000,8985814000,8988174000,21,4990000,5000000,2360000
29021759,8987074000,8989084000,8984994000,8987764000,66,2080000,4090000,2770000
29021760,8986984000,8996634000,8983144000,8983604000,48,3840000,13490000,460000
29021761,8983144000,8989974000,8980684000,8989974000,58,2460000,9290000,9290000
29021762,8990004000,9004004000,8986104000,9004004000,100,3900000,17900000,17900000
29021763,8993974000,9005214000,8992104000,9005214000,50,1870000,13110000,13110000
29021764,9005324000,9009084000,9005324000,9007724000,68,0,3760000,2400000
29021765,9008624000,9016014000,9008624000,9015704000,57,0,7390000,7080000
29021766,9014624000,9014624000,9006264000,9009974000,66,8360000,8360000,3710000
29021767,9009084000,9009974000,8993244000,8993864000,92,15840000,16730000,620000
29021768,8993864000,8999974000,8985391000,8985391000,73,8473000,14583000,0
29021769,8984707000,8985854000,8980574000,8982964000,43,4133000,5280000,2390000
29021770,8983064000,8990724000,8981984000,8990724000,55,1080000,8740000,8740000
29021771,8988957000,9016794000,8986694000,9016794000,104,2263000,30100000,30100000
29021772,9016474000,9055844000,9015794000,9052124000,197,680000,40050000,36330000
29021773,9058984000,9123974000,9056654000,9108830000,211,2330000,67320000,52176000
29021774,9108544000,9114374000,9021492000,9021492000,231,87052000,92882000,0
29021775,9018037000,9034184000,8829284000,8906924000,235,188753000,204900000,77640000
29021776,8907984000,8931644000,8818084000,8818084000,237,89900000,113560000,0
29021777,8817635000,8892914000,8817635000,8870704000,235,0,75279000,53069000
29021778,8867234000,8886994000,8855734000,8858574000,233,11500000,31260000,2840000
29021779,8860364000,8864124000,8814804000,8820774000,237,45560000,49320000,5970000
29021780,8821354000,8830414000,8720859000,8741594000,234,100495000,109555000,20735000
29021781,8742524000,8770774000,8710818000,8713677000,237,31706000,59956000,2859000
29021782,8715354000,8738914000,8699434000,8706144000,232,15920000,39480000,6710000
29021783,8705004000,8721584000,8664095000,8715824000,236,40909000,57489000,51729000
29021784,8717804000,8746394000,8699944000,8733974000,235,17860000,46450000,34030000
29021785,8730213000,8745004000,8674704000,8686962000,237,55509000,70300000,12258000
29021786,8686964000,8713974000,8651136000,8654804000,231,35828000,62838000,3668000
29021787,8653240000,8683924000,8653240000,8663359000,233,0,30684000,10119000
29021788,8663217000,8706757000,8663217000,8691824000,234,0,43540000,28607000
29021789,8691824000,8705524000,8691694000,8699130000,223,130000,13830000,7436000
29021790,8698984000,8698984000,8661004000,8665634000,225,37980000,37980000,4630000
29021791,8665834000,8687414000,8665034000,8682084000,225,800000,22380000,17050000
29021792,8682204000,8720504000,8678494000,8679224000,228,3710000,42010000,730000
29021793,8678707000,8706944000,8678114000,8694011000,217,593000,28830000,15897000
29021794,8693620000,8705718000,8674009000,8696984000,220,19611000,31709000,22975000
29021795,8695864000,8698274000,8666464000,8675784000,203,29400000,31810000,9320000
29021796,8674974000,8674974000,8588194000,8595294000,206,86780000,86780000,7100000
29021797,8592314000,8618334000,8579204000,8579724000,232,13110000,39130000,520000
29021798,8578984000,8598614000,8553744000,8559684000,226,25240000,44870000,5940000
29021799,8559854000,8603264000,8558667000,8586176000,230,1187000,44597000,27509000
29021800,8585747000,8609504000,8580494000,8605594000,201,5253000,29010000,25100000
29021801,8604374000,8631714000,8588114000,8624605000,211,16260000,43600000,36491000
29021802,8624584000,8624584000,8584024000,8585754000,210,40560000,40560000,1730000
29021803,8586414000,8607294000,8581923000,8607294000,190,4491000,25371000,25371000
29021804,8607534000,8617064000,8587804000,8587804000,196,19730000,29260000,0
29021805,8586364000,8586934000,8548874000,8549713000,204,37490000,38060000,839000
29021806,8552154000,8556254000,8506094000,8545244000,231,46060000,50160000,39150000
29021807,8542614000,8558477000,8514886000,8558477000,229,27728000,43591000,43591000
29021808,8558484000,8567604000,8540654000,8547844000,225,17830000,26950000,7190000
29021809,8548044000,8560954000,8528554000,8547260000,215,19490000,32400000,18706000
29021810,8547594000,8558564000,8529514000,8558564000,213,18080000,29050000,29050000
29021811,8559214000,8572234000,8559170000,8566624000,213,44000,13064000,7454000
29021812,8566304000,8572753000,8560204000,8560204000,186,6100000,12549000,0
29021813,8559324000,8563144000,8531912000,8531912000,195,27412000,31232000,0
29021814,8532184000,8534664000,8487864000,8503674000,205,44320000,46800000,15810000
29021815,8504554000,8516054000,8460224000,8509814000,226,44330000,55830000,49590000
29021816,8510254000,8537774000,8507874000,8534904000,222,2380000,29900000,27030000
29021817,8534904000,8541474000,8521614000,8530984000,212,13290000,19860000,9370000
29021818,8531544000,8554694000,8530104000,8539423000,187,1440000,24590000,9319000
29021819,8539364000,8551724000,8537454000,8546664000,188,1910000,14270000,9210000
29021820,8546724000,8555724000,8527484000,8527484000,213,19240000,28240000,0
29021821,8527654000,8563834000,8515238000,8562794000,214,12416000,48596000,47556000
29021822,8563954000,8593914000,8551314000,8574384000,215,12640000,42600000,23070000
29021823,8570960000,8570960000,8550294000,8558817000,212,20666000,20666000,8523000
29021824,8556005000,8579344000,8548984000,8576724000,199,7021000,30360000,27740000
29021825,8578744000,8604764000,8576224000,8583854000,204,2520000,28540000,7630000
29021826,8583404000,8585484000,8572744000,8576494000,179,10660000,12740000,3750000
29021827,8576504000,8602837000,8576504000,8602494000,168,0,26333000,25990000
29021828,8604364000,8610874000,8589328000,8603364000,188,15036000,21546000,14036000
29021829,8603694000,8615974000,8600415000,8607688000,156,3279000,15559000,7273000
29021830,8607275000,8617944000,8603374000,8614974000,119,3901000,14570000,11600000
29021831,8614544000,8637234000,8613984000,8635774000,169,560000,23250000,21790000
29021832,8633984000,8633984000,8603994000,8610474000,185,29990000,29990000,6480000
29021833,8610884000,8636514000,8610884000,8632364000,174,0,25630000,21480000
29021834,8631874000,8648874000,8631874000,8644134000,162,0,17000000,12260000
29021835,8643665000,8660354000,8631394000,8658874000,177,12271000,28960000,27480000
29021836,8652484000,8678974000,8647386000,8667104000,196,5098000,31588000,19718000
29021837,8666784000,8666784000,8639954000,8658334000,185,26830000,26830000,18380000
29021838,8657884000,8723504000,8657884000,8710969000,212,0,65620000,53085000
29021839,8708314000,8723974000,8695104000,8716074000,193,13210000,28870000,20970000
29021840,8716724000,8751874000,8712573000,8721482000,213,4151000,39301000,8909000
29021841,8721064000,8735339000,8698884000,8707134000,222,22180000,36455000,8250000
29021842,8706984000,8732484000,8704654000,8713354000,186,2330000,27830000,8700000
29021843,8711923000,8729144000,8708984000,8711964000,190,2939000,20160000,2980000
29021844,8711544000,8712229000,8689644000,8698334000,195,21900000,22585000,8690000
29021845,8695464000,8711874000,8692024000,8705044000,188,3440000,19850000,13020000
29021846,8705333000,8724474000,8703644000,8714734000,169,1689000,20830000,11090000
29021847,8714734000,8716574000,8703614000,8705413000,147,11120000,12960000,1799000
29021848,8705644000,8721634000,8705644000,8710374000,163,0,15990000,4730000
29021849,8710404000,8712314000,8705384000,8705414000,117,5020000,6930000,30000
29021850,8705400000,8716974000,8690184000,8716529000,194,15216000,26790000,26345000
29021851,8716142000,8728974000,8706056000,8724744000,175,10086000,22918000,18688000
29021852,8723474000,8728734000,8715950000,8718682000,161,7524000,12784000,2732000
29021853,8718162000,8718162000,8688264000,8690114000,189,29898000,29898000,1850000
29021854,8691484000,8692364000,8676484000,8681234000,191,15000000,15880000,4750000
29021855,8680131000,8697704000,8677594000,8686224000,154,2537000,20110000,8630000
29021856,8686484000,8695274000,8681474000,8691324000,170,5010000,13800000,9850000
29021857,8691324000,8700914000,8689224000,8696924000,168,2100000,11690000,7700000
29021858,8695176000,8719844000,8693644000,8714204000,158,1532000,26200000,20560000
29021859,8712914000,8741194000,8711594000,8741194000,144,1320000,29600000,29600000
29021860,8740294000,8782194000,8734674000,8774494000,203,5620000,47520000,39820000
29021861,8775374000,8834244000,8769684000,8826334000,217,5690000,64560000,56650000
29021862,8826644000,8834424000,8794644000,8794644000,213,32000000,39780000,0
29021863,8794294000,8815544000,8792534000,8813484000,189,1760000,23010000,20950000
29021864,8813974000,8885974000,8803044000,8861064000,197,10930000,82930000,58020000
29021865,8860786000,8866434000,8831254000,8831964000,212,29532000,35180000,710000
29021866,8831964000,8859474000,8831964000,8835917000,194,0,27510000,3953000
29021867,8835346000,8848139000,8824684000,8824914000,204,10662000,23455000,230000
29021868,8825074000,8840684000,8817004000,8826174000,183,8070000,23680000,9170000
29021869,8825224000,8850174000,8824034000,8835784000,197,1190000,26140000,11750000
29021870,8836474000,8837464000,8808044000,8808044000,172,28430000,29420000,0
29021871,8808074000,8823084000,8807284000,8807284000,175,790000,15800000,0
29021872,8806364000,8812654000,8797234000,8800524000,166,9130000,15420000,3290000
29021873,8800694000,8805085000,8780744000,8796594000,171,19950000,24341000,15850000
29021874,8794784000,8795474000,8784874000,8789484000,175,9910000,10600000,4610000
29021875,8789184000,8798974000,8786484000,8798634000,144,2700000,12490000,12150000
29021876,8798664000,8798974000,8772764000,8782194000,156,25900000,26210000,9430000
29021877,8782524000,8784974000,8772173000,8784974000,119,10351000,12801000,12801000
29021878,8785084000,8803294000,8785084000,8803174000,128,0,18210000,18090000
29021879,8803314000,8824974000,8802234000,8821652000,152,1080000,22740000,19418000
29021880,8820958000,8822734000,8793144000,8793144000,175,27814000,29590000,0
29021881,8793056000,8798654000,8782904000,8791304000,172,10152000,15750000,8400000
29021882,8792254000,8804974000,8788974000,8794932000,160,3280000,16000000,5958000
29021883,8795314000,8815634000,8792764000,8813234000,143,2550000,22870000,20470000
29021884,8813864000,8815964000,8805424000,8811474000,127,8440000,10540000,6050000
29021885,8810712000,8819384000,8803438000,8816684000,148,7274000,15946000,13246000
29021886,8816644000,8820974000,8812021000,8812294000,110,4623000,8953000,273000
29021887,8812904000,8827774000,8811984000,8813224000,120,920000,15790000,1240000
29021888,8814154000,8815164000,8801234000,8801564000,138,12920000,13930000,330000
29021889,8800675000,8810894000,8799544000,8802784000,124,1131000,11350000,3240000
29021890,8801484000,8816284000,8798154000,8814924000,114,3330000,18130000,16770000
29021891,8815916000,8840504000,8815634000,8831674000,144,282000,24870000,16040000
29021892,8832294000,8832498000,8821494000,8826954000,155,10800000,11004000,5460000
29021893,8827300000,8827300000,8808984000,8811984000,104,18316000,18316000,3000000
29021894,8811576000,8814384000,8794234000,8796024000,144,17342000,20150000,1790000
29021895,8796014000,8808574000,8785180000,8786620000,155,10834000,23394000,1440000
29021896,8785494000,8796984000,8783984000,8794414000,151,1510000,13000000,10430000
29021897,8794974000,8798874000,8781674000,8782484000,115,13300000,17200000,810000
29021898,8781674000,8782734000,8756864000,8781704000,178,24810000,25870000,24840000
29021899,8781704000,8794384000,8780314000,8782304000,158,1390000,14070000,1990000
29021900,8782894000,8788634000,8764224000,8765124000,159,18670000,24410000,900000
29021901,8764224000,8765574000,8749094000,8760444000,161,15130000,16480000,11350000
29021902,8759642000,8759642000,8730594000,8743464000,194,29048000,29048000,12870000
29021903,8738584000,8767654000,8734584000,8765724000,150,4000000,33070000,31140000
29021904,8766204000,8772064000,8750724000,8754154000,164,15480000,21340000,3430000
29021905,8754674000,8760664000,8737984000,8740274000,136,16690000,22680000,2290000
29021906,8740924000,8752724000,8738864000,8744227000,163,2060000,13860000,5363000
29021907,8744238000,8746844000,8736476000,8739454000,145,7762000,10368000,2978000
29021908,8741814000,8751284000,8739776000,8744494000,132,2038000,11508000,4718000
29021909,8746004000,8748974000,8740494000,8747974000,107,5510000,8480000,7480000
29021910,8746539000,8758374000,8737776000,8754664000,150,8763000,20598000,16888000
29021911,8753854000,8766731000,8742214000,8742214000,155,11640000,24517000,0
29021912,8744724000,8760334000,8738987000,8759154000,170,5737000,21347000,20167000
29021913,8758363000,8765694000,8747704000,8762059000,145,10659000,17990000,14355000
29021914,8762104000,8766344000,8759114000,8765484000,151,2990000,7230000,6370000
29021915,8767234000,8771634000,8761484000,8764234000,116,5750000,10150000,2750000
29021916,8763524000,8779324000,8760204000,8779324000,133,3320000,19120000,19120000
29021917,8779324000,8805354000,8774910000,8805354000,152,4414000,30444000,30444000
29021918,8806904000,8817673000,8793326000,8795044000,184,13578000,24347000,1718000
29021919,8794644000,8806374000,8794644000,8800924000,111,0,11730000,6280000
29021920,8798984000,8806894000,8791734000,8794384000,143,7250000,15160000,2650000
29021921,8796624000,8803474000,8793594000,8798094000,158,3030000,9880000,4500000
29021922,8798304000,8808974000,8787124000,8787434000,136,11180000,21850000,310000
29021923,8787084000,8790884000,8778154000,8782554000,152,8930000,12730000,4400000
29021924,8782894000,8789524000,8774484000,8777084000,134,8410000,15040000,2600000
29021925,8777484000,8791284000,8775194000,8789514000,139,2290000,16090000,14320000
29021926,8789974000,8791004000,8764284000,8764284000,170,25690000,26720000,0
29021927,8763994000,8771274000,8761194000,8764884000,143,2800000,10080000,3690000
29021928,8762064000,8762064000,8748984000,8749824000,161,13080000,13080000,840000
29021929,8748984000,8759314000,8748984000,8758974000,134,0,10330000,9990000
29021930,8760164000,8767994000,8749184000,8757074000,140,10980000,18810000,7890000
29021931,8757784000,8772524000,8753594000,8758984000,133,4190000,18930000,5390000
29021932,8756625000,8767784000,8751034000,8751844000,140,5591000,16750000,810000
29021933,8752604000,8754094000,8743704000,8743994000,122,8900000,10390000,290000
29021934,8744744000,8750844000,8744014000,8750324000,98,730000,6830000,6310000
29021935,8751154000,8755474000,8732514000,8737224000,129,18640000,22960000,4710000
29021936,8733534000,8742084000,8730224000,8732794000,124,3310000,11860000,2570000
29021937,8732014000,8733834000,8729094000,8729304000,92,2920000,4740000,210000
29021938,8729304000,8732794000,8724014000,8730044000,106,5290000,8780000,6030000
29021939,8730654000,8734204000,8719664000,8720074000,96,10990000,14540000,410000
29021940,8719664000,8731924000,8711084000,8731044000,143,8580000,20840000,19960000
29021941,8730514000,8738744000,8726316000,8735974000,152,4198000,12428000,9658000
29021942,8736834000,8749324000,8732374000,8737104000,139,4460000,16950000,4730000
29021943,8736974000,8740674000,8722934000,8725864000,117,14040000,17740000,2930000
29021944,8726724000,8736544000,8725984000,8735094000,116,740000,10560000,9110000
29021945,8734256000,8747074000,8732621000,8734944000,125,1635000,14453000,2323000
29021946,8735884000,8736644000,8728974000,8736644000,103,6910000,7670000,7670000
29021947,8737824000,8738174000,8722974000,8724174000,136,14850000,15200000,1200000
29021948,8724734000,8740974000,8723984000,8740974000,114,750000,16990000,16990000
29021949,8741014000,8757634000,8737814000,8757628000,90,3200000,19820000,19814000
29021950,8757634000,8762274000,8745584000,8746224000,141,12050000,16690000,640000
29021951,8746614000,8749674000,8740994000,8748486000,123,5620000,8680000,7492000
29021952,8748604000,8752544000,8746504000,8748331000,100,2100000,6040000,1827000
29021953,8747924000,8761974000,8747724000,8752394000,119,200000,14250000,4670000
29021954,8751604000,8763634000,8749999000,8752194000,108,1605000,13635000,2195000
29021955,8751754000,8759324000,8747834000,8747834000,117,3920000,11490000,0
29021956,8747130000,8752784000,8739844000,8752084000,127,7286000,12940000,12240000
29021957,8751839000,8751934000,8738984000,8745115000,139,12855000,12950000,6131000
29021958,8744992000,8750134000,8744464000,8745602000,100,528000,5670000,1138000
29021959,8744984000,8752394000,8744194000,8744194000,125,790000,8200000,0
29021960,8746814000,8755234000,8734944000,8735754000,132,11870000,20290000,810000
29021961,8736794000,8736794000,8728984000,8730204000,118,7810000,7810000,1220000
29021962,8730942000,8744774000,8725924000,8740704000,125,5018000,18850000,14780000
29021963,8739867000,8746834000,8733834000,8745214000,135,6033000,13000000,11380000
29021964,8744984000,8755794000,8741444000,8750574000,118,3540000,14350000,9130000
29021965,8749994000,8749994000,8742964000,8745994000,103,7030000,7030000,3030000
29021966,8743833000,8744214000,8737834000,8740984000,81,5999000,6380000,3150000
29021967,8742064000,8748274000,8740554000,8747804000,77,1510000,7720000,7250000
29021968,8747474000,8747992000,8738414000,8744974000,76,9060000,9578000,6560000
29021969,8743944000,8753274000,8743263000,8752094000,53,681000,10011000,8831000
29021970,8751065000,8756874000,8736851000,8737674000,124,14214000,20023000,823000
29021971,8737484000,8747774000,8736951000,8742974000,122,533000,10823000,6023000
29021972,8743794000,8747774000,8739296000,8739374000,116,4498000,8478000,78000
29021973,8739306000,8739306000,8730914000,8734934000,110,8392000,8392000,4020000
29021974,8734304000,8736454000,8724547000,8734724000,122,9757000,11907000,10177000
29021975,8734774000,8736114000,8714184000,8717894000,129,20590000,21930000,3710000
29021976,8718224000,8720214000,8693994000,8703674000,150,24230000,26220000,9680000
29021977,8703974000,8716774000,8698314000,8713224000,123,5660000,18460000,14910000
29021978,8712609000,8712609000,8703984000,8705814000,75,8625000,8625000,1830000
29021979,8706134000,8719254000,8704084000,8715866000,88,2050000,15170000,11782000
29021980,8716014000,8718224000,8709592000,8712704000,110,6422000,8632000,3112000
29021981,8710824000,8713944000,8707634000,8709544000,80,3190000,6310000,1910000
29021982,8710324000,8715194000,8705924000,8707584000,94,4400000,9270000,1660000
29021983,8707103000,8710484000,8699009000,8699044000,114,8094000,11475000,35000
29021984,8699044000,8712814000,8692984000,8712034000,132,6060000,19830000,19050000
29021985,8711984000,8712814000,8688454000,8698974000,162,23530000,24360000,10520000
29021986,8696794000,8699264000,8694079000,8695224000,122,2715000,5185000,1145000
29021987,8693634000,8695554000,8690873000,8693574000,149,2761000,4681000,2701000
29021988,8694154000,8700014000,8690974000,8694094000,130,3180000,9040000,3120000
29021989,8694104000,8694677000,8673364000,8676114000,112,20740000,21313000,2750000
29021990,8675434000,8696174000,8675434000,8689384000,123,0,20740000,13950000
29021991,8689704000,8701854000,8688984000,8696424000,132,720000,12870000,7440000
29021992,8696133000,8704934000,8694284000,8701074000,99,1849000,10650000,6790000
29021993,8699913000,8703174000,8694245000,8702974000,112,5668000,8929000,8729000
29021994,8700304000,8704954000,8699744000,8702084000,50,560000,5210000,2340000
29021995,8702984000,8705804000,8698984000,8705704000,64,4000000,6820000,6720000
29021996,8706714000,8707104000,8701867000,8703674000,90,4847000,5237000,1807000
29021997,8704754000,8704754000,8701578000,8703574000,68,3176000,3176000,1996000
29021998,8702644000,8709624000,8695254000,8695254000,83,7390000,14370000,0
29021999,8694804000,8695254000,8689184000,8694824000,86,5620000,6070000,5640000
29022000,8693954000,8695184000,8680184000,8695184000,142,13770000,15000000,15000000
29022001,8695594000,8698084000,8684124000,8696144000,90,11470000,13960000,12020000
29022002,8696914000,8696914000,8684825000,8691084000,139,12089000,12089000,6259000
29022003,8689864000,8691484000,8683994000,8686094000,76,5870000,7490000,2100000
29022004,8687114000,8701284000,8686474000,8701054000,61,640000,14810000,14580000
29022005,8701574000,8707314000,8701234000,8707314000,55,340000,6080000,6080000
29022006,8706605000,8718364000,8706114000,8716194000,88,491000,12250000,10080000
29022007,8717054000,8721674000,8709867000,8711534000,104,7187000,11807000,1667000
29022008,8710014000,8710954000,8705604000,8706094000,45,4410000,5350000,490000
29022009,8708724000,8709464000,8702584000,8703854000,76,6140000,6880000,1270000
29022010,8704354000,8706764000,8694572000,8695704000,68,9782000,12192000,1132000
29022011,8694838000,8710964000,8694764000,8710964000,84,74000,16200000,16200000
29022012,8711274000,8714254000,8703124000,8703974000,91,8150000,11130000,850000
29022013,8703974000,8710794000,8703974000,8709665000,46,0,6820000,5691000
29022014,8709074000,8716284000,8709074000,8716284000,68,0,7210000,7210000
29022015,8717024000,8717654000,8712604000,8714764000,53,4420000,5050000,2160000
29022016,8713474000,8718544000,8709324000,8709324000,71,4150000,9220000,0
29022017,8708864000,8717424000,8708760000,8717424000,82,104000,8664000,8664000
29022018,8719734000,8721774000,8715034000,8720864000,103,4700000,6740000,5830000
29022019,8718024000,8719615000,8713994000,8714534000,73,4030000,5621000,540000
29022020,8712994000,8718144000,8708394000,8713434000,89,4600000,9750000,5040000
29022021,8713434000,8722624000,8711264000,8722624000,89,2170000,11360000,11360000
29022022,8721974000,8732274000,8721344000,8732274000,75,630000,10930000,10930000
29022023,8732474000,8735964000,8729794000,8735964000,67,2680000,6170000,6170000
29022024,8735415000,8742234000,8735414000,8737854000,60,1000,6820000,2440000
29022025,8737484000,8738494000,8732084000,8736194000,47,5400000,6410000,4110000
29022026,8737974000,8738974000,8732134000,8738304000,66,5840000,6840000,6170000
29022027,8740264000,8743940000,8739434000,8739484000,66,830000,4506000,50000
29022028,8740324000,8753704000,8739954000,8748674000,64,370000,13750000,8720000
29022029,8748114000,8748974000,8744624000,8747354000,52,3490000,4350000,2730000
29022030,8746654000,8754024000,8744284000,8744284000,73,2370000,9740000,0
29022031,8744704000,8746044000,8739684000,8739984000,79,5020000,6360000,300000
29022032,8740804000,8744957000,8736194000,8737744000,99,4610000,8763000,1550000
29022033,8738674000,8751574000,8738674000,8751574000,98,0,12900000,12900000
29022034,8750444000,8753974000,8742424000,8753974000,98,8020000,11550000,11550000
29022035,8754854000,8766924000,8752414000,8766924000,116,2440000,14510000,14510000
29022036,8765910000,8774774000,8765884000,8770454000,81,26000,8890000,4570000
29022037,8767937000,8772974000,8766044000,8766054000,92,1893000,6930000,10000
29022038,8765479000,8768574000,8763844000,8768574000,49,1635000,4730000,4730000
29022039,8768214000,8777574000,8766984000,8773224000,70,1230000,10590000,6240000
29022040,8773224000,8780484000,8771264000,8772344000,82,1960000,9220000,1080000
29022041,8770144000,8770144000,8766984000,8768784000,44,3160000,3160000,1800000
29022042,8770144000,8770144000,8765484000,8766984000,80,4660000,4660000,1500000
29022043,8766474000,8768224000,8761434000,8765134000,60,5040000,6790000,3700000
29022044,8764144000,8765134000,8761054000,8764064000,55,3090000,4080000,3010000
29022045,8766186000,8782714000,8763404000,8780494000,101,2782000,19310000,17090000
29022046,8779954000,8779954000,8771534000,8777994000,74,8420000,8420000,6460000
29022047,8778774000,8779624000,8770984000,8771464000,76,7790000,8640000,480000
29022048,8770585000,8770585000,8763644000,8763644000,66,6941000,6941000,0
29022049,8764124000,8771584000,8763684000,8763684000,64,440000,7900000,0
29022050,8762928000,8762928000,8753134000,8758674000,92,9794000,9794000,5540000
29022051,8757284000,8757344000,8753114000,8753114000,58,4170000,4230000,0
29022052,8753874000,8757344000,8749984000,8749984000,69,3890000,7360000,0
29022053,8750614000,8754214000,8749994000,8754214000,51,620000,4220000,4220000
29022054,8754244000,8758974000,8753984000,8756184000,59,260000,4990000,2200000
29022055,8755894000,8760814000,8753894000,8760814000,64,2000000,6920000,6920000
29022056,8760234000,8761404000,8759214000,8759934000,50,1020000,2190000,720000
29022057,8760814000,8769904000,8760450000,8765114000,71,364000,9454000,4664000
29022058,8765554000,8770954000,8764484000,8769504000,48,1070000,6470000,5020000
29022059,8770134000,8770134000,8755374000,8757884000,82,14760000,14760000,2510000
29022060,8757884000,8758644000,8752474000,8758102000,86,5410000,6170000,5628000
29022061,8757513000,8764314000,8753654000,8759184000,95,3859000,10660000,5530000
29022062,8759424000,8767274000,8757254000,8763224000,95,2170000,10020000,5970000
29022063,8764244000,8769283000,8758302000,8767204000,80,5942000,10981000,8902000
29022064,8767924000,8767924000,8761063000,8764034000,70,6861000,6861000,2971000
29022065,8765474000,8780274000,8765474000,8778976000,94,0,14800000,13502000
29022066,8779054000,8784264000,8778984000,8782974000,29,70000,5280000,3990000
29022067,8783844000,8785794000,8772334000,8778984000,106,11510000,13460000,6650000
29022068,8778224000,8794104000,8778224000,8790214000,129,0,15880000,11990000
29022069,8789482000,8796974000,8788084000,8794774000,80,1398000,8890000,6690000
29022070,8795914000,8796974000,8789224000,8792614000,82,6690000,7750000,3390000
29022071,8793744000,8793744000,8775468000,8785064000,107,18276000,18276000,9596000
29022072,8784804000,8784804000,8777454000,8777454000,68,7350000,7350000,0
29022073,8776414000,8781534000,8776414000,8780484000,73,0,5120000,4070000
29022074,8780484000,8783144000,8779324000,8779334000,54,1160000,3820000,10000
29022075,8779984000,8787294000,8779984000,8787294000,76,0,7310000,7310000
29022076,8785172000,8788694000,8780784000,8782974000,99,4388000,7910000,2190000
29022077,8782375000,8784724000,8779808000,8784724000,72,2567000,4916000,4916000
29022078,8787204000,8797664000,8787204000,8797374000,87,0,10460000,10170000
29022079,8797314000,8800194000,8795984000,8798114000,70,1330000,4210000,2130000
29022080,8799484000,8801254000,8794904000,8799064000,72,4580000,6350000,4160000
29022081,8798674000,8798674000,8785734000,8794864000,99,12940000,12940000,9130000
29022082,8795314000,8804754000,8793554000,8803824000,74,1760000,11200000,10270000
29022083,8804924000,8806474000,8797734000,8805554000,63,7190000,8740000,7820000
29022084,8806464000,8813574000,8804634000,8812904000,96,1830000,8940000,8270000
29022085,8813574000,8827774000,8813574000,8826584000,83,0,14200000,13010000
29022086,8827714000,8830024000,8826634000,8826814000,61,1080000,3390000,180000
29022087,8827264000,8827354000,8817145000,8818474000,85,10119000,10209000,1329000
29022088,8819394000,8831974000,8818694000,8831974000,54,700000,13280000,13280000
29022089,8831174000,8831174000,8816134000,8817044000,90,15040000,15040000,910000
29022090,8817434000,8818474000,8809014000,8812094000,86,8420000,9460000,3080000
29022091,8811924000,8811924000,8800334000,8809424000,88,11590000,11590000,9090000
29022092,8808984000,8815964000,8803584000,8812294000,107,5400000,12380000,8710000
29022093,8812194000,8815534000,8810034000,8813356000,61,2160000,5500000,3322000
29022094,8813574000,8818974000,8812054000,8813284000,51,1520000,6920000,1230000
29022095,8812054000,8821174000,8810694000,8811459000,105,1360000,10480000,765000
29022096,8811224000,8813164000,8805934000,8813164000,83,5290000,7230000,7230000
29022097,8813164000,8813974000,8805104000,8805104000,64,8060000,8870000,0
29022098,8806844000,8808414000,8803494000,8806024000,79,3350000,4920000,2530000
29022099,8805863000,8808604000,8801314000,8803244000,74,4549000,7290000,1930000
29022100,8803984000,8812274000,8803264000,8812274000,84,720000,9010000,9010000
29022101,8812724000,8813534000,8807984000,8808764000,40,4740000,5550000,780000
29022102,8808974000,8818554000,8808684000,8816994000,70,290000,9870000,8310000
29022103,8818614000,8828234000,8818614000,8824974000,87,0,9620000,6360000
29022104,8825484000,8831984000,8825484000,8830974000,47,0,6500000,5490000
29022105,8830974000,8831544000,8821944000,8824944000,91,9030000,9600000,3000000
29022106,8824625000,8824625000,8817804000,8821044000,85,6821000,6821000,3240000
29022107,8820384000,8829144000,8815154000,8826384000,97,5230000,13990000,11230000
29022108,8826364000,8830694000,8821774000,8826724000,131,4590000,8920000,4950000
29022109,8826204000,8838974000,8825024000,8825824000,114,1180000,13950000,800000
29022110,8826034000,8827364000,8817784000,8817784000,75,8250000,9580000,0
29022111,8818974000,8828974000,8817784000,8824574000,109,1190000,11190000,6790000
29022112,8825164000,8835434000,8822208000,8822524000,116,2956000,13226000,316000
29022113,8822084000,8824795000,8818374000,8818984000,79,3710000,6421000,610000
29022114,8819534000,8822974000,8818284000,8819334000,71,1250000,4690000,1050000
29022115,8819044000,8821474000,8812504000,8812874000,79,6540000,8970000,370000
29022116,8813544000,8814265000,8806834000,8814265000,111,6710000,7431000,7431000
29022117,8814164000,8814164000,8807144000,8812234000,64,7020000,7020000,5090000
29022118,8812314000,8814514000,8810104000,8813384000,44,2210000,4410000,3280000
29022119,8814114000,8818094000,8813474000,8816284000,57,640000,4620000,2810000
29022120,8817044000,8817414000,8807784000,8807784000,55,9260000,9630000,0
29022121,8808674000,8810874000,8805234000,8807984000,77,3440000,5640000,2750000
29022122,8808344000,8808974000,8806334000,8807094000,50,2010000,2640000,760000
29022123,8806503000,8808974000,8803984000,8804904000,75,2519000,4990000,920000
29022124,8804244000,8811674000,8804244000,8811674000,55,0,7430000,7430000
29022125,8812324000,8815574000,8807084000,8810854000,77,5240000,8490000,3770000
