utcTimestampInMinutes,open,high,low,close,volume,deltaOpen,deltaHigh,deltaClose
29012041,213314900,213582100,212854000,213570300,324,460900,728100,716300
29012042,213574200,214283600,213314900,214165200,336,259300,968700,850300
29012043,214145100,214160500,213714400,214126700,324,430700,446100,412300
29012044,214148200,214183400,213459100,213985700,334,689100,724300,526600
29012045,213981800,214166500,213770100,213856800,333,211700,396400,86700
29012046,213862700,214184000,213592300,213813500,332,270400,591700,221200
29012047,213780000,213780000,213301200,213371700,320,478800,478800,70500
29012048,213362700,213382400,212476600,212646500,322,886100,905800,169900
29012049,212661100,212748600,212033600,212167200,325,627500,715000,133600
29012050,212169200,212531000,212092800,212362500,324,76400,438200,269700
29012051,212353700,212381700,211354500,211545200,328,999200,1027200,190700
29012052,211540400,211858100,211359200,211797900,326,181200,498900,438700
29012053,211805100,211931700,211493800,211822400,317,311300,437900,328600
29012054,211799400,212013800,211224800,211241300,314,574600,789000,16500
29012055,211249900,211571300,211140400,211509600,314,109500,430900,369200
29012056,211503900,211788900,211320700,211763000,325,183200,468200,442300
29012057,211778200,212320800,211596700,211748900,338,181500,724100,152200
29012058,211728600,211728600,211315300,211654300,320,413300,413300,339000
29012059,211647900,211869100,211201000,211282900,326,446900,668100,81900
29012060,211274400,211425800,210364800,210750200,328,909600,1061000,385400
29012061,210748000,211291400,210553600,211256000,326,194400,737800,702400
29012062,211261200,211377000,210974100,211157000,330,287100,402900,182900
29012063,211192200,211350600,210825500,211057900,326,366700,525100,232400
29012064,211073000,211528700,211073000,211516200,334,0,455700,443200
29012065,211514800,212124300,211514800,212124300,315,0,609500,609500
29012066,212119800,212355400,211683000,211683000,321,436800,672400,0
29012067,211638400,211638400,211312300,211479300,311,326100,326100,167000
29012068,211464300,211487000,210920100,211357500,316,544200,566900,437400
29012069,211371900,211761600,211336800,211708300,312,35100,424800,371500
29012070,211717500,212099400,211519200,212053400,324,198300,580200,534200
29012071,212045200,212417700,211977300,212254900,321,67900,440400,277600
29012072,212267200,212571500,211788500,212569100,332,478700,783000,780600
29012073,212571100,212954500,212345600,212464600,332,225500,608900,119000
29012074,212487700,212639200,212228400,212298000,318,259300,410800,69600
29012075,212302900,212737000,212302900,212624300,311,0,434100,321400
29012076,212627700,212981200,212442900,212449400,312,184800,538300,6500
29012077,212417000,212417000,211770800,211801200,330,646200,646200,30400
29012078,211814500,212007900,211569200,211734900,313,245300,438700,165700
29012079,211689200,211846300,211472100,211657900,288,217100,374200,185800
29012080,211666000,211671400,211106700,211157400,319,559300,564700,50700
29012081,211157800,211305800,210823600,211089700,327,334200,482200,266100
29012082,211095600,211388100,211051700,211088700,310,43900,336400,37000
29012083,211112300,211238300,210814300,211141500,300,298000,424000,327200
29012084,211138300,211159400,210660100,210702400,276,478200,499300,42300
29012085,210695700,210989800,210455000,210836800,320,240700,534800,381800
29012086,210832000,210842200,208498200,209332600,328,2333800,2344000,834400
29012087,209350000,210266500,209083600,209938600,325,266400,1182900,855000
29012088,209963100,210247500,209276200,209788500,330,686900,971300,512300
29012089,209778400,210179900,209227100,209715300,322,551300,952800,488200
29012090,209748800,209801400,208848900,209263800,332,899900,952500,414900
29012091,209272600,209654100,208908200,209444200,328,364400,745900,536000
29012092,209439800,209719500,209066300,209334100,322,373500,653200,267800
29012093,209289200,209611800,209031500,209580100,325,257700,580300,548600
29012094,209617300,211330400,209506500,210823900,332,110800,1823900,1317400
29012095,210808400,211237400,210790400,211121400,332,18000,447000,331000
29012096,211115000,211237300,210785200,211217500,326,329800,452100,432300
29012097,211215700,211279100,210965400,210965400,330,250300,313700,0
29012098,210963400,211194700,210734800,211125700,322,228600,459900,390900
29012099,211132300,211440600,211024900,211061200,319,107400,415700,36300
29012100,211059500,211596700,210908800,211506300,328,150700,687900,597500
29012101,211506700,212171900,211486500,211999100,334,20200,685400,512600
29012102,211989900,212179500,211768100,212132200,316,221800,411400,364100
29012103,212132200,212459700,212016900,212459700,309,115300,442800,442800
29012104,212470800,212911700,212469500,212864100,312,1300,442200,394600
29012105,212903700,213119800,212561500,212561500,323,342200,558300,0
29012106,212566900,213028500,212386300,212930500,326,180600,642200,544200
29012107,212919200,212919200,212325200,212361700,307,594000,594000,36500
29012108,212361800,212450100,211908500,212446600,329,453300,541600,538100
29012109,212446100,212455200,211920900,212115100,305,525200,534300,194200
29012110,212118600,212301300,211826200,212006900,322,292400,475100,180700
29012111,212017600,212236600,211827600,212167000,324,190000,409000,339400
29012112,212164900,212664800,212071400,212519200,320,93500,593400,447800
29012113,212523100,212580000,212139600,212185700,318,383500,440400,46100
29012114,212180800,212255900,211929100,212232500,319,251700,326800,303400
29012115,212236200,212622800,212066200,212622800,314,170000,556600,556600
29012116,212624200,212706400,212480900,212679000,304,143300,225500,198100
29012117,212682000,213411500,212642300,213129500,326,39700,769200,487200
29012118,213118000,213455800,212871400,213362300,316,246600,584400,490900
29012119,213362000,213681100,213076600,213233400,328,285400,604500,156800
29012120,213242400,213260700,212753700,212854500,319,488700,507000,100800
29012121,212859300,212887600,212497700,212642800,323,361600,389900,145100
29012122,212679000,212787600,212344100,212459700,328,334900,443500,115600
29012123,212488500,212776900,212254900,212776900,300,233600,522000,522000
29012124,212786800,212834600,212227400,212233500,311,559400,607200,6100
29012125,212237900,212241600,211840600,211964200,328,397300,401000,123600
29012126,211972800,212035200,211478900,211609900,317,493900,556300,131000
29012127,211641800,211680600,211187700,211536000,330,454100,492900,348300
29012128,211534100,211740400,211297100,211353000,319,237000,443300,55900
29012129,211340900,211768000,211208400,211601900,317,132500,559600,393500
29012130,211589500,212030200,211556000,212030200,326,33500,474200,474200
29012131,212039800,212314900,211909500,211920000,304,130300,405400,10500
29012132,211912600,211943100,211611300,211780500,324,301300,331800,169200
29012133,211782500,211918200,211394600,211469200,328,387900,523600,74600
29012134,211482100,211850200,211381600,211577900,334,100500,468600,196300
29012135,211569200,211569200,210948900,211204500,329,620300,620300,255600
29012136,211196300,211200900,210270400,210430200,325,925900,930500,159800
29012137,210451600,210890200,210354400,210370500,332,97200,535800,16100
29012138,210386500,210721500,210377100,210701600,316,9400,344400,324500
29012139,210691800,210941100,210510900,210744800,325,180900,430200,233900
29012140,210680100,211204500,210575700,211097600,322,104400,628800,521900
29012141,211098100,211487600,211048700,211126100,322,49400,438900,77400
29012142,211128800,211247200,210871000,211238100,322,257800,376200,367100
29012143,211229800,211492000,210780500,210861600,323,449300,711500,81100
29012144,210859900,211114300,210787300,211066700,316,72600,327000,279400
29012145,211008200,211008200,210445300,210687100,326,562900,562900,241800
29012146,210700100,210852600,210514600,210620100,328,185500,338000,105500
29012147,210617500,210671600,209598900,209640800,311,1018600,1072700,41900
29012148,209654400,209923400,209520500,209551000,333,133900,402900,30500
29012149,209529200,209865500,209397800,209856900,330,131400,467700,459100
29012150,209860900,210034000,209616700,210020000,324,244200,417300,403300
29012151,210020900,210222800,209716100,209741700,330,304800,506700,25600
29012152,209746500,209795000,209554700,209651500,326,191800,240300,96800
29012153,209672500,209848000,209045900,209203000,326,626600,802100,157100
29012154,209225100,209677300,209225100,209611100,317,0,452200,386000
29012155,209614100,209859800,209399100,209399100,314,215000,460700,0
29012156,209338000,210008000,209287600,209991800,328,50400,720400,704200
29012157,209960000,210630000,209933400,210561000,309,26600,696600,627600
29012158,210558600,210924100,210487300,210665600,319,71300,436800,178300
29012159,210664600,210932800,210597300,210762600,294,67300,335500,165300
29012160,210762200,210788700,210268400,210758100,317,493800,520300,489700
29012161,210767200,211220400,210631000,210994200,322,136200,589400,363200
29012162,211007600,211416300,210756100,211298000,310,251500,660200,541900
29012163,211290100,212240400,211137600,211998100,328,152500,1102800,860500
29012164,212010100,212010100,211692500,211863200,327,317600,317600,170700
29012165,211865700,211880600,211299800,211477400,333,565900,580800,177600
29012166,211476900,211713800,211227500,211662600,325,249400,486300,435100
29012167,211672200,211876900,211357700,211797500,324,314500,519200,439800
29012168,211792300,212111300,211659900,211935100,293,132400,451400,275200
29012169,211936100,211963400,211693400,211704200,324,242700,270000,10800
29012170,211704100,211704100,211203100,211236300,328,501000,501000,33200
29012171,211245800,211262700,210157800,210217700,322,1088000,1104900,59900
29012172,210194200,210276300,209494600,209501300,326,699600,781700,6700
29012173,209476700,210076000,209348800,209651700,326,127900,727200,302900
29012174,209663100,209926800,209365800,209837200,331,297300,561000,471400
29012175,209835300,209910600,209415300,209420900,328,420000,495300,5600
29012176,209419900,209631000,208643000,208643000,331,776900,988000,0
29012177,208653600,208986300,207796500,207796500,330,857100,1189800,0
29012178,207802100,208846000,207802100,208607300,330,0,1043900,805200
29012179,208586100,209031500,208357400,208704300,333,228700,674100,346900
29012180,208702800,209107700,208386700,209097400,334,316100,721000,710700
29012181,209102200,209878400,209058500,209827000,328,43700,819900,768500
29012182,209799900,209810200,208857000,208936300,328,942900,953200,79300
29012183,208865900,208956000,208435000,208435000,332,430900,521000,0
29012184,208434600,208767700,208286000,208575600,334,148600,481700,289600
29012185,208570500,208870000,208177700,208868900,326,392800,692300,691200
29012186,208839200,209228900,208692600,209151400,334,146600,536300,458800
29012187,209156500,209306700,208841500,209013900,324,315000,465200,172400
29012188,209009000,209948600,209009000,209909300,326,0,939600,900300
29012189,209888100,210631300,209716100,210491200,334,172000,915200,775100
29012190,210496200,210918200,210227900,210227900,330,268300,690300,0
29012191,210216800,211314200,210193000,211199100,338,23800,1121200,1006100
29012192,211161200,211716600,211152800,211584200,330,8400,563800,431400
29012193,211597400,211664600,210942300,211302700,328,655100,722300,360400
29012194,211286200,211411700,210875700,210875700,330,410500,536000,0
29012195,210868100,211387100,210733400,211055000,326,134700,653700,321600
29012196,211053800,211447800,210980400,211267600,327,73400,467400,287200
29012197,211263600,211361900,210791300,210892400,324,472300,570600,101100
29012198,210866400,211051500,210592400,210947500,328,274000,459100,355100
29012199,210939500,211420200,210792200,211365700,322,147300,628000,573500
29012200,211372400,211428200,210852100,211084800,330,520300,576100,232700
29012201,211094200,211456100,210907700,210907700,332,186500,548400,0
29012202,210888200,210993700,210493400,210696100,330,394800,500300,202700
29012203,210706800,210975500,210498000,210769300,330,208800,477500,271300
29012204,210761400,210784500,209923300,209923300,329,838100,861200,0
29012205,209896700,210187800,209241100,209605100,326,655600,946700,364000
29012206,209599100,209902100,209489800,209581100,332,109300,412300,91300
29012207,209581100,210151500,209581100,210084800,325,0,570400,503700
29012208,210098500,210725800,209958800,210525300,328,139700,767000,566500
29012209,210520600,210731500,210317400,210696300,328,203200,414100,378900
29012210,210690900,211096400,210481400,211082200,328,209500,615000,600800
29012211,211091500,211127900,210176300,210248600,322,915200,951600,72300
29012212,210273000,211109500,210272600,211066200,324,400,836900,793600
29012213,211059900,211634400,210845000,211619000,327,214900,789400,774000
29012214,211614200,211785300,211407100,211785300,325,207100,378200,378200
29012215,211826200,212134300,211674100,212114800,314,152100,460200,440700
29012216,212108300,212498300,212055600,212350700,325,52700,442700,295100
29012217,212351200,212351200,211948200,212153800,312,403000,403000,205600
29012218,212161100,212342500,211976900,212310100,328,184200,365600,333200
29012219,212309200,212315100,212084200,212164800,295,225000,230900,80600
29012220,212159100,212947300,211858800,212944900,324,300300,1088500,1086100
29012221,212916200,213003200,212542500,212684900,326,373700,460700,142400
29012222,212659900,212710400,212263500,212290100,320,396400,446900,26600
29012223,212274400,212699000,212134900,212456900,329,139500,564100,322000
29012224,212458100,212592700,212150300,212229100,319,307800,442400,78800
29012225,212182400,212374700,211949300,212145800,332,233100,425400,196500
29012226,212142600,212145400,211639900,211737500,330,502700,505500,97600
29012227,211732700,212160200,211684300,212096200,330,48400,475900,411900
29012228,212081500,212470400,211917000,212403400,318,164500,553400,486400
29012229,212409400,212829800,212392000,212693000,319,17400,437800,301000
29012230,212691400,212721000,212180300,212261900,320,511100,540700,81600
29012231,212290000,212698400,212223800,212449200,311,66200,474600,225400
29012232,212436800,212697200,212324000,212483900,319,112800,373200,159900
29012233,212484900,212593400,212270100,212350400,301,214800,323300,80300
29012234,212307900,212307900,211867000,211976600,298,440900,440900,109600
29012235,212010300,212472300,211903500,212472300,311,106800,568800,568800
29012236,212456300,213079600,212455400,213043300,308,900,624200,587900
29012237,213041000,213211200,212817500,213027400,326,223500,393700,209900
29012238,212992100,213038200,212596800,212790200,318,395300,441400,193400
29012239,212794500,212892400,212496800,212535200,304,297700,395600,38400
29012240,212539500,212665900,212463400,212538600,291,76100,202500,75200
29012241,212565600,212707600,212286900,212658800,283,278700,420700,371900
29012242,212656400,213125700,212571100,213057400,290,85300,554600,486300
29012243,213050000,213944400,212886700,213944400,287,163300,1057700,1057700
29012244,213992800,214163500,213401100,213606300,328,591700,762400,205200
29012245,213600200,213994200,213252000,213702900,326,348200,742200,450900
29012246,213628100,213997100,213449700,213918600,317,178400,547400,468900
29012247,213914600,214597900,213900800,214386300,326,13800,697100,485500
29012248,214393800,214900900,214215300,214787700,325,178500,685600,572400
29012249,214779500,214861800,214488000,214606900,323,291500,373800,118900
29012250,214584600,215177400,214297800,215116800,324,286800,879600,819000
29012251,215124700,215189300,214590000,214803600,322,534700,599300,213600
29012252,214787200,215134200,214766300,214877600,333,20900,367900,111300
29012253,214880000,214961700,214687200,214753700,325,192800,274500,66500
29012254,214762900,214955400,214636300,214673600,314,126600,319100,37300
29012255,214672400,214917400,214447800,214828000,322,224600,469600,380200
29012256,214809900,214888700,214531700,214580800,299,278200,357000,49100
29012257,214582800,214748700,214421700,214455200,322,161100,327000,33500
29012258,214457000,214476800,214057600,214105400,308,399400,419200,47800
29012259,214086100,214306900,213996400,214228400,302,89700,310500,232000
29012260,214231900,214363400,214026500,214026500,319,205400,336900,0
29012261,214028900,214037200,213680500,213948100,316,348400,356700,267600
29012262,213939800,214300300,213849900,214263500,302,89900,450400,413600
29012263,214287300,214287300,213898400,213911300,280,388900,388900,12900
29012264,213908200,214040100,213695900,214012100,310,212300,344200,316200
29012265,214013500,214221900,213804800,214206700,295,208700,417100,401900
29012266,214221700,214455600,214050400,214435300,296,171300,405200,384900
29012267,214437700,214469100,214108200,214242300,286,329500,360900,134100
29012268,214241000,214241000,213667000,213690700,265,574000,574000,23700
29012269,213693900,214012800,213587800,213854300,287,106100,425000,266500
29012270,213855800,214112600,213736100,214110100,251,119700,376500,374000
29012271,214084700,214462000,214016400,214431300,281,68300,445600,414900
29012272,214432300,214947400,214332600,214751200,299,99700,614800,418600
29012273,214745700,214756700,214263900,214639500,294,481800,492800,375600
29012274,214646500,214654000,214196400,214350000,292,450100,457600,153600
29012275,214352000,214418000,214106400,214385300,290,245600,311600,278900
29012276,214391700,214432700,214134100,214343100,279,257600,298600,209000
29012277,214342600,214371500,214171300,214227400,256,171300,200200,56100
29012278,214239200,214543200,214066400,214481400,269,172800,476800,415000
29012279,214480900,214482600,214234900,214472100,237,246000,247700,237200
29012280,214471700,214755100,214429500,214634500,281,42200,325600,205000
29012281,214613500,214663000,214206400,214388100,249,407100,456600,181700
29012282,214383800,214390200,214081300,214117300,243,302500,308900,36000
29012283,214119200,214119900,213776400,213853200,266,342800,343500,76800
29012284,213839200,214010500,213783800,213972500,267,55400,226700,188700
29012285,213975800,213980200,213668700,213674100,301,307100,311500,5400
29012286,213655800,213655800,213093800,213131100,321,562000,562000,37300
29012287,213142000,213292400,212967000,213292400,309,175000,325400,325400
29012288,213293400,213367100,212649500,212791000,309,643900,717600,141500
29012289,212774700,213018000,212680600,212867900,299,94100,337400,187300
29012290,212868900,213036100,212751800,212868900,300,117100,284300,117100
29012291,212869600,213078500,212804100,213072900,295,65500,274400,268800
29012292,213065400,213226900,212941600,213201200,301,123800,285300,259600
29012293,213201600,213276700,213006700,213252700,260,194900,270000,246000
29012294,213253100,213398400,213076700,213167800,276,176400,321700,91100
29012295,213166900,213211000,212821100,212853700,316,345800,389900,32600
29012296,212868700,213139000,212766700,213068700,307,102000,372300,302000
29012297,213065200,213417100,213023900,213232200,283,41300,393200,208300
29012298,213230400,213651300,213193000,213457700,305,37400,458300,264700
29012299,213471400,213527100,213025700,213182400,293,445700,501400,156700
29012300,213181900,213197300,212445900,212763000,321,736000,751400,317100
29012301,212765300,212789600,212156900,212418500,326,608400,632700,261600
29012302,212460400,212871000,212363100,212841100,316,97300,507900,478000
29012303,212843600,212981200,212576800,212927800,288,266800,404400,351000
29012304,212925100,213065700,212806800,213065700,290,118300,258900,258900
29012305,213072400,213293000,212841500,212898900,306,230900,451500,57400
29012306,212897000,212945300,212716800,212841100,283,180200,228500,124300
29012307,212842500,212989300,212647700,212934900,286,194800,341600,287200
29012308,212936200,213075100,212756700,213073100,290,179500,318400,316400
29012309,213088000,213300400,212990700,213250100,274,97300,309700,259400
29012310,213258700,213585300,213153500,213156400,320,105200,431800,2900
29012311,213157600,213212200,212782600,212831100,278,375000,429600,48500
29012312,212830600,213031800,212769600,212769600,268,61000,262200,0
29012313,212771500,212957600,212688700,212898400,287,82800,268900,209700
29012314,212896400,212975800,212666800,212794900,263,229600,309000,128100
29012315,212791900,212791900,212366400,212369800,303,425500,425500,3400
29012316,212370900,212547700,212303600,212373300,307,67300,244100,69700
29012317,212372700,212474400,211483500,211880400,314,889200,990900,396900
29012318,211873000,212058300,211632400,211823100,302,240600,425900,190700
29012319,211795900,212070300,211589700,212027600,304,206200,480600,437900
29012320,212039400,212130700,211996900,212088300,252,42500,133800,91400
29012321,212077400,212319500,211986900,212280900,261,90500,332600,294000
29012322,212281400,212281400,211836600,212094800,270,444800,444800,258200
29012323,212062500,212309500,211857000,212208600,299,205500,452500,351600
29012324,212210000,212394300,212098000,212209200,280,112000,296300,111200
29012325,212204600,212531700,212147900,212410400,260,56700,383800,262500
29012326,212409900,212599200,212040900,212562000,289,369000,558300,521100
29012327,212564900,212584400,212328600,212584400,306,236300,255800,255800
29012328,212586400,212912800,212534400,212871700,308,52000,378400,337300
29012329,212854100,213006000,212687300,212902400,289,166800,318700,215100
29012330,212901000,212967900,212731600,212738400,259,169400,236300,6800
29012331,212731900,213088400,212572800,212733600,292,159100,515600,160800
29012332,212704900,212707200,212296600,212327400,277,408300,410600,30800
29012333,212328600,212503800,212156900,212385700,281,171700,346900,228800
29012334,212389600,212389600,212136900,212273400,263,252700,252700,136500
29012335,212262300,212309200,211719600,211736500,297,542700,589600,16900
29012336,211733300,211735100,211507100,211598300,261,226200,228000,91200
29012337,211599000,211744200,211591900,211713800,269,7100,152300,121900
29012338,211714300,211997600,211557000,211752000,291,157300,440600,195000
29012339,211752500,211973400,211697000,211807400,264,55500,276400,110400
29012340,211807400,212069700,211797100,211818400,277,10300,272600,21300
29012341,211807900,212564000,211793200,212504600,303,14700,770800,711400
29012342,212506600,212706900,212481600,212600300,275,25000,225300,118700
29012343,212600800,212659800,212126500,212416100,308,474300,533300,289600
29012344,212408300,212562500,212271500,212412300,294,136800,291000,140800
29012345,212412200,212581800,212236900,212236900,295,175300,344900,0
29012346,212230000,212573300,212132800,212573300,285,97200,440500,440500
29012347,212604100,212691700,212468100,212473100,297,136000,223600,5000
29012348,212484600,212895600,212416800,212540000,287,67800,478800,123200
29012349,212548300,212650600,212176900,212315100,257,371400,473700,138200
29012350,212313700,212374400,212151700,212202600,287,162000,222700,50900
29012351,212204300,212211400,211976900,212206100,284,227400,234500,229200
29012352,212229000,212635500,212229000,212366300,297,0,406500,137300
29012353,212362100,212736900,212236900,212736900,285,125200,500000,500000
29012354,212736300,212904700,212663200,212890600,266,73100,241500,227400
29012355,212891000,213029200,212650900,213029200,278,240100,378300,378300
29012356,213030600,213467200,213022100,213428200,309,8500,445100,406100
29012357,213426200,213645800,213208100,213283200,306,218100,437700,75100
29012358,213281900,213281900,213016700,213068600,259,265200,265200,51900
29012359,213064700,213064700,212896700,212952600,261,168000,168000,55900
29012360,212935700,213056000,212880600,212917500,234,55100,175400,36900
29012361,212916600,213095700,212748600,213010700,272,168000,347100,262100
29012362,212990500,212998300,212794900,212995200,304,195600,203400,200300
29012363,212990600,213389100,212960700,213038700,281,29900,428400,78000
29012364,213033900,213407200,212965800,213407200,305,68100,441400,441400
29012365,213394400,213734400,213348600,213731500,302,45800,385800,382900
29012366,213738900,214090800,213649900,213917400,317,89000,440900,267500
29012367,213905100,213949600,213668500,213759400,296,236600,281100,90900
29012368,213763300,213908500,213638200,213827200,281,125100,270300,189000
29012369,213829500,214234300,213759800,214097700,312,69700,474500,337900
29012370,214092500,214110300,213763000,213786000,278,329500,347300,23000
29012371,213771300,213797400,213556500,213728900,292,214800,240900,172400
29012372,213726000,213726000,213370900,213429400,293,355100,355100,58500
29012373,213386200,213595600,213186600,213544800,288,199600,409000,358200
29012374,213545300,213808200,213543300,213716000,269,2000,264900,172700
29012375,213711400,213810500,213264600,213296900,315,446800,545900,32300
29012376,213286300,213375100,213206600,213372700,284,79700,168500,166100
29012377,213375100,213573400,213296700,213300700,279,78400,276700,4000
29012378,213298700,213339400,213120700,213135800,274,178000,218700,15100
29012379,213147300,213447500,213110800,213404500,281,36500,336700,293700
29012380,213406300,213752200,213349000,213683800,295,57300,403200,334800
29012381,213695600,214221200,213663500,214056200,316,32100,557700,392700
29012382,214034300,214325800,213833200,214164100,315,201100,492600,330900
29012383,214181200,214283600,213795600,213959200,292,385600,488000,163600
29012384,213954200,213954200,213619700,213619700,270,334500,334500,0
29012385,213623600,213643100,213354800,213419300,293,268800,288300,64500
29012386,213403400,213549300,213196600,213331700,304,206800,352700,135100
29012387,213333100,213807900,213333100,213805800,303,0,474800,472700
29012388,213774800,213889800,213591800,213709200,294,183000,298000,117400
29012389,213711100,213793400,213526600,213638900,289,184500,266800,112300
29012390,213634900,213730000,213436100,213520400,285,198800,293900,84300
29012391,213523600,213641200,213486600,213520500,287,37000,154600,33900
29012392,213514000,213613200,213379900,213466500,293,134100,233300,86600
29012393,213486900,213505500,213296600,213395600,260,190300,208900,99000
29012394,213396500,213398500,212786700,212888600,291,609800,611800,101900
29012395,212890200,212960000,212611300,212673500,303,278900,348700,62200
29012396,212651000,212784500,212401100,212428200,276,249900,383400,27100
29012397,212437700,212728500,212437700,212635900,284,0,290800,198200
29012398,212633400,212811900,212534300,212551000,218,99100,277600,16700
29012399,212552500,212792300,212541000,212746500,235,11500,251300,205500
29012400,212738600,212832200,212470200,212506400,274,268400,362000,36200
29012401,212487300,213311000,212363100,213148900,306,124200,947900,785800
29012402,213149400,213322400,212880500,212930700,296,268900,441900,50200
29012403,212918800,213228000,212787700,212790100,326,131100,440300,2400
29012404,212788600,213141100,212766700,212773300,309,21900,374400,6600
29012405,212780200,212816700,212433200,212524900,315,347000,383500,91700
29012406,212522400,212882700,212416900,212761700,316,105500,465800,344800
29012407,212759700,213025500,212742600,212864000,318,17100,282900,121400
29012408,212862400,212996600,212746800,212783400,298,115600,249800,36600
29012409,212784300,213381500,212784300,213285000,297,0,597200,500700
29012410,213276900,213502700,213198500,213352700,305,78400,304200,154200
29012411,213322200,213728300,213297300,213670600,296,24900,431000,373300
29012412,213640900,213822200,213441200,213493100,306,199700,381000,51900
29012413,213488200,213530700,213270300,213274800,276,217900,260400,4500
29012414,213275300,213450300,213116700,213179500,242,158600,333600,62800
29012415,213182800,213552700,213181600,213239200,297,1200,371100,57600
29012416,213248200,213759100,213228800,213759100,305,19400,530300,530300
29012417,213760500,214053300,213731600,214045100,318,28900,321700,313500
29012418,214036700,214081600,213556600,213633000,290,480100,525000,76400
29012419,213632600,213876000,213474300,213695200,284,158300,401700,220900
29012420,213700200,213870200,213623700,213836200,307,76500,246500,212500
29012421,213842900,214074400,213692200,213714600,290,150700,382200,22400
29012422,213708600,213796100,213550200,213551800,308,158400,245900,1600
29012423,213555800,213555800,213256600,213449000,279,299200,299200,192400
29012424,213450200,213514600,213166600,213469600,253,283600,348000,303000
29012425,213467600,213627800,213359200,213416400,301,108400,268600,57200
29012426,213417100,213525900,213002200,213002200,286,414900,523700,0
29012427,212995100,212995100,212798600,212815500,284,196500,196500,16900
29012428,212816400,212893900,212636800,212835000,242,179600,257100,198200
29012429,212835900,212838700,212247700,212263900,270,588200,591000,16200
29012430,212267300,212481600,211836300,212344500,314,431000,645300,508200
29012431,212349400,212356900,212130900,212134500,321,218500,226000,3600
29012432,212135500,212674500,212106800,212510500,304,28700,567700,403700
29012433,212503400,212566800,212206900,212292400,292,296500,359900,85500
29012434,212297900,212410800,212127000,212146000,270,170900,283800,19000
29012435,212137100,212227600,211896400,211970900,312,240700,331200,74500
29012436,211970200,212196500,211880900,212181000,299,89300,315600,300100
29012437,212183900,212276100,211904100,211985600,270,279800,372000,81500
29012438,212006100,212068700,211527100,211782200,271,479000,541600,255100
29012439,211782600,211876700,211581900,211605000,279,200700,294800,23100
29012440,211603100,211644700,211358000,211403900,278,245100,286700,45900
29012441,211408400,211440200,210955100,211256900,310,453300,485100,301800
29012442,211256400,211495900,211109400,211442300,320,147000,386500,332900
29012443,211417400,211668600,211387100,211497900,306,30300,281500,110800
29012444,211511000,211611200,211273100,211382500,275,237900,338100,109400
29012445,211383000,211632600,211257100,211544900,306,125900,375500,287800
29012446,211549100,211715100,211137200,211225000,302,411900,577900,87800
29012447,211227000,211481500,211131200,211213200,309,95800,350300,82000
29012448,211215100,211491200,210677000,210689400,304,538100,814200,12400
29012449,210698300,211382700,210698300,211350800,310,0,684400,652500
29012450,211351600,211579900,211217800,211560700,322,133800,362100,342900
29012451,211562000,211777400,211417800,211748600,278,144200,359600,330800
29012452,211747600,212164500,211513000,211516500,312,234600,651500,3500
29012453,211502900,211515100,210757200,211078000,295,745700,757900,320800
29012454,211080500,211413600,211080500,211413600,282,0,333100,333100
29012455,211414400,211848600,211413700,211431400,280,700,434900,17700
29012456,211432100,211859000,211233000,211859000,293,199100,626000,626000
29012457,211860400,212216100,211815000,212011100,316,45400,401100,196100
29012458,212010100,212198700,211827000,212123700,298,183100,371700,296700
29012459,212122300,212330400,211979700,212154800,288,142600,350700,175100
29012460,212152000,212258200,211897000,212195800,322,255000,361200,298800
29012461,212181500,212181500,211767000,212008700,305,414500,414500,241700
29012462,212006700,212052500,211778500,212009500,304,228200,274000,231000
29012463,212011000,212536200,211900700,212536200,308,110300,635500,635500
29012464,212558600,213005700,212558600,212993100,315,0,447100,434500
29012465,212994500,213079500,212624300,212963600,308,370200,455200,339300
29012466,212965800,213146700,212636800,212758500,309,329000,509900,121700
29012467,212761600,213509000,212747100,213406500,315,14500,761900,659400
29012468,213394900,213663500,213277700,213663500,304,117200,385800,385800
29012469,213663800,214270500,213590800,214247600,325,73000,679700,656800
29012470,214243700,215012500,214222400,214560700,322,21300,790100,338300
29012471,214585400,214675900,213650400,213861900,322,935000,1025500,211500
29012472,213907600,214181600,213426500,213470700,314,481100,755100,44200
29012473,213487600,213736900,213459600,213689400,293,28000,277300,229800
29012474,213690400,213691400,213096000,213289700,293,594400,595400,193700
29012475,213295800,213490000,213096700,213200800,321,199100,393300,104100
29012476,213197600,213344700,212978300,213246200,308,219300,366400,267900
29012477,213245400,213609800,213137300,213609800,320,108100,472500,472500
29012478,213612000,213725400,213280600,213379100,320,331400,444800,98500
29012479,213371300,213475400,213220800,213393300,315,150500,254600,172500
29012480,213378800,213734900,213176600,213442400,303,202200,558300,265800
29012481,213380400,213885800,213266500,213885800,306,113900,619300,619300
29012482,213876000,213928300,213508100,213510600,320,367900,420200,2500
29012483,213492700,213518900,213170800,213195200,317,321900,348100,24400
29012484,213195300,213503000,213092300,213092300,313,103000,410700,0
29012485,213104200,213127000,212576900,212579500,289,527300,550100,2600
29012486,212572900,212712000,212415000,212450100,302,157900,297000,35100
29012487,212459100,212502600,212232900,212282200,302,226200,269700,49300
29012488,212236000,212359400,211827900,212273400,307,408100,531500,445500
29012489,212268800,212592500,212143300,212556900,311,125500,449200,413600
29012490,212556600,215555300,212396800,214908000,333,159800,3158500,2511200
29012491,214848200,215346900,214303200,214697500,328,545000,1043700,394300
29012492,214719500,214911100,213913400,214117400,330,806100,997700,204000
29012493,214118800,214223900,213861800,213998700,336,257000,362100,136900
29012494,214028500,214783400,213982200,214724000,328,46300,801200,741800
29012495,214727900,215363600,214524300,215223700,322,203600,839300,699400
29012496,215234000,215917400,215136800,215727500,330,97200,780600,590700
29012497,215700400,216154900,215403400,215956300,328,297000,751500,552900
29012498,215870100,216175500,215616600,215616600,320,253500,558900,0
29012499,215564400,215708000,215158000,215158000,327,406400,550000,0
29012500,215161100,215776300,215122800,215701000,332,38300,653500,578200
29012501,215690100,216117800,215650400,215712800,340,39700,467400,62400
29012502,215693600,215969600,215503400,215761200,325,190200,466200,257800
29012503,215751500,215751500,215246100,215285600,320,505400,505400,39500
29012504,215263200,215618900,215134700,215618900,313,128500,484200,484200
29012505,215622900,215836200,215476100,215545800,324,146800,360100,69700
29012506,215541000,215692900,215078200,215190600,319,462800,614700,112400
29012507,215177300,215889700,215134400,215830500,322,42900,755300,696100
29012508,215840600,216252200,215758000,216081000,327,82600,494200,323000
29012509,216018500,216461600,215999500,216160400,322,19000,462100,160900
29012510,216144800,216245700,215792800,215792800,316,352000,452900,0
29012511,215771800,216096800,215474900,216050600,312,296900,621900,575700
29012512,216049800,216260900,216011200,216090300,324,38600,249700,79100
29012513,216081800,216199200,215838900,216132900,322,242900,360300,294000
29012514,216131400,216185200,215873100,215950700,316,258300,312100,77600
29012515,215945900,215945900,215197900,215205900,325,748000,748000,8000
29012516,215203700,215468200,215034700,215393100,322,169000,433500,358400
29012517,215391600,215391600,214924700,215177800,304,466900,466900,253100
29012518,215213900,215400300,215111600,215364000,311,102300,288700,252400
29012519,215363100,215420800,215162500,215270300,304,200600,258300,107800
29012520,215266400,216171600,215126200,216039200,315,140200,1045400,913000
29012521,216051500,216140900,215738200,215919400,326,313300,402700,181200
29012522,215915200,216220100,215828600,216183700,324,86600,391500,355100
29012523,216188400,216215200,215946000,215966700,323,242400,269200,20700
29012524,215960900,216863200,215932400,216792100,330,28500,930800,859700
29012525,216773200,217381200,216664900,217364500,328,108300,716300,699600
29012526,217386500,217885000,217344200,217885000,324,42300,540800,540800
29012527,217902300,218302300,217803300,218264000,332,99000,499000,460700
29012528,218256900,218977100,218256900,218831300,326,0,720200,574400
29012529,218803400,218862300,218309100,218322000,326,494300,553200,12900
29012530,218321000,218369700,217541100,217728100,330,779900,828600,187000
29012531,217727400,217734400,217269500,217311400,314,457900,464900,41900
29012532,217305200,217455800,217166200,217349000,334,139000,289600,182800
29012533,217350700,217463000,217057400,217061400,331,293300,405600,4000
29012534,217045200,217331700,216935900,217272000,314,109300,395800,336100
29012535,217273500,217296400,216810600,216948100,317,462900,485800,137500
29012536,216930500,217352300,216909200,217199900,316,21300,443100,290700
29012537,217202400,217796900,217202400,217497100,326,0,594500,294700
29012538,217497300,217615000,217267700,217267700,321,229600,347300,0
29012539,217262500,217276100,216496300,216786400,318,766200,779800,290100
29012540,216790500,216825800,216421300,216641900,319,369200,404500,220600
29012541,216674000,216674000,216140100,216376800,303,533900,533900,236700
29012542,216376300,216656700,216279100,216480500,309,97200,377600,201400
29012543,216478400,216761000,216342100,216397900,309,136300,418900,55800
29012544,216401200,216476300,216119400,216208700,324,281800,356900,89300
29012545,216205000,216425000,216042400,216425000,324,162600,382600,382600
29012546,216424200,216706400,216358600,216691500,321,65600,347800,332900
29012547,216699100,216812800,216187300,216246900,318,511800,625500,59600
29012548,216253300,216645000,216235600,216405700,297,17700,409400,170100
29012549,216405600,216687700,216271800,216687700,312,133800,415900,415900
29012550,216696400,216696400,215816300,215823300,322,880100,880100,7000
29012551,215858000,215858000,214821000,214869500,332,1037000,1037000,48500
29012552,214886300,215418100,214826200,214913800,320,60100,591900,87600
29012553,214923100,215252400,214233600,214561500,328,689500,1018800,327900
29012554,214582400,214649600,214158000,214158000,330,424400,491600,0
29012555,214159500,214944500,214156300,214564600,330,3200,788200,408300
29012556,214572300,215544800,214572300,215544800,330,0,972500,972500
29012557,215522800,215788500,215162500,215691700,332,360300,626000,529200
29012558,215682600,215977400,215430600,215772700,331,252000,546800,342100
29012559,215753600,216270200,215683800,216038300,330,69800,586400,354500
29012560,216036600,216360300,215656800,215768400,336,379800,703500,111600
29012561,215769500,216715200,215769500,216659600,328,0,945700,890100
29012562,216665300,217284700,216428600,217245300,332,236700,856100,816700
29012563,217268600,217499700,217076100,217302000,324,192500,423600,225900
29012564,217277000,217597000,217138000,217394000,336,139000,459000,256000
29012565,217414100,217779200,217208000,217755500,328,206100,571200,547500
29012566,217767700,218128100,217609100,217632800,330,158600,519000,23700
29012567,217630900,217630900,217073400,217098900,328,557500,557500,25500
29012568,217080400,218351700,217077200,218288000,324,3200,1274500,1210800
29012569,218304500,218304500,217757100,217800700,326,547400,547400,43600
29012570,217818400,217940800,217455500,217455500,332,362900,485300,0
29012571,217468000,217685900,217303900,217579400,328,164100,382000,275500
29012572,217603600,217718800,217112000,217230500,332,491600,606800,118500
29012573,217241300,217241300,216900300,217104400,327,341000,341000,204100
29012574,217116100,217263100,216926600,217263100,326,189500,336500,336500
29012575,217264300,217360600,216373300,216539700,332,891000,987300,166400
29012576,216525700,216770900,216493300,216597100,333,32400,277600,103800
29012577,216582400,216804200,216333400,216342300,328,249000,470800,8900
29012578,216339400,216560200,216300800,216422700,328,38600,259400,121900
29012579,216425600,216847100,216425600,216794000,330,0,421500,368400
29012580,216792100,217219700,216532600,217185800,328,259500,687100,653200
29012581,217175100,217257000,216579200,217172300,330,595900,677800,593100
29012582,217169400,217842200,217165900,217655600,329,3500,676300,489700
29012583,217646900,217674800,216764900,216971200,323,882000,909900,206300
29012584,216955600,217551600,216871000,217493100,326,84600,680600,622100
29012585,217498400,217552100,217256400,217345100,330,242000,295700,88700
29012586,217340900,218507100,217263200,218355200,332,77700,1243900,1092000
29012587,218347000,218631700,218280200,218549800,332,66800,351500,269600
29012588,218551300,218713900,218224100,218583200,328,327200,489800,359100
29012589,218610700,218882900,218548700,218744100,324,62000,334200,195400
29012590,218741300,219270400,218662900,219267600,334,78400,607500,604700
29012591,219283500,219385400,218794300,219021600,327,489200,591100,227300
29012592,219022300,219581800,218927100,219554300,322,95200,654700,627200
29012593,219528000,219674400,219261400,219469200,312,266600,413000,207800
29012594,219466500,220344700,219404200,220327200,322,62300,940500,923000
29012595,220319700,220319700,219682000,220108800,324,637700,637700,426800
29012596,220125500,220839700,219957800,220741000,317,167700,881900,783200
29012597,220700300,220847600,220344600,220732000,332,355700,503000,387400
29012598,220732000,220732000,219874600,220174100,331,857400,857400,299500
29012599,220182700,220293300,219862500,219862500,318,320200,430800,0
29012600,219913400,220200600,219619500,219985100,322,293900,581100,365600
29012601,219990200,220139200,219796200,220024500,320,194000,343000,228300
29012602,220048500,220777400,219927800,220705100,319,120700,849600,777300
29012603,220699500,221116000,220596400,221087300,306,103100,519600,490900
29012604,221074300,221568600,220912900,221506900,325,161400,655700,594000
29012605,221497700,222141700,221386400,222043900,332,111300,755300,657500
29012606,222031400,222056800,221788700,221907700,324,242700,268100,119000
29012607,221893600,222159300,221646300,222033200,330,247300,513000,386900
29012608,222051000,222217500,221933600,222135700,330,117400,283900,202100
29012609,222138700,222481100,222113000,222476700,332,25700,368100,363700
29012610,222474700,222577500,222322300,222377600,326,152400,255200,55300
29012611,222376700,222970900,222376700,222506500,327,0,594200,129800
29012612,222510100,222572000,221836300,221893000,326,673800,735700,56700
29012613,221888900,221888900,221565700,221594500,324,323200,323200,28800
29012614,221599600,221680900,221231100,221231600,321,368500,449800,500
29012615,221217500,221527500,221059000,221135900,317,158500,468500,76900
29012616,221150100,221452400,220954700,221096700,329,195400,497700,142000
29012617,221106200,221243600,220994800,221242900,324,111400,248800,248100
29012618,221242600,221383000,220908200,221076800,330,334400,474800,168600
29012619,221079600,221232100,220861300,220872100,328,218300,370800,10800
29012620,220875900,221221100,220873600,221201800,314,2300,347500,328200
29012621,221218900,221541900,221176200,221284700,317,42700,365700,108500
29012622,221273500,221350200,221116700,221319300,326,156800,233500,202600
29012623,221316300,221608400,221234300,221400600,313,82000,374100,166300
29012624,221397000,221795500,221329300,221419600,316,67700,466200,90300
29012625,221413800,222188600,221308400,222188600,322,105400,880200,880200
29012626,222209600,222389800,221774300,222248700,320,435300,615500,474400
29012627,222240300,222383800,221707500,221761300,328,532800,676300,53800
29012628,221773700,221848600,221602700,221621100,322,171000,245900,18400
29012629,221617100,221639000,221322400,221639000,320,294700,316600,316600
29012630,221634100,222019400,221527700,221933000,328,106400,491700,405300
29012631,221915600,222541800,221792100,222448600,325,123500,749700,656500
29012632,222455200,222535300,222036200,222181600,329,419000,499100,145400
29012633,222156900,222340700,222064900,222320300,317,92000,275800,255400
29012634,222344000,222808700,222344000,222572000,316,0,464700,228000
29012635,222570900,222570900,222240100,222281800,312,330800,330800,41700
29012636,222298100,222305700,222043100,222135300,306,255000,262600,92200
29012637,222133800,222211300,222006200,222010100,294,127600,205100,3900
29012638,222008600,222257300,222007000,222230000,316,1600,250300,223000
29012639,222223600,222497500,222149900,222439100,327,73700,347600,289200
29012640,222432700,222481300,222164700,222372200,316,268000,316600,207500
29012641,222372300,222799200,222301100,222774400,324,71200,498100,473300
29012642,222805700,223032700,222539600,222834200,332,266100,493100,294600
29012643,222836600,222917200,222503800,222588400,326,332800,413400,84600
29012644,222575200,222575200,221981300,222191000,315,593900,593900,209700
29012645,222145700,222692100,221961100,222605000,326,184600,731000,643900
29012646,222596900,222773300,222337900,222456900,326,259000,435400,119000
29012647,222460100,222497200,221953100,222043800,320,507000,544100,90700
29012648,222047400,222047400,221649300,221768100,326,398100,398100,118800
29012649,221764200,221778600,221367200,221471800,324,397000,411400,104600
29012650,221444900,221619900,221352800,221538400,330,92100,267100,185600
29012651,221552600,221763600,221114200,221116400,326,438400,649400,2200
29012652,220994200,221228200,220905900,220931600,322,88300,322300,25700
29012653,220930600,221132200,220824400,221081700,334,106200,307800,257300
29012654,221080700,221400700,221061200,221263400,309,19500,339500,202200
29012655,221277300,221317600,221010100,221249000,324,267200,307500,238900
29012656,221243800,221270700,220793900,221085800,320,449900,476800,291900
29012657,221090000,221643900,221072100,221560100,317,17900,571800,488000
29012658,221559100,221853800,221409700,221468900,322,149400,444100,59200
29012659,221484800,221607600,221359600,221385600,308,125200,248000,26000
29012660,221372900,221916100,221307300,221889800,313,65600,608800,582500
29012661,221889100,222246300,221810600,222235800,319,78500,435700,425200
29012662,222234000,222240500,221720900,221758400,312,513100,519600,37500
29012663,221754200,221784000,221593400,221663800,256,160800,190600,70400
29012664,221669600,221712600,221220800,221376200,267,448800,491800,155400
29012665,221372800,221596800,221296800,221360300,277,76000,300000,63500
29012666,221329200,221584700,221024700,221194900,327,304500,560000,170200
29012667,221196300,221452100,221196300,221421700,314,0,255800,225400
29012668,221425400,221754400,221330600,221399100,289,94800,423800,68500
29012669,221408900,221699700,221369300,221369300,316,39600,330400,0
29012670,221350800,221444700,221035800,221036700,328,315000,408900,900
29012671,221036200,221543800,221036200,221543800,320,0,507600,507600
29012672,221518300,221862900,221516300,221754100,281,2000,346600,237800
29012673,221742200,221916300,221613400,221908400,311,128800,302900,295000
29012674,221915500,222014100,221526400,221825900,307,389100,487700,299500
29012675,221845700,221960500,221751300,221870600,295,94400,209200,119300
29012676,221866400,222364800,221858900,222364800,292,7500,505900,505900
29012677,222356600,222628200,222356600,222628200,308,0,271600,271600
29012678,222625500,223177700,222603400,223177700,322,22100,574300,574300
29012679,223183400,223728400,223116300,223569600,320,67100,612100,453300
29012680,223642800,224212300,223344000,224208600,333,298800,868300,864600
29012681,224161600,224679300,224111900,224111900,324,49700,567400,0
29012682,224100300,224340100,223661400,223820900,330,438900,678700,159500
29012683,223820600,224035100,223395300,223751100,320,425300,639800,355800
29012684,223751200,223759300,223313500,223402600,312,437700,445800,89100
29012685,223396300,223684800,222963800,222963800,322,432500,721000,0
29012686,222968200,223112500,222795400,222929600,318,172800,317100,134200
29012687,222934500,223000900,222732300,222918500,328,202200,268600,186200
29012688,222919800,223041300,222474300,222643800,318,445500,567000,169500
29012689,222653100,222654100,222084100,222396900,322,569000,570000,312800
29012690,222384800,222394200,221898500,222125700,330,486300,495700,227200
29012691,222124700,222343800,222054500,222296100,320,70200,289300,241600
29012692,222297700,222959400,222285600,222907700,321,12100,673800,622100
29012693,222906100,222923300,222570200,222628300,290,335900,353100,58100
29012694,222611900,223165700,222551600,223150600,308,60300,614100,599000
29012695,223151200,223171700,222752100,222792800,281,399100,419600,40700
29012696,222792600,222928100,222638100,222639800,294,154500,290000,1700
29012697,222631100,222631200,222323700,222526800,302,307400,307500,203100
29012698,222530200,222599100,222331500,222581500,307,198700,267600,250000
29012699,222578300,222646500,222280300,222407700,310,298000,366200,127400
29012700,222378300,222485600,222149200,222187600,317,229100,336400,38400
29012701,222201800,222701200,222172100,222404500,320,29700,529100,232400
29012702,222406700,222485200,222141300,222141300,308,265400,343900,0
29012703,222133800,222273500,222040700,222273500,310,93100,232800,232800
29012704,222265200,222525400,222236400,222346000,308,28800,289000,109600
29012705,222323200,222537900,222210400,222487500,324,112800,327500,277100
29012706,222493300,222581800,221910900,222081200,310,582400,670900,170300
29012707,222093500,222736700,222038700,222721000,322,54800,698000,682300
29012708,222717600,222720500,222501000,222666300,326,216600,219500,165300
29012709,222660500,222738600,222492000,222690100,289,168500,246600,198100
29012710,222688200,223057900,222617700,222924500,320,70500,440200,306800
29012711,222929100,223201600,222769500,223090300,314,159600,432100,320800
29012712,223081700,223082600,222776300,223040700,316,305400,306300,264400
29012713,223050000,223069600,222735200,222819500,315,314800,334400,84300
29012714,222813700,223213600,222771200,223190400,306,42500,442400,419200
29012715,223193200,223514100,222942700,222942700,320,250500,571400,0
29012716,222974000,223068700,222753000,222946900,324,221000,315700,193900
29012717,222966100,223604600,222935300,223576200,322,30800,669300,640900
29012718,223575700,223852200,223569700,223672400,325,6000,282500,102700
29012719,223684500,224250900,223684500,223980600,312,0,566400,296100
29012720,223964600,224224300,223833700,224094700,324,130900,390600,261000
29012721,224092100,224102600,223676400,223781700,317,415700,426200,105300
29012722,223764500,224180400,223547700,223551500,314,216800,632700,3800
29012723,223556200,223619700,222833100,222885400,334,723100,786600,52300
29012724,222873400,222873400,222603000,222811700,322,270400,270400,208700
29012725,222811400,222918200,222668300,222814900,326,143100,249900,146600
29012726,222810800,223356000,222793400,223244800,314,17400,562600,451400
29012727,223269800,223362300,223094300,223163700,324,175500,268000,69400
29012728,223159800,223523400,223151600,223281200,317,8200,371800,129600
29012729,223246900,223781000,223209400,223581900,314,37500,571600,372500
29012730,223576300,223878300,223530700,223703400,324,45600,347600,172700
29012731,223710500,223745800,223141900,223287300,314,568600,603900,145400
29012732,223275500,223342300,222961200,223013200,328,314300,381100,52000
29012733,223053100,223213300,222899400,223024800,324,153700,313900,125400
29012734,223015800,223043300,222795700,222803100,318,220100,247600,7400
29012735,222802500,223143200,222730400,222863500,310,72100,412800,133100
29012736,222864500,223083700,222664400,222746900,298,200100,419300,82500
29012737,222749100,222784400,222606200,222612500,268,142900,178200,6300
29012738,222612200,222675300,222488900,222551000,300,123300,186400,62100
29012739,222556600,222671100,222114300,222241200,317,442300,556800,126900
29012740,222223600,222343000,222000200,222128500,300,223400,342800,128300
29012741,222119400,222172700,221811100,221812000,318,308300,361600,900
29012742,221827900,222076500,221632000,221671300,317,195900,444500,39300
29012743,221670800,221722300,221385600,221580900,320,285200,336700,195300
29012744,221605500,221816400,221322100,221449600,314,283400,494300,127500
29012745,221473800,221772900,221411900,221636800,316,61900,361000,224900
29012746,221634500,221834400,221215800,221281800,316,418700,618600,66000
29012747,221289600,221566600,221186700,221566600,324,102900,379900,379900
29012748,221561400,221575700,221201800,221221100,311,359600,373900,19300
29012749,221215100,221271400,221005200,221111700,323,209900,266200,106500
29012750,221118500,221290600,220975900,221026000,320,142600,314700,50100
29012751,221045200,221576500,221045200,221335400,322,0,531300,290200
29012752,221336000,221573300,221333900,221565200,314,2100,239400,231300
29012753,221562300,221954100,221562300,221881900,268,0,391800,319600
29012754,221888600,221919500,221708300,221807600,301,180300,211200,99300
29012755,221808400,221811800,221546900,221620400,302,261500,264900,73500
29012756,221595000,221672800,221319100,221319100,316,275900,353700,0
29012757,221318400,221422400,221259300,221259300,309,59100,163100,0
29012758,221237400,221354700,221084800,221144300,308,152600,269900,59500
29012759,221140700,221205400,221056100,221067900,290,84600,149300,11800
29012760,221063900,221481200,220992900,221420200,322,71000,488300,427300
29012761,221415100,221644800,221257400,221611000,312,157700,387400,353600
29012762,221611900,221970500,221586800,221708400,301,25100,383700,121600
29012763,221699800,221720700,221271700,221284700,315,428100,449000,13000
29012764,221278100,221279100,220932100,220967400,292,346000,347000,35300
29012765,220953800,221256400,220859700,221042700,306,94100,396700,183000
29012766,221036800,221465000,220984700,221465000,322,52100,480300,480300
29012767,221464600,221510000,221214300,221444700,320,250300,295700,230400
29012768,221459300,221479700,221294400,221406600,297,164900,185300,112200
29012769,221400900,221419100,221270900,221347400,295,130000,148200,76500
29012770,221348000,221419300,221191000,221386000,288,157000,228300,195000
29012771,221381500,221386900,220931000,221162300,272,450500,455900,231300
29012772,221162800,221685500,221133900,221571400,303,28900,551600,437500
29012773,221574200,221681600,221537000,221575800,259,37200,144600,38800
29012774,221571900,221831900,221527000,221824800,242,44900,304900,297800
29012775,221826900,222368100,221785700,222347800,311,41200,582400,562100
29012776,222347700,222652400,221566700,221703700,326,781000,1085700,137000
29012777,221707500,221829700,221263900,221263900,330,443600,565800,0
29012778,221229800,221444900,220824200,220913100,326,405600,620700,88900
29012779,220915100,220915100,219915200,220119500,330,999900,999900,204300
29012780,220118200,220277100,220031200,220066200,324,87000,245900,35000
29012781,220067900,220520500,219833100,219957900,322,234800,687400,124800
29012782,219965200,220314300,219951400,220314300,326,13800,362900,362900
29012783,220321200,220617600,220321200,220455000,330,0,296400,133800
29012784,220457000,220457000,219475900,219475900,318,981100,981100,0
29012785,219470400,219999600,219470400,219993000,321,0,529200,522600
29012786,219969700,220116200,219591500,220094100,322,378200,524700,502600
29012787,220092900,220598000,220092900,220365900,318,0,505100,273000
29012788,220326000,220604700,220301400,220567900,324,24600,303300,266500
29012789,220557900,221079300,220475000,221078200,326,82900,604300,603200
29012790,221099400,221446100,220721400,221202400,328,378000,724700,481000
29012791,221192600,221880800,221134300,221863200,331,58300,746500,728900
29012792,221883400,221987300,221330500,221439000,328,552900,656800,108500
29012793,221430200,221867500,221359200,221867500,329,71000,508300,508300
29012794,221855800,222449000,221763200,222274700,330,92600,685800,511500
29012795,222264100,222436300,222045800,222331300,321,218300,390500,285500
29012796,222316200,223224900,222275600,223190600,315,40600,949300,915000
29012797,223174100,224054900,223085300,223876100,334,88800,969600,790800
29012798,223872200,223872200,222845100,222929300,327,1027100,1027100,84200
29012799,222948200,223251500,222865100,223068200,328,83100,386400,203100
29012800,223069300,223604800,222988800,223274200,334,80500,616000,285400
29012801,223225300,223357200,222897900,223076200,322,327400,459300,178300
29012802,223073100,223158200,222711900,222871400,322,361200,446300,159500
29012803,222868000,222980500,222578500,222579100,324,289500,402000,600
29012804,222578800,223031000,222561100,222822500,326,17700,469900,261400
29012805,222825900,223118500,222748800,222985100,330,77100,369700,236300
29012806,222986000,223176600,222654400,223006000,325,331600,522200,351600
29012807,223010400,223235000,222877400,222937900,326,133000,357600,60500
29012808,222944700,223215900,222898100,222970000,323,46600,317800,71900
29012809,222972700,223065300,222702500,222869100,327,270200,362800,166600
29012810,222887800,223134500,222765800,222985800,314,122000,368700,220000
29012811,222984800,223779400,222963500,223779400,330,21300,815900,815900
29012812,223800700,225414900,223693800,224746800,322,106900,1721100,1053000
29012813,224746500,225022800,224339800,224402900,332,406700,683000,63100
29012814,224386900,224760700,224325700,224444600,334,61200,435000,118900
29012815,224484200,224592300,223939400,223939400,328,544800,652900,0
29012816,223871700,224075200,223396200,223590000,328,475500,679000,193800
29012817,223586400,223717900,223355500,223369500,326,230900,362400,14000
29012818,223359200,223388900,222775300,222815700,318,583900,613600,40400
29012819,222815400,223180000,222813900,222985000,320,1500,366100,171100
29012820,222969600,223411700,222913600,223407700,329,56000,498100,494100
29012821,223403100,223785400,223351200,223522600,330,51900,434200,171400
29012822,223495500,223582400,223176500,223454700,330,319000,405900,278200
29012823,223460600,223544700,223044100,223047900,324,416500,500600,3800
29012824,223043200,223298700,222952900,223100100,332,90300,345800,147200
29012825,223101300,223653300,222949100,223487800,321,152200,704200,538700
29012826,223499300,223554400,223116400,223445600,324,382900,438000,329200
29012827,223446600,223710900,223228900,223228900,326,217700,482000,0
29012828,223225100,223479600,222693700,222699800,322,531400,785900,6100
29012829,222688100,222979000,222636400,222913600,324,51700,342600,277200
29012830,222908900,222964200,222567200,222695100,331,341700,397000,127900
29012831,222694300,222884500,222368800,222538800,328,325500,515700,170000
29012832,222537300,222790300,222454100,222716300,319,83200,336200,262200
29012833,222665000,222710000,222257000,222266500,328,408000,453000,9500
29012834,222260800,222569200,222259200,222456700,311,1600,310000,197500
29012835,222456200,222932500,222400800,222914500,328,55400,531700,513700
29012836,222889800,222948700,222441000,222583100,322,448800,507700,142100
29012837,222529900,222847700,222514700,222760100,323,15200,333000,245400
29012838,222768400,223439500,222768400,223397600,321,0,671100,629200
29012839,223414100,223493700,223082100,223419700,327,332000,411600,337600
29012840,223428600,223445600,223080200,223285500,323,348400,365400,205300
29012841,223263700,223263700,222793100,222796900,326,470600,470600,3800
29012842,222793100,222846800,222482600,222589600,305,310500,364200,107000
29012843,222592800,222870400,222592800,222635600,312,0,277600,42800
29012844,222629800,222872700,222590900,222785700,312,38900,281800,194800
29012845,222791400,223180200,222700800,222973600,318,90600,479400,272800
29012846,222969700,223145700,222795500,222993000,318,174200,350200,197500
29012847,222982900,223202000,222982900,223083000,318,0,219100,100100
29012848,223082900,223216400,222994200,223062700,302,88700,222200,68500
29012849,223064300,223231500,223031300,223231500,298,33000,200200,200200
29012850,223222400,223308800,222845800,223292500,320,376600,463000,446700
29012851,223299400,223382200,223108400,223310300,312,191000,273800,201900
29012852,223253300,223612300,223103600,223551500,313,149700,508700,447900
29012853,223534400,223855600,223475600,223850100,318,58800,380000,374500
29012854,223886400,223887900,223333300,223337800,318,553100,554600,4500
29012855,223313900,223434100,223033700,223365100,318,280200,400400,331400
29012856,223365000,223706500,223248400,223413700,323,116600,458100,165300
29012857,223407000,223570300,223245100,223305100,322,161900,325200,60000
29012858,223310100,223407900,223050800,223323200,333,259300,357100,272400
29012859,223312400,223525000,223243500,223435500,328,68900,281500,192000
29012860,223438200,223511300,223085500,223085500,315,352700,425800,0
29012861,223083200,223399700,223047100,223255800,321,36100,352600,208700
29012862,223242200,223512800,223242200,223479100,314,0,270600,236900
29012863,223479600,223915300,223387300,223911400,316,92300,528000,524100
29012864,223912800,223997900,223751700,223953700,299,161100,246200,202000
29012865,223951800,223986400,223705100,223713800,308,246700,281300,8700
29012866,223711900,223808400,223640600,223757800,300,71300,167800,117200
29012867,223767400,223855800,223382500,223518200,307,384900,473300,135700
29012868,223515500,223791500,223515500,223666000,310,0,276000,150500
29012869,223664200,223676800,223315300,223317500,301,348900,361500,2200
29012870,223316900,223563200,223021000,223339500,308,295900,542200,318500
29012871,223336200,223351900,223013700,223166800,302,322500,338200,153100
29012872,223170900,223173800,222902100,223036800,278,268800,271700,134700
29012873,223031800,223064900,222675700,222861700,280,356100,389200,186000
29012874,222866800,223153700,222823100,222944100,282,43700,330600,121000
29012875,222946100,223117300,222785400,222801900,290,160700,331900,16500
29012876,222798600,222993300,222674400,222969000,292,124200,318900,294600
29012877,222970400,223055300,222845100,222964800,297,125300,210200,119700
29012878,222971400,223135900,222800300,222982100,304,171100,335600,181800
29012879,222982700,223307200,222950600,223166700,290,32100,356600,216100
29012880,223174000,223307700,223067800,223129300,324,106200,239900,61500
29012881,223123900,223190900,222871500,222933400,312,252400,319400,61900
29012882,222957600,223211400,222814500,223200100,304,143100,396900,385600
29012883,223167700,223589800,223118700,223404900,314,49000,471100,286200
29012884,223410600,223758400,223403600,223690300,301,7000,354800,286700
29012885,223694300,223732700,223445200,223647200,308,249100,287500,202000
29012886,223648000,223812700,223555200,223723100,294,92800,257500,167900
29012887,223722600,223728300,223459300,223463600,294,263300,269000,4300
29012888,223459800,223818700,223430300,223809300,296,29500,388400,379000
29012889,223810700,223928600,223735400,223928600,287,75300,193200,193200
29012890,223932300,223984800,223607700,223618600,312,324600,377100,10900
29012891,223608200,223641100,223319800,223555000,302,288400,321300,235200
29012892,223560800,223589400,223179000,223241300,302,381800,410400,62300
29012893,223243500,223472400,223243500,223249300,307,0,228900,5800
29012894,223246300,223246300,222867300,222882700,248,379000,379000,15400
29012895,222884400,222933600,222764000,222765200,249,120400,169600,1200
29012896,222790100,222955800,222467700,222604100,293,322400,488100,136400
29012897,222602200,222615300,221771500,221851100,316,830700,843800,79600
29012898,221849100,222048300,221704400,222019500,315,144700,343900,315100
29012899,222020000,222102100,221264000,221407900,316,756000,838100,143900
29012900,221373700,221412600,221107400,221271400,322,266300,305200,164000
29012901,221263400,221310800,220486700,220511400,314,776700,824100,24700
29012902,220518900,220686000,220066500,220283100,330,452400,619500,216600
29012903,220289500,220418800,220129000,220156700,304,160500,289800,27700
29012904,220150600,220522500,220017200,220489600,314,133400,505300,472400
29012905,220500000,220787800,220407800,220637400,319,92200,380000,229600
29012906,220639100,220772200,220404100,220512000,322,235000,368100,107900
29012907,220524500,220913900,220524500,220786100,310,0,389400,261600
29012908,220784200,220957500,220620500,220739900,313,163700,337000,119400
29012909,220743500,221005100,220735700,220838100,305,7800,269400,102400
29012910,220840700,220958300,220589200,220756500,322,251500,369100,167300
29012911,220747300,220849100,220600300,220791700,310,147000,248800,191400
29012912,220789700,220941000,220602600,220605700,308,187100,338400,3100
29012913,220611100,220735700,220447800,220715600,314,163300,287900,267800
29012914,220716900,220716900,220125400,220181900,306,591500,591500,56500
29012915,220182200,220387600,220008500,220145000,306,173700,379100,136500
29012916,220191500,220643100,220190800,220527600,323,700,452300,336800
29012917,220529300,220816200,220499900,220532200,316,29400,316300,32300
29012918,220511400,220653400,220402200,220596200,319,109200,251200,194000
29012919,220586500,220935700,220585400,220750700,320,1100,350300,165300
29012920,220734900,220969700,220650800,220903400,314,84100,318900,252600
29012921,220903700,220922300,220457700,220759200,310,446000,464600,301500
29012922,220765100,220803700,220501300,220524600,314,263800,302400,23300
29012923,220526900,220897400,220514100,220767000,317,12800,383300,252900
29012924,220770000,221092200,220767600,221092200,316,2400,324600,324600
29012925,221106100,221106100,220574700,220705300,312,531400,531400,130600
29012926,220706200,220933900,220588700,220870900,322,117500,345200,282200
29012927,220835700,220981900,220611700,220968000,322,224000,370200,356300
29012928,220977800,221014000,220669200,220855700,310,308600,344800,186500
29012929,220841200,220963900,220731400,220919500,317,109800,232500,188100
29012930,220907500,221035000,220809600,220824900,322,97900,225400,15300
29012931,220826500,221573000,220826500,221337400,324,0,746500,510900
29012932,221347200,221404200,221228100,221330500,310,119100,176100,102400
29012933,221334900,221886600,221334900,221656000,323,0,551700,321100
29012934,221652400,221766300,221424000,221721400,315,228400,342300,297400
29012935,221721600,222160200,221706600,222029800,322,15000,453600,323200
29012936,222054800,222108100,221699000,221769700,312,355800,409100,70700
29012937,221771400,221903400,221644700,221889900,314,126700,258700,245200
29012938,221905100,222155900,221904400,221977400,298,700,251500,73000
29012939,221968200,222243600,221770500,221893200,326,197700,473100,122700
29012940,221877400,221877400,221432800,221597400,324,444600,444600,164600
29012941,221598300,221690200,221400900,221488100,313,197400,289300,87200
29012942,221492500,221723200,221492500,221533500,317,0,230700,41000
29012943,221535600,221612400,221344400,221506400,299,191200,268000,162000
29012944,221508300,222022400,221508300,221791200,292,0,514100,282900
29012945,221782600,221863000,221693200,221828000,296,89400,169800,134800
29012946,221839100,222312800,221839100,222295200,265,0,473700,456100
29012947,222287700,222536000,222210200,222304600,295,77500,325800,94400
29012948,222302700,222525100,222293200,222458700,324,9500,231900,165500
29012949,222466200,222816400,222466200,222813900,296,0,350200,347700
29012950,222816700,223227400,222733700,223219600,306,83000,493700,485900
29012951,223220700,223291500,223033400,223166100,309,187300,258100,132700
29012952,223165100,223533900,223164000,223532000,294,1100,369900,368000
29012953,223535100,223618100,223213000,223271000,276,322100,405100,58000
29012954,223272600,223291300,222911500,223001800,310,361100,379800,90300
29012955,223007300,223085400,222876800,223031300,280,130500,208600,154500
29012956,223041200,223338200,223033700,223180300,267,7500,304500,146600
29012957,223178600,223216300,222713800,222727200,298,464800,502500,13400
29012958,222734600,222830900,222620700,222800300,279,113900,210200,179600
29012959,222798700,222888700,222686400,222869800,265,112300,202300,183400
29012960,222844100,222973300,222677200,222712300,300,166900,296100,35100
29012961,222718700,223024800,222671700,222804400,292,47000,353100,132700
29012962,222808700,222901800,222726300,222777200,275,82400,175500,50900
29012963,222783800,222838800,222610600,222612600,259,173200,228200,2000
29012964,222617600,222792400,222512200,222552800,244,105400,280200,40600
29012965,222522600,222522600,222162400,222240400,299,360200,360200,78000
29012966,222239100,222287800,222030400,222179000,289,208700,257400,148600
29012967,222179300,222195400,221964300,222110000,258,215000,231100,145700
29012968,222112600,222271500,222111000,222162900,185,1600,160500,51900
29012969,222150300,222182000,222017400,222036300,190,132900,164600,18900
29012970,222036500,222140900,221803000,221826500,284,233500,337900,23500
29012971,221802700,221827300,221345500,221413300,302,457200,481800,67800
29012972,221413400,221821800,221413400,221785300,248,0,408400,371900
29012973,221774100,221924200,221771300,221863400,245,2800,152900,92100
29012974,221857900,221962400,221608600,221942600,245,249300,353800,334000
29012975,221936900,221936900,221577700,221694000,222,359200,359200,116300
29012976,221696500,221767900,221286100,221286100,260,410400,481800,0
29012977,221284500,221560200,221214800,221486600,292,69700,345400,271800
29012978,221486100,221898400,221486100,221844000,254,0,412300,357900
29012979,221837400,221866400,221730400,221788900,222,107000,136000,58500
29012980,221758900,221829100,221642700,221699500,263,116200,186400,56800
29012981,221690700,221765100,221530100,221532000,200,160600,235000,1900
29012982,221532100,221861300,221474900,221860800,245,57200,386400,385900
29012983,221861300,222300200,221861300,222261200,288,0,438900,399900
29012984,222234800,222520100,222194900,222215300,256,39900,325200,20400
29012985,222212800,222377700,222116200,222358600,274,96600,261500,242400
29012986,222370500,222747000,222370500,222747000,298,0,376500,376500
29012987,222753200,223064500,222753200,222967300,292,0,311300,214100
29012988,222964800,223067000,222705500,222727700,312,259300,361500,22200
29012989,222724400,222724400,222524900,222550900,264,199500,199500,26000
29012990,222521200,222970900,222516400,222844800,266,4800,454500,328400
29012991,222875600,222954400,222741700,222750100,301,133900,212700,8400
29012992,222748100,222776300,222421400,222425900,231,326700,354900,4500
29012993,222422000,222468000,222273600,222277500,251,148400,194400,3900
29012994,222278100,222518100,222141700,222515600,224,136400,376400,373900
29012995,222508100,222758200,222350300,222463300,301,157800,407900,113000
29012996,222465300,222631300,222406400,222631300,223,58900,224900,224900
29012997,222636200,222722100,222529500,222644800,250,106700,192600,115300
29012998,222640900,222759200,222618200,222742100,262,22700,141000,123900
29012999,222747800,222804000,222511200,222717300,275,236600,292800,206100
29013000,222711800,222862600,222512400,222529300,296,199400,350200,16900
29013001,222530700,222817900,222530100,222774800,295,600,287800,244700
29013002,222773300,223230000,222733300,223180600,287,40000,496700,447300
29013003,223191300,223234900,223072700,223123100,254,118600,162200,50400
29013004,223124800,223335300,223054900,223191700,268,69900,280400,136800
29013005,223173200,223173200,222913100,223002300,284,260100,260100,89200
29013006,222993400,223055700,222847600,222855400,312,145800,208100,7800
29013007,222851400,222909200,222621500,222909200,266,229900,287700,287700
29013008,222931800,222965400,222777200,222783800,240,154600,188200,6600
29013009,222788900,222929900,222561100,222901700,234,227800,368800,340600
29013010,222899700,222901700,222510000,222608300,253,389700,391700,98300
29013011,222608800,222901400,222604900,222890500,285,3900,296500,285600
29013012,222888800,223044100,222839300,222946100,280,49500,204800,106800
29013013,222948100,223152900,222905800,223148000,261,42300,247100,242200
29013014,223152900,223182800,223030400,223121100,236,122500,152400,90700
29013015,223127900,223175500,222801000,223007600,288,326900,374500,206600
29013016,222990000,223060600,222881600,222912600,240,108400,179000,31000
29013017,222914600,222914600,222411700,222609500,267,502900,502900,197800
29013018,222610700,223213400,222609500,223212300,285,1200,603900,602800
29013019,223210200,223257700,222817500,222994500,267,392700,440200,177000
29013020,223006800,223046900,222851100,222944200,192,155700,195800,93100
29013021,222943200,222943200,222442300,222442300,192,500900,500900,0
29013022,222422600,222471200,222178100,222422700,207,244500,293100,244600
29013023,222424100,222689300,222174000,222226100,263,250100,515300,52100
29013024,222225900,222473800,222113400,222113400,258,112500,360400,0
29013025,222110800,222282300,222109500,222109500,218,1300,172800,0
29013026,222114100,222123900,221898200,221909900,208,215900,225700,11700
29013027,221907900,222222200,221907900,222091400,268,0,314300,183500
29013028,222084800,222089800,221784600,221980400,255,300200,305200,195800
29013029,221979900,222027800,221688400,221984800,244,291500,339400,296400
29013030,221982200,222275100,221877700,221983200,260,104500,397400,105500
29013031,221982700,222002600,221650500,221650500,232,332200,352100,0
29013032,221652200,221652200,221147700,221493000,277,504500,504500,345300
29013033,221503000,221640800,221123100,221344200,305,379900,517700,221100
29013034,221342800,221558300,221260500,221371300,290,82300,297800,110800
29013035,221357700,221712800,221152100,221607400,294,205600,560700,455300
29013036,221608600,221715300,221282300,221516600,303,326300,433000,234300
29013037,221529500,221638900,221297900,221404900,300,231600,341000,107000
29013038,221416400,221578300,221188700,221276000,306,227700,389600,87300
29013039,221278000,221489900,221274000,221392600,263,4000,215900,118600
29013040,221408200,221588000,221210300,221347700,190,197900,377700,137400
29013041,221363400,222028700,221350300,222028700,286,13100,678400,678400
29013042,222037100,222350300,221889600,222206400,315,147500,460700,316800
29013043,222192500,222491200,222184600,222306000,267,7900,306600,121400
29013044,222302800,222302800,221942200,221955200,242,360600,360600,13000
29013045,221924100,222056000,221784300,221971400,229,139800,271700,187100
29013046,221938600,221949000,221831100,221922800,175,107500,117900,91700
29013047,221923300,221986400,221723900,221723900,130,199400,262500,0
29013048,221724300,221794400,221621600,221621900,142,102700,172800,300
29013049,221623800,221714500,221464300,221685700,169,159500,250200,221400
29013050,221685200,221780500,221580300,221683700,113,104900,200200,103400
29013051,221698200,221698200,221316300,221323000,146,381900,381900,6700
29013052,221321300,221497600,221166300,221173200,194,155000,331300,6900
29013053,221172700,221638400,221168800,221426500,212,3900,469600,257700
29013054,221421500,221460700,221206200,221364400,214,215300,254500,158200
29013055,221362300,221558300,221211900,221558300,164,150400,346400,346400
29013056,221570700,221747200,221499600,221743800,195,71100,247600,244200
29013057,221741800,222037200,221739700,222024900,215,2100,297500,285200
29013058,222017000,222150300,221691800,221691800,260,325200,458500,0
29013059,221672500,221954700,221574500,221841800,286,98000,380200,267300
29013060,221832200,221907000,221675500,221902600,292,156700,231500,227100
29013061,221903200,222206600,221903200,222206600,300,0,303400,303400
29013062,222201700,222241500,221678100,221678100,308,523600,563400,0
29013063,221645600,221797500,221530000,221676900,253,115600,267500,146900
29013064,221675600,222050700,221639300,221748100,300,36300,411400,108800
29013065,221763000,221916000,221569000,221753800,298,194000,347000,184800
29013066,221745000,222112500,221745000,222046400,299,0,367500,301400
29013067,222042000,222049400,221850400,221900000,288,191600,199000,49600
29013068,221899500,221909900,221692900,221775400,260,206600,217000,82500
29013069,221773800,222051000,221773800,222023200,201,0,277200,249400
29013070,222022700,222023900,221612600,221736900,262,410100,411300,124300
29013071,221726800,222015700,221726800,221936900,277,0,288900,210100
29013072,221935400,221941800,221637700,221819900,289,297700,304100,182200
29013073,221817800,221870500,221673500,221778700,215,144300,197000,105200
29013074,221777400,222216800,221663700,222045700,241,113700,553100,382000
29013075,222047100,222171000,221892300,222165300,312,154800,278700,273000
29013076,222163300,222240900,222018900,222125900,272,144400,222000,107000
29013077,222124800,222169100,221917000,222169100,275,207800,252100,252100
29013078,222171100,222193900,222102200,222193900,234,68900,91700,91700
29013079,222206500,222251200,222073100,222212400,237,133400,178100,139300
29013080,222212000,222247200,222105100,222213200,203,106900,142100,108100
29013081,222211900,222293900,222140700,222293900,213,71200,153200,153200
29013082,222304200,222420800,222147500,222257700,287,156700,273300,110200
29013083,222258100,222267400,222036000,222036000,211,222100,231400,0
29013084,222022200,222189800,221953000,222164500,226,69200,236800,211500
29013085,222162400,222247200,222100400,222247200,183,62000,146800,146800
29013086,222236700,222318200,222104400,222167900,188,132300,213800,63500
29013087,222170400,222602900,222170400,222523800,247,0,432500,353400
29013088,222526000,222792600,222471100,222703500,233,54900,321500,232400
29013089,222703200,222900200,222682200,222752800,255,21000,218000,70600
29013090,222747500,222891100,222682200,222810300,266,65300,208900,128100
29013091,222811000,222932600,222704800,222842400,275,106200,227800,137600
29013092,222834200,222966500,222674400,222805500,269,159800,292100,131100
29013093,222803500,222931600,222803500,222896200,262,0,128100,92700
29013094,222882200,223024600,222875500,223024600,254,6700,149100,149100
29013095,222998000,223050700,222885300,223014800,240,112700,165400,129500
29013096,223018000,223140000,222998200,223137300,222,19800,141800,139100
29013097,223142800,223254300,223102400,223236200,192,40400,151900,133800
29013098,223220600,223517600,223216800,223509800,258,3800,300800,293000
29013099,223529300,223690200,223325100,223690200,230,204200,365100,365100
29013100,223700000,223712000,223310300,223495400,299,389700,401700,185100
29013101,223494900,223665200,223344400,223347800,258,150500,320800,3400
29013102,223349400,223669300,223349400,223602300,290,0,319900,252900
29013103,223608100,223701600,223543700,223696000,265,64400,157900,152300
29013104,223695500,223814800,223588400,223810000,254,107100,226400,221600
29013105,223818000,223933300,223651000,223651000,286,167000,282300,0
29013106,223649600,223703700,223400500,223703700,280,249100,303200,303200
29013107,223699200,223778400,223558900,223734900,292,140300,219500,176000
29013108,223732900,223885800,223670600,223700600,299,62300,215200,30000
29013109,223694000,223724500,223607000,223724500,200,87000,117500,117500
29013110,223724300,223724300,223551700,223660000,221,172600,172600,108300
29013111,223661600,223980100,223649600,223739200,277,12000,330500,89600
29013112,223753300,223993600,223657200,223954000,271,96100,336400,296800
29013113,223954100,223956100,223742300,223746200,234,211800,213800,3900
29013114,223748200,223928400,223632300,223775200,229,115900,296100,142900
29013115,223776300,223789800,223631000,223690000,222,145300,158800,59000
29013116,223689600,223854800,223672700,223854800,195,16900,182100,182100
29013117,223854300,223855300,223709000,223740300,253,145300,146300,31300
29013118,223742400,224113100,223742400,224035900,253,0,370700,293500
29013119,224029200,224042100,223764100,223892400,248,265100,278000,128300
29013120,223870800,224027500,223697800,223741200,256,173000,329700,43400
29013121,223751400,223784600,223514400,223555600,296,237000,270200,41200
29013122,223559700,223621000,223437100,223458200,282,122600,183900,21100
29013123,223457700,223457700,223297800,223404700,242,159900,159900,106900
29013124,223401200,223605200,223342300,223379200,256,58900,262900,36900
29013125,223386800,223591000,223351700,223472800,296,35100,239300,121100
29013126,223475100,223614000,223417200,223547800,284,57900,196800,130600
29013127,223546200,223589800,223313700,223472600,278,232500,276100,158900
29013128,223472500,223715900,223416900,223540300,281,55600,299000,123400
29013129,223540700,223567600,223354400,223458700,255,186300,213200,104300
29013130,223451300,223470100,223290400,223460800,261,160900,179700,170400
29013131,223464700,223674600,223464700,223594200,302,0,209900,129500
29013132,223599300,223717500,223509800,223669900,280,89500,207700,160100
29013133,223670400,223775900,223670400,223773700,221,0,105500,103300
29013134,223780000,224610300,223719800,224610300,268,60200,890500,890500
29013135,224610400,224722100,224491100,224672000,290,119300,231000,180900
29013136,224672200,224717200,224163500,224185400,312,508700,553700,21900
29013137,224218000,224352100,224176300,224176300,311,41700,175800,0
29013138,224168500,224242600,223923300,223990100,314,245200,319300,66800
29013139,223979300,224023900,223789700,223890500,300,189600,234200,100800
29013140,223900500,223904100,223704400,223768600,255,196100,199700,64200
29013141,223776300,224210600,223776300,223918400,302,0,434300,142100
29013142,223925000,223941800,223751000,223850100,233,174000,190800,99100
29013143,223842800,223999800,223779800,223994800,278,63000,220000,215000
29013144,224008400,224030600,223767300,223808100,259,241100,263300,40800
29013145,223803300,223863600,223686800,223788600,251,116500,176800,101800
29013146,223793000,223811000,223553800,223656000,209,239200,257200,102200
29013147,223658200,223663000,223351100,223459500,259,307100,311900,108400
29013148,223472300,223537700,223433900,223488300,279,38400,103800,54400
29013149,223488400,223552100,223337500,223529600,266,150900,214600,192100
29013150,223539600,223588600,223260600,223388700,261,279000,328000,128100
29013151,223384700,223426900,223144600,223239600,278,240100,282300,95000
29013152,223236600,223353400,223107700,223325700,232,128900,245700,218000
29013153,223329000,223461800,223240200,223271700,313,88800,221600,31500
29013154,223275900,223370200,223149000,223312300,269,126900,221200,163300
29013155,223305200,223757500,223305200,223603800,303,0,452300,298600
29013156,223583400,223591600,223334900,223334900,244,248500,256700,0
29013157,223331000,223331000,222914600,223064000,302,416400,416400,149400
29013158,223064100,223277100,222918800,222936800,264,145300,358300,18000
29013159,222941700,223043800,222819000,222957300,278,122700,224800,138300
29013160,222940500,222971300,222772600,222799200,258,167900,198700,26600
29013161,222794200,222944000,222743600,222744100,262,50600,200400,500
29013162,222745700,222794700,222459900,222663900,282,285800,334800,204000
29013163,222669800,222860000,222533900,222765400,300,135900,326100,231500
29013164,222760300,223057800,222587600,222921100,278,172700,470200,333500
29013165,222922700,223179900,222922700,223179900,282,0,257200,257200
29013166,223180000,223198700,223011200,223195700,251,168800,187500,184500
29013167,223199200,223229200,223013100,223219400,284,186100,216100,206300
29013168,223217700,223217700,222733200,222871400,302,484500,484500,138200
29013169,222867500,222935100,222750400,222860100,244,117100,184700,109700
29013170,222828500,222885100,222691100,222791000,271,137400,194000,99900
29013171,222785500,222799900,222344900,222382400,291,440600,455000,37500
29013172,222372600,222401600,222221600,222334800,304,151000,180000,113200
29013173,222333100,222355300,222158700,222158700,247,174400,196600,0
29013174,222158200,222290000,222058700,222181900,279,99500,231300,123200
29013175,222152700,222249000,222014000,222033200,294,138700,235000,19200
29013176,222041800,222157100,221938900,221995700,298,102900,218200,56800
29013177,221987900,222058700,221737100,221824600,288,250800,321600,87500
29013178,221811500,221913400,221708000,221848600,269,103500,205400,140600
29013179,221829700,221936900,221761600,221795300,270,68100,175300,33700
29013180,221789400,221889700,221583400,221711400,272,206000,306300,128000
29013181,221694600,221891300,221526200,221634500,315,168400,365100,108300
29013182,221633500,221810900,221419400,221796000,272,214100,391500,376600
29013183,221807900,221825600,221477100,221524600,304,330800,348500,47500
29013184,221532600,221712100,221477800,221712100,300,54800,234300,234300
29013185,221711300,222113100,221711300,222095200,312,0,401800,383900
29013186,222091300,222135700,221901400,221987800,308,189900,234300,86400
29013187,221983600,222068100,221654500,221825500,286,329100,413600,171000
29013188,221819000,221821600,221622000,221641600,253,197000,199600,19600
29013189,221639300,221888500,221577000,221834900,276,62300,311500,257900
29013190,221832400,222052700,221832400,222015700,250,0,220300,183300
29013191,222001300,222151200,221965900,222137100,227,35400,185300,171200
29013192,222133200,222282000,222046000,222240900,188,87200,236000,194900
29013193,222236800,222304400,222049300,222140100,242,187500,255100,90800
29013194,222131800,222267900,221975000,222188100,242,156800,292900,213100
29013195,222160300,222409900,222160300,222399300,266,0,249600,239000
29013196,222394700,222427400,222242000,222242000,231,152700,185400,0
29013197,222246000,222454000,222210000,222422500,262,36000,244000,212500
29013198,222415200,222443200,222271200,222373300,287,144000,172000,102100
29013199,222376100,222645000,222279400,222640900,262,96700,365600,361500
29013200,222670100,222712700,222484100,222688500,249,186000,228600,204400
29013201,222690500,222840200,222486500,222486500,263,204000,353700,0
29013202,222489000,222517000,222285700,222472700,257,203300,231300,187000
29013203,222473800,222633400,222473800,222619300,264,0,159600,145500
29013204,222607500,222722900,222527800,222647900,213,79700,195100,120100
29013205,222650400,222664700,222210400,222239300,274,440000,454300,28900
29013206,222237300,222315900,222081300,222098700,283,156000,234600,17400
29013207,222096800,222151500,221924300,221990000,262,172500,227200,65700
29013208,221996900,222167400,221938900,222124500,250,58000,228500,185600
29013209,222125600,222371500,221929700,222336700,281,195900,441800,407000
29013210,222334200,222334200,222169100,222291300,257,165100,165100,122200
29013211,222292700,222384000,222122400,222277800,300,170300,261600,155400
29013212,222279800,222466800,222266500,222333600,265,13300,200300,67100
29013213,222331400,222529300,222325700,222521000,252,5700,203600,195300
29013214,222523400,222848200,222442200,222848200,253,81200,406000,406000
29013215,222854700,222914100,222697500,222832200,268,157200,216600,134700
29013216,222841600,222860300,222702600,222860300,269,139000,157700,157700
29013217,222856800,222913200,222569600,222685900,298,287200,343600,116300
29013218,222686400,222809700,222644500,222731400,252,41900,165200,86900
29013219,222736400,223037600,222642400,223037600,287,94000,395200,395200
29013220,223052300,223062900,222857700,222992900,271,194600,205200,135200
29013221,222995900,223546000,222994800,223521000,282,1100,551200,526200
29013222,223517700,223790100,223425900,223756000,306,91800,364200,330100
29013223,223747100,223749200,223443500,223595000,312,303600,305700,151500
29013224,223583200,224007900,223520400,223948600,312,62800,487500,428200
29013225,223953200,223953200,223537700,223669900,299,415500,415500,132200
29013226,223684800,224194500,223608700,224191400,288,76100,585800,582700
29013227,224190000,224261000,223998500,224243500,303,191500,262500,245000
29013228,224249000,224343000,224005700,224233500,306,243300,337300,227800
29013229,224227200,224382800,224059900,224342600,291,167300,322900,282700
29013230,224344500,224922600,224316000,224890700,290,28500,606600,574700
29013231,224883900,225119800,224679900,224746500,286,204000,439900,66600
29013232,224741700,225113600,224696900,225021500,277,44800,416700,324600
29013233,225040800,225118100,224886000,225036200,286,154800,232100,150200
29013234,225036900,225206300,224938100,225119200,286,98800,268200,181100
29013235,225100700,225143700,224963600,225032000,238,137100,180100,68400
29013236,225043400,226057600,224974200,225921800,308,69200,1083400,947600
29013237,225933700,226476500,225916800,226095000,328,16900,559700,178200
29013238,226110000,226120200,225472800,225610000,313,637200,647400,137200
29013239,225616500,225639200,225372400,225465100,282,244100,266800,92700
29013240,225445200,225452300,225084100,225084100,306,361100,368200,0
29013241,225102000,225105800,224531800,224537200,296,570200,574000,5400
29013242,224518900,224713600,224359100,224552700,330,159800,354500,193600
29013243,224562400,224793000,224492800,224681400,304,69600,300200,188600
29013244,224685100,224697800,224351200,224407100,290,333900,346600,55900
29013245,224396600,224396600,224253800,224376400,284,142800,142800,122600
29013246,224375800,224475500,224333200,224429000,256,42600,142300,95800
29013247,224421700,224458000,224067800,224206400,270,353900,390200,138600
29013248,224208600,224333900,224128500,224206000,287,80100,205400,77500
29013249,224206600,224481000,224164900,224481000,257,41700,316100,316100
29013250,224463400,224884300,224412500,224831100,288,50900,471800,418600
29013251,224837900,225138400,224837900,224956500,301,0,300500,118600
29013252,224958500,225750400,224899700,225567200,306,58800,850700,667500
29013253,225559700,225728200,225538800,225707100,309,20900,189400,168300
29013254,225699900,225844000,225634100,225656400,284,65800,209900,22300
29013255,225641700,226044200,225502000,225590700,312,139700,542200,88700
29013256,225591400,225603000,225266600,225392800,278,324800,336400,126200
29013257,225387600,225391400,225012800,225212900,288,374800,378600,200100
29013258,225214600,225244500,225036600,225046800,298,178000,207900,10200
29013259,225037800,225314000,224827600,225262000,304,210200,486400,434400
29013260,225257700,225527200,225229500,225366400,306,28200,297700,136900
29013261,225369700,225727000,225352000,225727000,314,17700,375000,375000
29013262,225734600,225801300,225487800,225787500,294,246800,313500,299700
29013263,225790700,225920000,225679200,225795100,297,111500,240800,115900
29013264,225791200,225799900,225409300,225537600,300,381900,390600,128300
29013265,225539800,225591400,225337800,225412700,277,202000,253600,74900
29013266,225423600,225662200,225279000,225662200,295,144600,383200,383200
29013267,225663300,226310600,225474200,226055200,316,189100,836400,581000
29013268,226074500,226188700,225997400,226065000,296,77100,191300,67600
29013269,226070400,226148500,225900600,226141100,267,169800,247900,240500
29013270,226171900,226182500,225705400,226115900,316,466500,477100,410500
29013271,226115400,226896800,225953600,226585800,315,161800,943200,632200
29013272,226586700,226781900,226424700,226646700,334,162000,357200,222000
29013273,226657300,227541800,226657300,227288300,328,0,884500,631000
29013274,227304400,227594600,227080600,227442300,336,223800,514000,361700
29013275,227430800,227430800,226841200,226983600,320,589600,589600,142400
29013276,226989200,227134400,226683700,227126300,308,305500,450700,442600
29013277,227127100,227192800,226880800,226987600,308,246300,312000,106800
29013278,226989300,227047100,226777500,226779700,289,211800,269600,2200
29013279,226781300,226903400,226642500,226775700,290,138800,260900,133200
29013280,226803200,226813800,226240100,226456700,302,563100,573700,216600
29013281,226458500,226642100,226389200,226545300,293,69300,252900,156100
29013282,226553000,226691000,226396700,226444000,266,156300,294300,47300
29013283,226443400,226660200,226437900,226628200,307,5500,222300,190300
29013284,226632200,227038300,226472700,226863300,295,159500,565600,390600
29013285,226875900,226875900,226386700,226603500,269,489200,489200,216800
29013286,226612300,226756300,226455100,226455100,290,157200,301200,0
29013287,226441400,226523900,226236000,226289900,281,205400,287900,53900
29013288,226291800,226291800,226024200,226039500,262,267600,267600,15300
29013289,226029900,226145800,225937300,226108900,318,92600,208500,171600
29013290,226114600,226132800,225719800,226076600,282,394800,413000,356800
29013291,226070500,226088200,225611000,225611000,295,459500,477200,0
29013292,225606500,226036900,225606500,225922100,288,0,430400,315600
29013293,225923800,226623000,225923800,226621300,305,0,699200,697500
29013294,226634900,226643700,226213900,226310000,286,421000,429800,96100
29013295,226300100,226300900,225919700,226019400,272,380400,381200,99700
29013296,226035200,226051200,225788000,225814800,274,247200,263200,26800
29013297,225810900,225964700,225731100,225964700,260,79800,233600,233600
29013298,225976000,225979000,225719400,225887400,270,256600,259600,168000
29013299,225877300,225877300,225694700,225761400,246,182600,182600,66700
29013300,225775100,225845000,225601100,225759300,267,174000,243900,158200
29013301,225760900,225979100,225679700,225887600,308,81200,299400,207900
29013302,225893000,226029400,225579100,225593800,307,313900,450300,14700
29013303,225608000,225802000,225579100,225784000,286,28900,222900,204900
29013304,225797800,226082400,225757400,226034300,322,40400,325000,276900
29013305,226051100,226052700,225739800,225786700,284,311300,312900,46900
29013306,225780300,225780300,225283300,225395000,318,497000,497000,111700
29013307,225390300,225430600,225143300,225364000,310,247000,287300,220700
29013308,225371100,225373900,225167100,225248300,306,204000,206800,81200
29013309,225254000,225286100,225114400,225229200,268,139600,171700,114800
29013310,225258000,225342300,225116900,225342300,285,141100,225400,225400
29013311,225329900,225512000,225310800,225398900,303,19100,201200,88100
29013312,225433000,225506700,225352400,225483900,272,80600,154300,131500
29013313,225481400,225672400,225369900,225411500,263,111500,302500,41600
29013314,225411400,225439100,225261700,225368300,146,149700,177400,106600
29013315,225365900,225410300,225221700,225319100,286,144200,188600,97400
29013316,225325800,225325800,225159800,225168500,282,166000,166000,8700
29013317,225162700,225371200,225120900,225271600,260,41800,250300,150700
29013318,225280700,225388000,225112800,225119500,273,167900,275200,6700
29013319,225125000,225260100,224966300,225207100,227,158700,293800,240800
29013320,225242800,225304100,225160800,225197900,219,82000,143300,37100
29013321,225182100,225589300,225158500,225411200,287,23600,430800,252700
29013322,225415000,225444200,225272700,225370800,243,142300,171500,98100
29013323,225371400,225392700,225232100,225247000,210,139300,160600,14900
29013324,225248600,225319000,225109700,225319000,210,138900,209300,209300
29013325,225347900,225656200,225307100,225558200,261,40800,349100,251100
29013326,225531000,225870800,225484000,225636500,313,47000,386800,152500
29013327,225649700,225660800,225414400,225526200,226,235300,246400,111800
29013328,225526800,225674100,225525600,225613100,158,1200,148500,87500
29013329,225613700,225774500,225487300,225763800,254,126400,287200,276500
29013330,225760600,225854300,225536700,225663500,234,223900,317600,126800
29013331,225665500,226090300,225665500,225909100,287,0,424800,243600
29013332,225915000,226044100,225765400,225913200,300,149600,278700,147800
29013333,225929500,226190100,225929500,226144200,296,0,260600,214700
29013334,226147100,226498800,225965500,226351400,310,181600,533300,385900
29013335,226368100,226975200,226214900,226952900,322,153200,760300,738000
29013336,226951300,226951300,226502800,226670200,274,448500,448500,167400
29013337,226657900,226795700,226550200,226588300,284,107700,245500,38100
29013338,226571700,226830100,226536300,226830100,300,35400,293800,293800
29013339,226830200,226959900,226727700,226908800,307,102500,232200,181100
29013340,226936500,227024600,226662400,226936400,294,274100,362200,274000
29013341,226922600,226922600,226613400,226629200,308,309200,309200,15800
29013342,226627300,226672800,226462200,226616900,264,165100,210600,154700
29013343,226613900,226629900,226159500,226211900,254,454400,470400,52400
29013344,226212400,226232100,226049400,226184500,273,163000,182700,135100
29013345,226210900,226223600,225866800,225991700,251,344100,356800,124900
29013346,225981400,226027600,225915500,226003800,252,65900,112100,88300
29013347,226003900,226285500,225990400,226250600,238,13500,295100,260200
29013348,226242600,226572700,226220400,226545500,279,22200,352300,325100
29013349,226535400,226635700,226459900,226510200,275,75500,175800,50300
29013350,226539700,226539700,226371800,226387800,240,167900,167900,16000
29013351,226386900,226466700,226293300,226422700,232,93600,173400,129400
29013352,226417000,226939000,226384900,226873700,310,32100,554100,488800
29013353,226879500,227185500,226774200,226998600,282,105300,411300,224400
29013354,226981600,227040500,226767100,226865100,268,214500,273400,98000
29013355,226898100,226900700,226649400,226747400,277,248700,251300,98000
29013356,226716300,226716300,226373900,226378200,305,342400,342400,4300
29013357,226389300,226466300,226269100,226436700,211,120200,197200,167600
29013358,226426000,226449600,226239400,226241400,212,186600,210200,2000
29013359,226228400,226470200,226201000,226458800,224,27400,269200,257800
29013360,226486800,226486800,226171400,226226200,219,315400,315400,54800
29013361,226219700,226451200,226077100,226371800,262,142600,374100,294700
29013362,226353700,226375400,225991400,226011500,248,362300,384000,20100
29013363,226015900,226333700,226015900,226296800,283,0,317800,280900
29013364,226305900,226661300,226200200,226637300,254,105700,461100,437100
29013365,226640500,226693100,226527800,226556800,248,112700,165300,29000
29013366,226553500,226553500,226339500,226353500,244,214000,214000,14000
29013367,226355600,226448500,226231700,226414200,270,123900,216800,182500
29013368,226409600,226646900,226409600,226617400,248,0,237300,207800
29013369,226619400,226845000,226504700,226800800,286,114700,340300,296100
29013370,226844400,227227300,226805500,227062600,292,38900,421800,257100
29013371,227078000,227404900,226989500,227230200,301,88500,415400,240700
29013372,227225400,227648700,227225400,227531100,317,0,423300,305700
29013373,227509100,227690900,227487200,227685600,293,21900,203700,198400
29013374,227687200,227862800,227628400,227735100,296,58800,234400,106700
29013375,227727700,227738000,227439800,227561000,318,287900,298200,121200
29013376,227559300,227562700,227427700,227462200,283,131600,135000,34500
29013377,227451900,227662100,227428400,227517900,316,23500,233700,89500
29013378,227507200,227507200,227363500,227494900,276,143700,143700,131400
29013379,227496000,227549600,227320800,227549600,226,175200,228800,228800
29013380,227588000,227624900,227440200,227612000,282,147800,184700,171800
29013381,227628900,227727700,227191800,227363600,311,437100,535900,171800
29013382,227359100,227365900,227169800,227351100,276,189300,196100,181300
29013383,227350600,227403700,227171300,227171800,263,179300,232400,500
29013384,227170200,227231300,227061800,227061800,268,108400,169500,0
29013385,227089700,227089700,226791100,226971200,270,298600,298600,180100
29013386,226975200,227120600,226861700,227095900,294,113500,258900,234200
29013387,227092900,227339100,227083300,227297300,286,9600,255800,214000
29013388,227295200,227295200,227063300,227214200,248,231900,231900,150900
29013389,227212500,227270200,227092500,227193700,230,120000,177700,101200
29013390,227214200,227214200,226816200,226899400,235,398000,398000,83200
29013391,226876000,226990500,226824100,226870900,228,51900,166400,46800
29013392,226882400,227338800,226882400,226991700,316,0,456400,109300
29013393,226988400,226992000,226715100,226715100,274,273300,276900,0
29013394,226708500,226721700,226504900,226675800,282,203600,216800,170900
29013395,226674300,227170500,226615400,226978300,292,58900,555100,362900
29013396,226953000,227121800,226826800,227052300,294,126200,295000,225500
29013397,227056100,227738000,226998200,227738000,315,57900,739800,739800
29013398,227727000,228121900,227681800,227987000,326,45200,440100,305200
29013399,227982000,227982000,227578000,227835400,312,404000,404000,257400
29013400,227842800,228017100,227842800,227965700,320,0,174300,122900
29013401,227965900,228182100,227963000,228182100,314,2900,219100,219100
29013402,228171300,228171300,227761500,228021300,277,409800,409800,259800
29013403,228024800,228223900,227984700,228032700,297,40100,239200,48000
29013404,228035300,228092300,227874500,228053500,208,160800,217800,179000
29013405,228051800,228051800,227873900,227977500,208,177900,177900,103600
29013406,227973100,227973100,227478100,227524200,206,495000,495000,46100
29013407,227531600,227539600,227281800,227361400,300,249800,257800,79600
29013408,227359500,227495500,227341600,227427600,302,17900,153900,86000
29013409,227415100,227508100,227153800,227209000,303,261300,354300,55200
29013410,227208400,227371500,227060500,227213600,307,147900,311000,153100
29013411,227213700,227277200,226783600,226832900,284,430100,493600,49300
29013412,226827900,226951800,226733100,226872700,277,94800,218700,139600
29013413,226881800,226906700,226759400,226888900,246,122400,147300,129500
29013414,226890700,227193700,226879000,227172000,286,11700,314700,293000
29013415,227167600,227532800,227167100,227239200,271,500,365700,72100
29013416,227240400,227371200,227223500,227294500,263,16900,147700,71000
29013417,227295500,227460800,227268600,227349400,276,26900,192200,80800
29013418,227337100,227398500,227272300,227291800,250,64800,126200,19500
29013419,227291700,227392300,227155600,227174700,178,136100,236700,19100
29013420,227191100,227246300,226940500,227024200,286,250600,305800,83700
29013421,227026200,227070900,226815700,226820900,268,210500,255200,5200
29013422,226829600,226873900,226553100,226651700,258,276500,320800,98600
29013423,226651200,226740600,226514500,226587400,286,136700,226100,72900
29013424,226586000,226777200,226495800,226750800,257,90200,281400,255000
29013425,226767900,226810300,226507800,226649200,274,260100,302500,141400
29013426,226629000,226684200,226562100,226624600,248,66900,122100,62500
29013427,226621300,226664600,226382400,226384600,269,238900,282200,2200
29013428,226390800,226743100,226390800,226743100,286,0,352300,352300
29013429,226746900,226837000,226513900,226525800,270,233000,323100,11900
29013430,226515100,226565400,226272300,226412500,305,242800,293100,140200
29013431,226429600,226457700,226196000,226437300,297,233600,261700,241300
29013432,226431800,226502100,226157100,226322600,264,274700,345000,165500
29013433,226322100,226340200,226176600,226200600,240,145500,163600,24000
29013434,226202600,226246700,226005100,226108100,252,197500,241600,103000
29013435,226111400,226176300,225967100,226064800,218,144300,209200,97700
29013436,226059100,226329300,226046400,226066300,287,12700,282900,19900
29013437,226065300,226168400,226006400,226089800,234,58900,162000,83400
29013438,226090300,226256700,226090300,226115900,203,0,166400,25600
29013439,226114200,226176800,225955900,225960600,229,158300,220900,4700
29013440,225978700,226066800,225898700,226053100,232,80000,168100,154400
29013441,226053700,226055900,225684800,225812100,310,368900,371100,127300
29013442,225815800,225905400,225728000,225870600,246,87800,177400,142600
29013443,225869000,225896500,225761300,225896500,226,107700,135200,135200
29013444,225905300,225980300,225624900,225969100,286,280400,355400,344200
29013445,225972300,226162300,225964400,226003700,228,7900,197900,39300
29013446,225994300,226218100,225977900,226215000,266,16400,240200,237100
29013447,226219900,226382100,226154900,226165100,245,65000,227200,10200
29013448,226168700,226257400,226096800,226237700,232,71900,160600,140900
29013449,226238300,226326400,226065800,226267200,218,172500,260600,201400
29013450,226268800,226301100,226057800,226149700,230,211000,243300,91900
29013451,226147700,226255100,226078400,226087000,222,69300,176700,8600
29013452,226080100,226081100,225866400,225964900,207,213700,214700,98500
29013453,225963900,226053400,225963900,226015100,214,0,89500,51200
29013454,226010100,226010100,225874400,225885100,213,135700,135700,10700
29013455,225911800,225996500,225793700,225886200,280,118100,202800,92500
29013456,225882800,225972000,225772300,225839000,241,110500,199700,66700
29013457,225841000,226047900,225830500,225979200,240,10500,217400,148700
29013458,225978100,226046700,225943200,225991500,256,34900,103500,48300
29013459,225995900,226035000,225916400,225980000,242,79500,118600,63600
29013460,225980400,226000200,225537700,225689500,282,442700,462500,151800
29013461,225691700,225763000,225605000,225738100,271,86700,158000,133100
29013462,225747000,225760800,225541800,225581100,222,205200,219000,39300
29013463,225585600,225598400,225512800,225589300,229,72800,85600,76500
29013464,225571300,225579500,225433600,225488600,210,137700,145900,55000
29013465,225466600,225693000,225433300,225693000,252,33300,259700,259700
29013466,225697700,225756900,225627500,225629700,233,70200,129400,2200
29013467,225631400,225659200,225387900,225534900,230,243500,271300,147000
29013468,225525200,225571700,225403200,225547500,195,122000,168500,144300
29013469,225548500,225565600,225389800,225488500,231,158700,175800,98700
29013470,225487400,225625000,225403700,225619000,203,83700,221300,215300
29013471,225621400,225856400,225598600,225625600,234,22800,257800,27000
29013472,225632200,225728400,225561100,225642000,218,71100,167300,80900
29013473,225628600,225889600,225610100,225865100,244,18500,279500,255000
29013474,225846600,226000700,225711100,225911000,237,135500,289600,199900
29013475,225940200,225940200,225637700,225834800,178,302500,302500,197100
29013476,225831800,225831800,225673200,225717300,232,158600,158600,44100
29013477,225701200,225904200,225669500,225855700,212,31700,234700,186200
29013478,225854000,225897800,225754300,225755200,154,99700,143500,900
29013479,225753200,225770400,225624400,225759100,183,128800,146000,134700
29013480,225756500,225844000,225505100,225625200,247,251400,338900,120100
29013481,225624600,225763000,225539900,225561500,227,84700,223100,21600
29013482,225561000,225704500,225476400,225680800,243,84600,228100,204400
29013483,225680900,225729900,225588300,225594100,216,92600,141600,5800
29013484,225595200,225743300,225563700,225743300,174,31500,179600,179600
29013485,225771300,225819200,225697100,225812600,224,74200,122100,115500
29013486,225813100,225875200,225788400,225872800,213,24700,86800,84400
29013487,225866900,226110700,225845500,226021900,220,21400,265200,176400
29013488,226022500,226029900,225751000,225751000,226,271500,278900,0
29013489,225749800,225835800,225684500,225835800,189,65300,151300,151300
29013490,225843900,225940000,225627800,225775400,246,216100,312200,147600
29013491,225792700,225807900,225555100,225555100,233,237600,252800,0
29013492,225548700,225707800,225351700,225558200,279,197000,356100,206500
29013493,225551100,225674300,225476300,225476300,242,74800,198000,0
29013494,225465100,225465100,225333100,225386000,231,132000,132000,52900
29013495,225395000,225451000,224923800,224980400,286,471200,527200,56600
29013496,225013700,225205500,224639000,224859700,322,374700,566500,220700
29013497,224864100,224873400,224613900,224633400,306,250200,259500,19500
29013498,224647000,224700100,224419900,224447500,308,227100,280200,27600
29013499,224442100,224529800,224302100,224508500,300,140000,227700,206400
29013500,224509100,224565700,224087200,224254200,312,421900,478500,167000
29013501,224252200,224432700,224182500,224407600,263,69700,250200,225100
29013502,224411700,224550700,224289900,224541700,266,121800,260800,251800
29013503,224539700,224710600,224516500,224625800,244,23200,194100,109300
29013504,224627500,224736600,224528000,224528000,278,99500,208600,0
29013505,224488100,224512400,224094000,224258400,251,394100,418400,164400
29013506,224256400,224302300,224171800,224171800,207,84600,130500,0
29013507,224173000,224262300,224009700,224177700,258,163300,252600,168000
29013508,224169300,224169300,224078400,224102900,162,90900,90900,24500
29013509,224101000,224102900,223901200,223978300,206,199800,201700,77100
29013510,223981300,224187000,223981300,224019300,267,0,205700,38000
29013511,224017600,224022300,223479800,223546500,282,537800,542500,66700
29013512,223543600,223777700,223242200,223658500,301,301400,535500,416300
29013513,223628100,223784100,223442900,223477000,292,185200,341200,34100
29013514,223478900,223619700,223374200,223388300,284,104700,245500,14100
29013515,223379900,223626700,223371600,223553400,292,8300,255100,181800
29013516,223567900,223823900,223542200,223811800,265,25700,281700,269600
29013517,223800600,223989700,223597800,223938100,298,202800,391900,340300
29013518,223936000,223967600,223740700,223740700,270,195300,226900,0
29013519,223732100,223983100,223689700,223843100,260,42400,293400,153400
29013520,223852100,223997700,223784400,223961000,232,67700,213300,176600
29013521,223955100,223980200,223852300,223899000,203,102800,127900,46700
29013522,223918700,223990200,223775700,223960900,257,143000,214500,185200
29013523,223972200,224123700,223868000,224123700,264,104200,255700,255700
29013524,224123700,224199700,224032400,224129200,137,91300,167300,96800
29013525,224090900,224271400,224090900,224238000,183,0,180500,147100
29013526,224241400,224241400,224088900,224125600,201,152500,152500,36700
29013527,224123900,224123900,223716400,223951700,200,407500,407500,235300
29013528,223920600,223947600,223781900,223804600,174,138700,165700,22700
29013529,223806500,223862300,223668100,223862300,250,138400,194200,194200
29013530,223861800,223929900,223681100,223872700,152,180700,248800,191600
29013531,223873200,224005000,223767300,223839300,197,105900,237700,72000
29013532,223839700,223850400,223615700,223649100,186,224000,234700,33400
29013533,223651900,223719400,223631800,223710800,192,20100,87600,79000
29013534,223708100,223786400,223601000,223756400,156,107100,185400,155400
29013535,223756800,223784500,223527800,223689300,198,229000,256700,161500
29013536,223692900,223790900,223647800,223676000,222,45100,143100,28200
29013537,223682400,223713600,223524400,223705700,214,158000,189200,181300
29013538,223705100,223781000,223657700,223684600,180,47400,123300,26900
29013539,223684000,223842200,223590400,223797000,169,93600,251800,206600
29013540,223803900,223842300,223640400,223739900,198,163500,201900,99500
29013541,223739400,223795900,223647200,223745500,250,92200,148700,98300
29013542,223746000,223767000,223618400,223643200,201,127600,148600,24800
29013543,223644800,223646800,223350000,223419700,223,294800,296800,69700
29013544,223421400,223458200,223324400,223416600,179,97000,133800,92200
29013545,223416100,223451800,223169300,223175000,219,246800,282500,5700
29013546,223185800,223185800,222978300,223013900,272,207500,207500,35600
29013547,223015600,223089500,222867700,223087100,200,147900,221800,219400
29013548,223086700,223138200,222990300,223017100,186,96400,147900,26800
29013549,223011200,223038600,222881700,222993400,170,129500,156900,111700
29013550,222997600,223202000,222997600,223118600,186,0,204400,121000
29013551,223123200,223240800,223051800,223214600,236,71400,189000,162800
29013552,223210200,223210200,222987700,223116200,237,222500,222500,128500
29013553,223115300,223176400,223064800,223084600,192,50500,111600,19800
29013554,223085700,223085700,222808800,222899100,230,276900,276900,90300
29013555,222901100,223155400,222882600,223155400,250,18500,272800,272800
29013556,223157400,223209000,222929100,222946200,258,228300,279900,17100
29013557,222945400,223039300,222807700,223007000,290,137700,231600,199300
29013558,223001600,223072300,222933000,223031200,236,68600,139300,98200
29013559,223034600,223034600,222786300,222827100,250,248300,248300,40800
29013560,222827600,222864700,222737400,222740400,223,90200,127300,3000
29013561,222827500,222969900,222817700,222936500,224,9800,152200,118800
29013562,222932000,222932000,222707700,222753800,273,224300,224300,46100
29013563,222753300,222819500,222716100,222817500,266,37200,103400,101400
29013564,222821500,223029800,222785700,222918500,250,35800,244100,132800
29013565,222915700,222971800,222822300,222941900,200,93400,149500,119600
29013566,222942400,222981900,222928500,222950300,216,13900,53400,21800
29013567,222949800,222983400,222807000,222882600,174,142800,176400,75600
29013568,222884500,222925200,222662400,222671300,201,222100,262800,8900
29013569,222673200,222766000,222597100,222723700,187,76100,168900,126600
29013570,222751900,222774600,222615700,222771700,162,136200,158900,156000
29013571,222771200,222897900,222655000,222695900,277,116200,242900,40900
29013572,222697900,222756500,222567100,222677200,244,130800,189400,110100
29013573,222679200,222823100,222583200,222819000,268,96000,239900,235800
29013574,222816600,222933200,222754400,222927100,194,62200,178800,172700
29013575,222927000,222955000,222723900,222915100,242,203100,231100,191200
29013576,222920900,223145300,222920900,222973700,244,0,224400,52800
29013577,222972700,223139200,222801500,222845500,294,171200,337700,44000
29013578,222845000,222856700,222628000,222736800,307,217000,228700,108800
29013579,222738200,222780500,222565000,222707900,229,173200,215500,142900
29013580,222716700,222821200,222633800,222821200,260,82900,187400,187400
29013581,222820700,223015500,222792200,222984400,206,28500,223300,192200
29013582,222997800,223109700,222924400,223030300,228,73400,185300,105900
29013583,223045600,223098200,222942000,223023100,245,103600,156200,81100
29013584,223022100,223022100,222827700,222868300,174,194400,194400,40600
29013585,222863000,222896500,222721500,222887600,254,141500,175000,166100
29013586,222867100,222868700,222771000,222815100,203,96100,97700,44100
29013587,222815500,223056900,222815500,223040000,213,0,241400,224500
29013588,223041100,223129800,222979200,223116200,236,61900,150600,137000
29013589,223117600,223328800,223096400,223270400,255,21200,232400,174000
29013590,223270500,223526200,223222700,223520500,274,47800,303500,297800
29013591,223511700,223511700,223342500,223355300,221,169200,169200,12800
29013592,223361900,223414900,223161000,223186700,154,200900,253900,25700
29013593,223178900,223211200,223106100,223211200,168,72800,105100,105100
29013594,223210700,223253800,223039500,223142900,222,171200,214300,103400
29013595,223141800,223244400,223073700,223152000,196,68100,170700,78300
29013596,223152500,223207400,223020700,223020700,167,131800,186700,0
29013597,223019000,223075500,222870400,222969100,166,148600,205100,98700
29013598,222967200,223035200,222907700,222907700,68,59500,127500,0
29013599,222906700,223056700,222827000,223056700,139,79700,229700,229700
29013600,223056900,223238600,223056900,223196900,205,0,181700,140000
29013601,223200000,223308600,223174700,223196000,252,25300,133900,21300
29013602,223192100,223413400,223042400,223344600,228,149700,371000,302200
29013603,223343000,223509800,223324400,223397500,238,18600,185400,73100
29013604,223397500,223469200,223141700,223410000,216,255800,327500,268300
29013605,223404100,223499300,223390700,223499300,190,13400,108600,108600
29013606,223498200,223576200,223431400,223509100,166,66800,144800,77700
29013607,223507100,223709000,223488700,223709000,191,18400,220300,220300
29013608,223704400,223798500,223676300,223724500,165,28100,122200,48200
29013609,223726200,223726200,223589000,223680400,181,137200,137200,91400
29013610,223680100,223682200,223259100,223393300,181,421000,423100,134200
29013611,223392200,223561200,223370700,223554500,182,21500,190500,183800
29013612,223554600,223556500,223371100,223521200,194,183500,185400,150100
29013613,223514000,223514000,223423900,223475200,173,90100,90100,51300
29013614,223474700,223488500,223356800,223444300,140,117900,131700,87500
29013615,223434200,223482100,223284400,223482100,235,149800,197700,197700
29013616,223483200,223772400,223453800,223689800,270,29400,318600,236000
29013617,223685900,223955300,223671800,223933200,247,14100,283500,261400
29013618,223936900,223951800,223773400,223880200,200,163500,178400,106800
29013619,223874800,223992000,223781100,223895300,172,93700,210900,114200
29013620,223894300,223926000,223662300,223811200,192,232000,263700,148900
29013621,223801300,223854700,223630900,223795700,231,170400,223800,164800
29013622,223796200,223943500,223723800,223943500,191,72400,219700,219700
29013623,223945100,224132500,223941800,224024700,227,3300,190700,82900
29013624,224027400,224128900,223947700,224044000,226,79700,181200,96300
29013625,224025100,224032200,223725000,223929800,244,300100,307200,204800
29013626,223924400,224119300,223924400,224027200,276,0,194900,102800
29013627,224028300,224030400,223809700,223851600,180,218600,220700,41900
29013628,223853300,223861900,223783400,223783400,83,69900,78500,0
29013629,223783500,223783500,223650400,223650400,90,133100,133100,0
29013630,223675000,223723200,223590700,223723200,173,84300,132500,132500
29013631,223729200,224017800,223729200,223959000,248,0,288600,229800
29013632,223958500,223960100,223824300,223861600,206,134200,135800,37300
29013633,223857700,223919300,223778700,223883400,172,79000,140600,104700
29013634,223888100,223937900,223743300,223937900,253,144800,194600,194600
29013635,223931900,223935100,223684400,223806200,161,247500,250700,121800
29013636,223850000,223880300,223689900,223690000,162,160100,190400,100
29013637,223684200,223691800,223557700,223642900,188,126500,134100,85200
29013638,223641200,223642900,223432800,223540500,230,208400,210100,107700
29013639,223540500,223556000,223387700,223496700,171,152800,168300,109000
29013640,223487600,223509000,223187700,223300500,172,299900,321300,112800
29013641,223309400,223447600,223282100,223282100,227,27300,165500,0
29013642,223283800,223321500,223088800,223137000,256,195000,232700,48200
29013643,223148400,223154800,223050700,223154600,191,97700,104100,103900
29013644,223171600,223304100,223078400,223202400,226,93200,225700,124000
29013645,223206500,223371200,223125000,223202800,230,81500,246200,77800
29013646,223190900,223190900,222867900,222897300,224,323000,323000,29400
29013647,222903200,223038700,222868500,223005500,264,34700,170200,137000
29013648,223004500,223050200,222938600,223040700,248,65900,111600,102100
29013649,223041200,223260100,222945100,223256100,213,96100,315000,311000
29013650,223288200,223390200,223240800,223378200,244,47400,149400,137400
29013651,223377700,223584000,223279100,223279100,210,98600,304900,0
29013652,223280500,223571000,223280500,223571000,252,0,290500,290500
29013653,223571500,223622100,223495000,223552000,200,76500,127100,57000
29013654,223551000,223571000,223411100,223505100,116,139900,159900,94000
29013655,223505100,223630000,223505100,223594800,177,0,124900,89700
29013656,223588000,223665300,223587300,223629400,165,700,78000,42100
29013657,223628900,223707400,223562400,223687600,115,66500,145000,125200
29013658,223688500,223694500,223643100,223655300,92,45400,51400,12200
29013659,223655400,223688400,223551000,223630000,74,104400,137400,79000
29013660,223634900,223669300,223515700,223614500,145,119200,153600,98800
29013661,223614400,223724400,223601000,223724300,181,13400,123400,123300
29013662,223733400,223778600,223567700,223584500,200,165700,210900,16800
29013663,223570600,223685900,223570600,223575100,166,0,115300,4500
29013664,223579200,223607600,223552600,223552600,184,26600,55000,0
29013665,223576600,223576600,223371100,223486400,185,205500,205500,115300
29013666,223488300,223587700,223461500,223534100,174,26800,126200,72600
29013667,223533600,223552100,223497500,223497500,140,36100,54600,0
29013668,223499400,223634000,223499400,223578300,164,0,134600,78900
29013669,223579900,223638400,223485100,223631800,135,94800,153300,146700
29013670,223631800,223739400,223535000,223739400,156,96800,204400,204400
29013671,223737800,223826100,223734100,223792500,219,3700,92000,58400
29013672,223788600,223788600,223527000,223737200,213,261600,261600,210200
29013673,223732400,223732400,223531500,223549200,160,200900,200900,17700
29013674,223549200,223559600,223402100,223559600,116,147100,157500,157500
29013675,223557100,223646200,223417700,223536700,190,139400,228500,119000
29013676,223532100,223662300,223528700,223556200,188,3400,133600,27500
29013677,223556200,223741500,223542800,223686700,178,13400,198700,143900
29013678,223683500,223805300,223606700,223795100,172,76800,198600,188400
29013679,223799500,223960600,223697100,223946400,199,102400,263500,249300
29013680,223944500,224107200,223939100,223947900,176,5400,168100,8800
29013681,223951200,224139600,223926100,223942600,218,25100,213500,16500
29013682,223937400,223981100,223856600,223911100,186,80800,124500,54500
29013683,223913100,223913100,223769100,223779500,156,144000,144000,10400
29013684,223773000,223778900,223667300,223764400,149,105700,111600,97100
29013685,223761400,223791500,223580100,223728900,193,181300,211400,148800
29013686,223734300,223734300,223595500,223595500,178,138800,138800,0
29013687,223597500,223799600,223548400,223798000,188,49100,251200,249600
29013688,223791400,223828000,223700800,223720800,240,90600,127200,20000
29013689,223708700,223945800,223708700,223861400,258,0,237100,152700
29013690,223857500,223888300,223739800,223810000,190,117700,148500,70200
29013691,223807100,223843900,223743400,223801800,129,63700,100500,58400
29013692,223802900,223830200,223678600,223766900,203,124300,151600,88300
29013693,223767500,223828700,223715000,223717000,193,52500,113700,2000
29013694,223727800,223809500,223693600,223796200,158,34200,115900,102600
29013695,223795700,223909900,223699000,223818800,187,96700,210900,119800
29013696,223830700,223897300,223713400,223743200,168,117300,183900,29800
29013697,223744600,223828400,223665100,223792800,160,79500,163300,127700
29013698,223794700,223837900,223735300,223735300,144,59400,102600,0
29013699,223736900,223837200,223657800,223752600,183,79100,179400,94800
29013700,223754600,223786800,223547700,223679300,148,206900,239100,131600
29013701,223669600,223669900,223482600,223491200,180,187000,187300,8600
29013702,223485400,223485400,223217800,223315900,214,267600,267600,98100
29013703,223316400,223452400,223293300,223297600,206,23100,159100,4300
29013704,223283700,223283700,223137700,223207500,188,146000,146000,69800
29013705,223215000,223235200,222970400,223130200,179,244600,264800,159800
29013706,223123700,223195400,223043500,223100400,254,80200,151900,56900
29013707,223099900,223099900,222947700,223045800,228,152200,152200,98100
29013708,223043600,223313000,223008600,223258700,214,35000,304400,250100
29013709,223254300,223289500,223137700,223268000,210,116600,151800,130300
29013710,223270700,223401600,223159000,223283700,226,111700,242600,124700
29013711,223282100,223478100,223282100,223377800,246,0,196000,95700
29013712,223377300,223377300,223177700,223302100,199,199600,199600,124400
29013713,223303800,223410200,223303800,223403800,151,0,106400,100000
29013714,223403500,223477700,223287400,223469500,189,116100,190300,182100
29013715,223465100,223531000,223407100,223429600,160,58000,123900,22500
29013716,223429100,223445100,223271400,223320700,154,157700,173700,49300
29013717,223323700,223398200,223275100,223364300,158,48600,123100,89200
29013718,223362700,223472500,223331100,223444900,124,31600,141400,113800
29013719,223437400,223506900,223297100,223506800,111,140300,209800,209700
29013720,223537000,223541400,223375700,223481700,171,161300,165700,106000
29013721,223482200,223496400,223341900,223378700,182,140300,154500,36800
29013722,223380300,223392900,223163100,223266100,94,217200,229800,103000
29013724,223008100,223008100,222962400,222969100,70,45700,45700,6700
29013725,222939000,222966200,222792100,222792100,204,146900,174100,0
29013726,222347900,222443700,222330800,222398200,142,17100,112900,67400
29013727,222393200,222746100,222353000,222732300,266,40200,393100,379300
29013728,222738900,222751100,222507100,222650500,234,231800,244000,143400
29013729,222650500,222691000,222395800,222556000,244,254700,295200,160200
29013730,222544800,222617900,222488500,222615400,193,56300,129400,126900
29013731,222618400,222635200,222454400,222459800,177,164000,180800,5400
29013732,222463800,222564300,222450300,222559100,217,13500,114000,108800
29013733,222559600,222704800,222521400,222690600,190,38200,183400,169200
29013734,222692800,222793200,222592400,222769500,89,100400,200800,177100
29013735,222769000,222864500,222543200,222622600,241,225800,321300,79400
29013736,222616700,222622100,222472100,222607600,282,144600,150000,135500
29013737,222608100,222742600,222607600,222655800,237,500,135000,48200
29013738,222654400,222776500,222614700,222614700,252,39700,161800,0
29013739,222586900,222684800,222386800,222421500,268,200100,298000,34700
29013740,222423500,222487700,221780200,222085200,301,643300,707500,305000
29013741,222082800,222317500,222082800,222194100,273,0,234700,111300
29013742,222191400,222200600,221365600,221478300,307,825800,835000,112700
29013743,221479000,221495000,220853500,221194900,314,625500,641500,341400
29013744,221195400,221516200,221169100,221384400,289,26300,347100,215300
29013745,221382300,221471300,221259000,221454200,293,123300,212300,195200
29013746,221459200,222003300,221444700,221994300,305,14500,558600,549600
29013747,222016300,222116900,221757900,221930700,294,258400,359000,172800
29013748,221931800,222133800,221904800,222124100,302,27000,229000,219300
29013749,222122800,222139300,221910400,222089500,263,212400,228900,179100
29013750,222091100,222125100,221684400,221825900,274,406700,440700,141500
29013751,221828500,221852400,221510600,221650700,289,317900,341800,140100
29013752,221652700,222094700,221451800,221644400,300,200900,642900,192600
29013753,221651600,221901900,221571000,221838700,311,80600,330900,267700
29013754,221837100,221873600,221685500,221730000,288,151600,188100,44500
29013755,221730100,222003300,221704800,221974400,286,25300,298500,269600
29013756,221976100,222063400,221686000,221722800,290,290100,377400,36800
29013757,221731400,221806100,221580400,221747500,295,151000,225700,167100
29013758,221743400,221743400,221606200,221623600,241,137200,137200,17400
29013759,221618100,221664300,221466400,221582200,253,151700,197900,115800
29013760,221580800,221595700,221136300,221254600,259,444500,459400,118300
29013761,221254100,221265400,221028800,221028800,242,225300,236600,0
29013762,221028300,221312000,221028300,221257800,299,0,283700,229500
29013763,221265100,221265100,220841400,221262200,298,423700,423700,420800
29013764,221262200,221274300,221117700,221188500,231,144500,156600,70800
29013765,221189000,221289700,221037000,221113100,242,152000,252700,76100
29013766,221112600,221162400,220609900,220720200,272,502700,552500,110300
29013767,220727200,221009200,220670400,220986300,292,56800,338800,315900
29013768,220984000,221213500,220959500,221158300,290,24500,254000,198800
29013769,221156300,221204500,220866600,220957100,314,289700,337900,90500
29013770,220955700,221015100,220767600,220830800,294,188100,247500,63200
29013771,220829200,220867000,220730700,220789800,250,98500,136300,59100
29013772,220795100,221096800,220795100,221096800,268,0,301700,301700
29013773,221096300,221096300,220873300,220909000,236,223000,223000,35700
29013774,220915500,220959500,220706200,220739500,248,209300,253300,33300
29013775,220740000,220880900,220303300,220469800,283,436700,577600,166500
29013776,220469300,220586900,220188900,220188900,276,280400,398000,0
29013777,220203200,220535600,220203200,220466600,286,0,332400,263400
29013778,220471500,220479300,220322200,220393100,152,149300,157100,70900
29013779,220393200,220661900,220393100,220647800,244,100,268800,254700
29013780,220647900,220868600,220577300,220670200,290,70600,291300,92900
29013781,220664000,220855300,220647600,220647600,284,16400,207700,0
29013782,220647800,220657800,219901600,220230300,290,746200,756200,328700
29013783,220237000,220251800,219829700,219829700,314,407300,422100,0
29013784,219828400,219962200,219585500,219830100,299,242900,376700,244600
29013785,219830500,220074400,219758700,219935900,306,71800,315700,177200
29013786,219937900,220011400,219530000,219893800,299,407900,481400,363800
29013787,219895300,219950900,219505000,219681700,306,390300,445900,176700
29013788,219675100,219851000,219656000,219793500,302,19100,195000,137500
29013789,219796200,219977100,219652500,219658700,310,143700,324600,6200
29013790,219660600,219846500,218361400,218584300,302,1299200,1485100,222900
29013791,218658200,218976400,218658200,218812300,328,0,318200,154100
29013792,218823900,219067900,218718900,218803500,330,105000,349000,84600
29013793,218794500,218815700,218597700,218606400,324,196800,218000,8700
29013794,218606500,218694000,218264000,218280100,326,342500,430000,16100
29013795,218242700,218604600,218237200,218461700,299,5500,367400,224500
29013796,218467900,218700400,218416100,218664500,211,51800,284300,248400
29013797,218662100,218703000,218333900,218359500,300,328200,369100,25600
29013798,218360000,218429000,217893500,217977600,302,466500,535500,84100
29013799,217960400,218206100,217449100,217714200,325,511300,757000,265100
29013800,217732900,218010300,217708100,217961600,294,24800,302200,253500
29013801,217963600,218148300,217842500,218044700,308,121100,305800,202200
29013802,218042300,218479300,218000700,218402500,293,41600,478600,401800
29013803,218385600,218428300,218134800,218425700,306,250800,293500,290900
29013804,218424600,218501400,218134600,218442000,294,290000,366800,307400
29013805,218435500,218637400,218340600,218419700,308,94900,296800,79100
29013806,218437600,218682500,218405100,218619200,292,32500,277400,214100
29013807,218619100,218814100,218384300,218536600,274,234800,429800,152300
29013808,218535600,218593600,218320600,218448600,297,215000,273000,128000
29013809,218450800,218507200,218298300,218434900,261,152500,208900,136600
29013810,218434400,218492300,218284700,218492300,279,149700,207600,207600
29013811,218488300,218996100,218487400,218899000,293,900,508700,411600
29013812,218901800,218943100,218622900,218622900,294,278900,320200,0
29013813,218620400,218655000,218488100,218614600,280,132300,166900,126500
29013814,218615100,218822000,218402500,218428800,280,212600,419500,26300
29013815,218424500,218514200,218293000,218458900,267,131500,221200,165900
29013816,218468700,218699900,218465900,218682300,273,2800,234000,216400
29013817,218682700,218719400,218508500,218542600,256,174200,210900,34100
29013818,218538200,218539900,218444300,218482800,228,93900,95600,38500
29013819,218484800,218617800,218389400,218563100,238,95400,228400,173700
29013820,218558700,218590500,218355300,218494600,208,203400,235200,139300
29013821,218488400,218677800,218487900,218566800,225,500,189900,78900
29013822,218564800,218707400,218472900,218707400,227,91900,234500,234500
29013823,218710400,218715300,218523300,218573000,190,187100,192000,49700
29013824,218566600,218695500,218463700,218658500,206,102900,231800,194800
29013825,218653500,218655600,218441000,218540100,241,212500,214600,99100
29013826,218544600,218655300,218453600,218537800,252,91000,201700,84200
29013827,218538300,218694400,218460600,218517000,251,77700,233800,56400
29013828,218519600,218591400,218475800,218537000,239,43800,115600,61200
29013829,218539000,218630700,218458300,218541200,239,80700,172400,82900
29013830,218543200,218610200,218237700,218353500,254,305500,372500,115800
29013831,218361600,218528600,218361600,218441200,253,0,167000,79600
29013832,218442400,218499200,218284300,218375100,212,158100,214900,90800
29013833,218377000,218415800,218343000,218358500,149,34000,72800,15500
29013834,218348200,218364300,218237700,218349100,130,110500,126600,111400
29013835,218348200,218381000,218227000,218354300,151,121200,154000,127300
29013836,218354300,218443100,218284300,218443100,194,70000,158800,158800
29013837,218443200,218590900,218416500,218525000,220,26700,174400,108500
29013838,218528800,218585300,218521100,218522700,198,7700,64200,1600
29013839,218527600,218594400,218424300,218593500,168,103300,170100,169200
29013840,218594000,218656700,218472300,218554400,239,121700,184400,82100
29013841,218556400,218559700,218306200,218350500,225,250200,253500,44300
29013842,218354500,218378700,218193700,218378700,165,160800,185000,185000
29013843,218370600,218440400,218301800,218321300,232,68800,138600,19500
29013844,218323300,218363100,217976700,218026300,228,346600,386400,49600
29013845,218024600,218169200,217791200,217793200,258,233400,378000,2000
29013846,217793100,217953300,217787900,217797800,229,5200,165400,9900
29013847,217797400,217853100,217603600,217749300,241,193800,249500,145700
29013848,217751300,217983300,217748800,217894500,214,2500,234500,145700
29013849,217897000,217911000,217692700,217694700,228,204300,218300,2000
29013850,217695200,217714300,217495600,217668400,208,199600,218700,172800
29013851,217674600,217725200,217449200,217527700,246,225400,276000,78500
29013852,217521000,217701900,217453900,217453900,265,67100,248000,0
29013853,217430500,217681700,217308000,217580500,259,122500,373700,272500
29013854,217546500,217696700,217435600,217672000,185,110900,261100,236400
29013855,217675300,217705200,217295600,217594700,264,379700,409600,299100
29013856,217594300,217774000,217552000,217774000,253,42300,222000,222000
29013857,217774400,217848100,217675500,217848100,176,98900,172600,172600
29013858,217872100,218459100,217872100,218459100,294,0,587000,587000
29013859,218460100,218918400,218275000,218643000,315,185100,643400,368000
29013860,218646500,218729000,218425300,218634200,246,221200,303700,208900
29013861,218637400,218667000,218291900,218479200,293,345500,375100,187300
29013862,218480700,218530600,218344300,218445500,255,136400,186300,101200
29013863,218445000,218478000,218313700,218398000,263,131300,164300,84300
29013864,218398600,218594400,218315400,218357000,263,83200,279000,41600
29013865,218346900,218350500,218005400,218137500,284,341500,345100,132100
29013866,218138000,218174200,217761600,217860300,291,376400,412600,98700
29013867,217863200,217926100,217628700,217817000,298,234500,297400,188300
29013868,217817500,218047600,217784600,217877500,278,32900,263000,92900
29013869,217894200,217990300,217797100,217868400,254,97100,193200,71300
29013870,217870300,218093100,217870300,218093100,148,0,222800,222800
29013874,218092700,218339300,217995400,218339300,219,97300,343900,343900
29013875,218340200,218418000,218135400,218280400,277,204800,282600,145000
29013876,218278400,218346000,218080300,218346000,278,198100,265700,265700
29013877,218344700,218344700,217855500,218095500,293,489200,489200,240000
29013878,218100700,218125100,217945600,218091000,292,155100,179500,145400
29013879,218093000,218186700,217985400,218137800,250,107600,201300,152400
29013880,218141600,218311400,218105700,218297300,228,35900,205700,191600
29013881,218299000,218375000,218163500,218163500,171,135500,211500,0
29013882,218161300,218161300,217961300,218068100,222,200000,200000,106800
29013883,218055800,218254400,218007200,218159300,214,48600,247200,152100
29013884,218165700,218254700,217950400,217968000,239,215300,304300,17600
29013885,217969300,218095100,217932200,218030600,154,37100,162900,98400
29013888,218262400,218362900,218262400,218357400,36,0,100500,95000
29013889,218385400,218409000,218159500,218224900,213,225900,249500,65400
29013890,218226900,218398500,218147900,218398500,250,79000,250600,250600
29013891,218396500,218642600,218390700,218612300,276,5800,251900,221600
29013892,218608000,218647600,218441000,218612100,253,167000,206600,171100
29013893,218612500,218718900,218494100,218621000,220,118400,224800,126900
29013894,218618900,218684200,218444200,218527100,229,174700,240000,82900
29013895,218526600,218725000,218461600,218604400,265,65000,263400,142800
29013896,218608600,218697200,218595100,218640100,238,13500,102100,45000
29013897,218624300,218671900,218443000,218545700,193,181300,228900,102700
29013898,218546200,218602400,218377100,218410500,181,169100,225300,33400
29013899,218401600,218414700,218250300,218289500,212,151300,164400,39200
29013900,218289900,218480400,218218400,218480400,276,71500,262000,262000
29013901,218485200,218503400,218404200,218412000,271,81000,99200,7800
29013902,218414000,218605000,218306600,218538500,278,107400,298400,231900
29013903,218540500,218618800,218457000,218461900,240,83500,161800,4900
29013904,218464800,218591600,218447800,218572800,239,17000,143800,125000
29013905,218570800,218600600,218370400,218534700,170,200400,230200,164300
29013906,218536700,218536700,218326200,218368400,199,210500,210500,42200
29013907,218371300,218372500,217771800,217929500,304,599500,600700,157700
29013908,217926000,217926000,217625400,217758700,306,300600,300600,133300
29013909,217753500,217754500,217521500,217601900,266,232000,233000,80400
29013910,217595300,217742900,217492000,217671500,300,103300,250900,179500
29013911,217676800,217683500,217350100,217375300,283,326700,333400,25200
29013912,217372800,217372800,216808100,217163800,308,564700,564700,355700
29013913,217165000,217247600,216925200,217068100,291,239800,322400,142900
29013914,217050900,217159000,216848700,216915800,300,202200,310300,67100
29013915,216949400,216955400,216220700,216371400,272,728700,734700,150700
29013916,216372000,216628400,215521300,215819100,316,850700,1107100,297800
29013917,215818100,215818100,215401300,215569200,317,416800,416800,167900
29013918,215582400,215832200,215543100,215805800,326,39300,289100,262700
29013919,215787000,216279100,215787000,215803600,319,0,492100,16600
29013920,215833100,215980600,215608800,215750300,295,224300,371800,141500
29013921,215747300,215795200,215416100,215591400,302,331200,379100,175300
29013922,215591000,215758300,215403900,215552100,306,187100,354400,148200
29013923,215555100,215714300,215532600,215645200,296,22500,181700,112600
29013924,215641700,215649300,215484500,215593900,277,157200,164800,109400
29013925,215596000,215645100,214941100,215130600,309,654900,704000,189500
29013926,215137800,215175300,214555400,214995100,334,582400,619900,439700
29013927,214976100,215067700,214797500,215067700,310,178600,270200,270200
29013928,215068300,215182900,214955500,215109100,310,112800,227400,153600
29013929,215105100,215359800,215005600,215280600,305,99500,354200,275000
29013930,215277600,215362200,214922300,214975000,312,355300,439900,52700
29013931,214979700,215047900,214759000,214963400,299,220700,288900,204400
29013932,214973900,215114000,214605600,214727800,322,368300,508400,122200
29013933,214727600,215429100,214719800,215394700,322,7800,709300,674900
29013934,215399600,215678800,215399600,215568600,308,0,279200,169000
29013935,215569100,215902700,215564000,215808200,306,5100,338700,244200
29013936,215823500,215854500,215524900,215658800,300,298600,329600,133900
29013937,215666000,215736200,215431600,215538800,284,234400,304600,107200
29013938,215527200,215557700,215309900,215557700,298,217300,247800,247800
29013939,215545400,215647500,215361400,215377300,291,184000,286100,15900
29013940,215378900,215504300,215330100,215405300,282,48800,174200,75200
29013941,215387800,215565200,215269500,215563300,291,118300,295700,293800
29013942,215561300,215637300,215392800,215414600,302,168500,244500,21800
29013943,215421600,215439700,215126600,215222400,282,295000,313100,95800
29013944,215223300,215458900,215136200,215458900,235,87100,322700,322700
29013945,215457200,215871000,215441600,215801900,308,15600,429400,360300
29013946,215794400,215852300,215500300,215572000,309,294100,352000,71700
29013947,215571500,215578100,214839400,215177500,324,732100,738700,338100
29013948,215179900,215279700,215024600,215060100,318,155300,255100,35500
29013949,215052000,215117900,214722800,214907900,316,329200,395100,185100
29013950,214890900,214931900,214489800,214579400,324,401100,442100,89600
29013951,214567600,214801900,214567600,214698100,318,0,234300,130500
29013952,214700200,215219100,214700200,215092000,306,0,518900,391800
29013953,215091100,215104300,214784000,214810600,292,307100,320300,26600
29013954,214809600,214941400,214729600,214810700,298,80000,211800,81100
29013955,214809200,215063000,214746500,215036400,300,62700,316500,289900
29013956,215033300,215199500,215033300,215163600,251,0,166200,130300
29013957,215163500,215364300,215067400,215067400,259,96100,296900,0
29013958,215066000,215576100,215028400,215568200,300,37600,547700,539800
29013959,215570100,215570100,215267700,215432500,283,302400,302400,164800
29013960,215430900,215446500,215034700,215118900,302,396200,411800,84200
29013961,215093000,215401100,215083600,215338600,300,9400,317500,255000
29013962,215338500,215514600,215196000,215469800,268,142500,318600,273800
29013963,215467800,215472200,215132500,215229900,265,335300,339700,97400
29013964,215204200,215511500,215082300,215511500,276,121900,429200,429200
29013965,215511500,215818600,215494200,215809800,297,17300,324400,315600
29013966,215779800,215794600,215465200,215492300,299,314600,329400,27100
29013967,215496300,215778400,215439600,215676900,271,56700,338800,237300
29013968,215668600,215801100,215631000,215786100,256,37600,170100,155100
29013969,215789000,215789000,215506100,215625900,238,282900,282900,119800
29013970,215601300,215734800,215498700,215734800,242,102600,236100,236100
29013971,215735200,216061900,215697300,215915700,267,37900,364600,218400
29013972,215914800,216480300,215859300,216269600,280,55500,621000,410300
29013973,216269200,216308000,215939100,216107800,242,330100,368900,168700
29013974,216101800,216116600,215881000,215896400,240,220800,235600,15400
29013975,215897700,215971100,215776000,215971100,230,121700,195100,195100
29013976,215982000,216240700,215935100,216143700,287,46900,305600,208600
29013977,216137200,216241400,215811500,215816500,283,325700,429900,5000
29013978,215836600,216036400,215636100,216035000,308,200500,400300,398900
29013979,216007500,216066400,215756000,215827500,270,251500,310400,71500
29013980,215826100,215954200,215571800,215942800,288,254300,382400,371000
29013981,215942300,216108200,215928900,216054600,276,13400,179300,125700
29013982,216056200,216237100,215948900,216236600,290,107300,288200,287700
29013983,216226600,216507100,216162900,216464500,284,63700,344200,301600
29013984,216462000,216479300,216145900,216276200,246,316100,333400,130300
29013985,216277800,216277800,215876000,216107500,262,401800,401800,231500
29013986,216109400,216261200,216019000,216021400,261,90400,242200,2400
29013987,216019400,216293800,216015900,216197500,235,3500,277900,181600
29013988,216202700,216237500,216127900,216141100,195,74800,109600,13200
29013989,216141900,216227100,215898800,215962800,184,243100,328300,64000
29013990,215967100,216109700,215926000,216062300,201,41100,183700,136300
29013991,216062200,216246900,215853100,215872400,293,209100,393800,19300
29013992,215877300,216128000,215877300,215925000,264,0,250700,47700
29013993,215924600,215939200,215570800,215570800,304,353800,368400,0
29013994,215573300,215821100,215286100,215723800,274,287200,535000,437700
29013995,215722400,215753400,215446100,215641000,290,276300,307300,194900
29013996,215643700,215728200,215494900,215541000,290,148800,233300,46100
29013997,215552800,215666900,215366100,215643400,273,186700,300800,277300
29013998,215649700,215899800,215604300,215697700,268,45400,295500,93400
29013999,215705900,215974700,215705900,215931900,284,0,268800,226000
29014000,215935900,216248100,215867400,216228500,288,68500,380700,361100
29014001,216227100,216378200,216227100,216371800,271,0,151100,144700
29014002,216375800,216650200,216245900,216428500,294,129900,404300,182600
29014003,216426300,216426300,216110900,216170000,260,315400,315400,59100
29014004,216170200,216293600,216005900,216293600,225,164300,287700,287700
29014005,216358500,216582600,216066900,216260500,249,291600,515700,193600
29014006,216264900,216641300,216264900,216451400,266,0,376400,186500
29014007,216415400,216415400,216015900,216156900,224,399500,399500,141000
29014008,216154900,216541400,216072300,216541400,291,82600,469100,469100
29014009,216541900,216793600,216507700,216520600,261,34200,285900,12900
29014010,216522600,216544800,216215900,216471500,235,306700,328900,255600
29014011,216497700,216554500,216289700,216311100,246,208000,264800,21400
29014012,216313100,216391000,216055900,216292900,219,257200,335100,237000
29014013,216295800,216410100,216275900,216275900,202,19900,134200,0
29014014,216273600,216628000,216271600,216462200,227,2000,356400,190600
29014015,216453100,216562700,216255900,216464400,192,197200,306800,208500
29014016,216466600,216680600,216466600,216536200,226,0,214000,69600
29014017,216537000,216845000,216537000,216741100,244,0,308000,204100
29014018,216735800,216813500,216524600,216529000,248,211200,288900,4400
29014019,216535400,216560900,216345900,216445400,135,189500,215000,99500
29014020,216446800,216507000,216172900,216365900,252,273900,334100,193000
29014021,216363500,216512600,216303000,216420000,207,60500,209600,117000
29014022,216422000,216524100,216305900,216410800,219,116100,218200,104900
29014023,216399400,216399400,216012900,216058000,263,386500,386500,45100
29014024,216048400,216332200,216042900,216327300,250,5500,289300,284400
29014025,216317300,216347600,216005900,216227800,257,311400,341700,221900
29014026,216213700,216359500,216093300,216357800,258,120400,266200,264500
29014027,216357300,216711600,216357300,216687200,246,0,354300,329900
29014028,216687600,217680300,216687600,217380400,325,0,992700,692800
29014029,217411400,218413800,217411400,218403500,328,0,1002400,992100
29014030,218369400,218474200,217644400,217797600,322,725000,829800,153200
29014031,217798000,218137100,217570500,218103300,286,227500,566600,532800
29014032,218098400,218105500,217625500,217806100,292,472900,480000,180600
29014033,217805900,217805900,217468100,217619800,278,337800,337800,151700
29014034,217619300,217619300,217253400,217372000,264,365900,365900,118600
29014035,217369600,217457900,217035700,217169800,283,333900,422200,134100
29014036,217137400,217340100,217022000,217229500,320,115400,318100,207500
29014037,217226600,217679000,217223800,217662100,304,2800,455200,438300
29014038,217666200,217743100,217482400,217578200,301,183800,260700,95800
29014039,217581100,217612900,217364600,217393400,269,216500,248300,28800
29014040,217388600,217566800,217185600,217269200,278,203000,381200,83600
29014041,217269700,217301700,216916000,216987600,280,353700,385700,71600
29014042,216988500,217049800,216585600,216877400,292,402900,464200,291800
29014043,216876000,216876000,216609400,216745700,232,266600,266600,136300
29014044,216757900,217176400,216675800,217074200,247,82100,500600,398400
29014045,217072100,217129100,216905700,217126200,274,166400,223400,220500
29014046,217129100,217233000,217005100,217225500,247,124000,227900,220400
29014047,217225900,217225900,216945700,217159800,239,280200,280200,214100
29014048,217159800,217223900,217090400,217179600,173,69400,133500,89200
29014049,217181500,217575500,217085700,217571100,246,95800,489800,485400
29014050,217574400,217743500,217506200,217738100,291,68200,237300,231900
29014051,217739000,217937600,217400500,217438000,282,338500,537100,37500
29014052,217443300,217572000,217246900,217411600,291,196400,325100,164700
29014053,217408600,217446700,217187600,217403800,257,221000,259100,216200
29014054,217400100,217400100,217065700,217214200,277,334400,334400,148500
29014055,217211100,217487200,217180000,217447800,268,31100,307200,267800
29014056,217441100,217683500,217250500,217553100,268,190600,433000,302600
29014057,217554400,217856200,217531700,217795600,293,22700,324500,263900
29014058,217797300,217971400,217641400,217641400,279,155900,330000,0
29014059,217615500,217785600,217418800,217556200,295,196700,366800,137400
29014060,217554200,217658300,217423900,217517900,278,130300,234400,94000
29014061,217518400,217554600,217420500,217488100,248,97900,134100,67600
29014062,217469400,217562100,217355600,217446000,150,113800,206500,90400
29014063,217448000,217539600,217334900,217370200,226,113100,204700,35300
29014064,217375200,217671300,217375200,217398300,244,0,296100,23100
29014065,217400300,217489600,217205600,217328700,192,194700,284000,123100
29014066,217329200,217642100,217328000,217496300,266,1200,314100,168300
29014067,217499100,217649100,217181600,217557200,288,317500,467500,375600
29014068,217551900,217675500,217441400,217675500,264,110500,234100,234100
29014069,217652300,217885300,217405600,217823600,267,246700,479700,418000
29014070,217834700,217945100,217685500,217890800,277,149200,259600,205300
29014071,217888900,217967100,217651700,217701500,292,237200,315400,49800
29014072,217701100,217789700,217495600,217657400,259,205500,294100,161800
29014073,217658200,217925100,217658200,217821700,256,0,266900,163500
29014074,217822100,217889200,217695500,217881900,217,126600,193700,186400
29014075,217881500,217947000,217695500,217874700,223,186000,251500,179200
29014076,217876700,217941100,217869200,217907200,192,7500,71900,38000
29014077,217909200,218003500,217755500,217937500,198,153700,248000,182000
29014078,217936600,217936600,217689600,217729500,229,247000,247000,39900
29014079,217731100,217731300,217466900,217467100,179,264200,264400,200
29014080,217471400,217684200,217345600,217613100,289,125800,338600,267500
29014081,217608200,217744800,217403400,217404300,291,204800,341400,900
29014082,217410200,217509700,217185300,217185300,274,224900,324400,0
29014083,217189800,217318600,217082200,217085100,268,107600,236400,2900
29014084,217082700,217357500,217015700,217357500,244,67000,341800,341800
29014085,217362400,217393800,217129200,217354200,249,233200,264600,225000
29014086,217356300,217700700,217356300,217598700,269,0,344400,242400
29014087,217599100,217982700,217599100,217855400,290,0,383600,256300
29014088,217825400,218057400,217810700,217995500,266,14700,246700,184800
29014089,218005100,218021900,217634100,217754300,267,371000,387800,120200
29014090,217767500,217983500,217654300,217983500,289,113200,329200,329200
29014091,217981500,218185200,217906900,217946000,288,74600,278300,39100
29014092,217943600,217943600,217675500,217821600,259,268100,268100,146100
29014093,217823600,217932400,217727600,217913200,221,96000,204800,185600
29014094,217909600,218161700,217909600,218078000,277,0,252100,168400
29014095,218076000,218628100,218070100,218562100,313,5900,558000,492000
29014096,218561500,218571400,218237900,218343300,304,323600,333500,105400
29014097,218340400,218409400,218135400,218192700,257,205000,274000,57300
29014098,218165700,218192400,217854800,218118800,290,310900,337600,264000
29014099,218129900,218230900,217890100,217947800,291,239800,340800,57700
29014100,217943300,218055300,217802300,217930400,304,141000,253000,128100
29014101,217929500,217981400,217679300,217711700,296,250200,302100,32400
29014102,217707300,217767200,217419600,217539700,266,287700,347600,120100
29014103,217540100,217676400,217480600,217649700,277,59500,195800,169100
29014104,217648300,217772700,217625500,217765300,238,22800,147200,139800
29014105,217767500,217936200,217744300,217863100,204,23200,191900,118800
29014106,217889700,218161800,217865400,218061500,227,24300,296400,196100
29014107,218061100,218167200,217974300,218157700,240,86800,192900,183400
29014108,218133000,218186300,218091000,218097700,215,42000,95300,6700
29014109,218098100,218241800,217993100,218083600,210,105000,248700,90500
29014110,218084100,218128200,217875500,217994500,239,208600,252700,119000
29014111,217995000,218038100,217670600,217739400,267,324400,367500,68800
29014112,217740100,217750600,217436600,217750200,285,303500,314000,313600
29014113,217750600,218012200,217749700,217866500,288,900,262500,116800
29014114,217867000,217927600,217655500,217736700,233,211500,272100,81200
29014115,217734700,217735100,217455600,217604300,248,279100,279500,148700
29014116,217609500,217848900,217546500,217743000,299,63000,302400,196500
29014117,217743600,217851200,217385300,217851200,268,358300,465900,465900
29014118,217854500,218674600,217854500,218299600,318,0,820100,445100
29014119,218287500,218994900,218259200,218915300,321,28300,735700,656100
29014120,218915900,219130800,218845200,218929800,320,70700,285600,84600
29014121,218898800,219787800,218816500,219481500,306,82300,971300,665000
29014122,219458000,219619100,219328400,219339400,306,129600,290700,11000
29014123,219310500,219310500,218906400,219079000,298,404100,404100,172600
29014124,219098300,219098300,218895500,218924000,252,202800,202800,28500
29014125,218921600,219068000,218791700,218983500,302,129900,276300,191800
29014126,218947000,219206600,218822100,219144100,296,124900,384500,322000
29014127,219141000,219247200,218925200,218994900,305,215800,322000,69700
29014128,218994500,219189100,218861400,218960700,292,133100,327700,99300
29014129,218963100,219195600,218845200,219179000,285,117900,350400,333800
29014130,219183600,219375500,219102100,219224900,303,81500,273400,122800
29014131,219224000,219346600,219030400,219043500,280,193600,316200,13100
29014132,219044000,219224000,218759500,219120200,246,284500,464500,360700
29014133,219112100,219379100,219021200,219379100,228,90900,357900,357900
29014134,219364900,220020400,219364900,220002300,320,0,655500,637400
29014135,220004400,220659700,219833000,220589200,288,171400,826700,756200
29014136,220589500,220591900,220327600,220328100,306,261900,264300,500
29014137,220331600,220540700,220170300,220528700,306,161300,370400,358400
29014138,220534600,221071200,220484800,220820500,314,49800,586400,335700
29014139,220828000,221279800,220675600,221152200,306,152400,604200,476600
29014140,221154100,221168000,220785700,220843800,310,368400,382300,58100
29014141,220839000,220860300,220599700,220650600,308,239300,260600,50900
29014142,220650200,220689500,220307200,220325900,312,343000,382300,18700
29014143,220325300,220437900,219917600,219962400,294,407700,520300,44800
29014144,219963400,220002600,219749500,219810900,296,213900,253100,61400
29014145,219813000,219852100,219672600,219782800,302,140400,179500,110200
29014146,219781300,219803700,219614700,219776800,274,166600,189000,162100
29014147,219771700,220070600,219729500,220052900,283,42200,341100,323400
29014148,220055200,220370100,220040500,220361300,299,14700,329600,320800
29014149,220356500,220492700,220021200,220023500,292,335300,471500,2300
29014150,220025500,220090600,219875000,220015500,281,150500,215600,140500
29014151,220017900,220048900,219878700,219988800,264,139200,170200,110100
29014152,219982500,220155600,219863500,220137200,255,119000,292100,273700
29014153,220128300,220158500,219819400,219819400,282,308900,339100,0
29014154,219821100,219909100,219662100,219758500,270,159000,247000,96400
29014155,219760500,219778900,219545800,219675700,270,214700,233100,129900
29014156,219683000,219813800,219516600,219560300,305,166400,297200,43700
29014157,219568100,219715800,219257800,219363700,274,310300,458000,105900
29014158,219356300,219484000,219239800,219451400,303,116500,244200,211600
29014159,219449000,219576000,219365100,219576000,273,83900,210900,210900
29014160,219576200,219703700,219334000,219497200,274,242200,369700,163200
29014161,219503100,219954600,219503100,219856200,280,0,451500,353100
29014162,219862800,220192700,219862800,220178000,288,0,329900,315200
29014163,220179700,220542000,220178000,220256600,301,1700,364000,78600
29014164,220260600,220325200,220154900,220199500,286,105700,170300,44600
29014165,220199500,220278200,219912200,220051600,295,287300,366000,139400
29014166,220058300,220529100,220001100,220344900,306,57200,528000,343800
29014167,220341000,220341000,220041000,220112400,294,300000,300000,71400
29014168,220112000,220142100,219927000,219931600,284,185000,215100,4600
29014169,219929300,219943000,219770600,219776300,259,158700,172400,5700
29014170,219777000,219920800,219668900,219851100,312,108100,251900,182200
29014171,219847700,219905500,219699100,219844300,316,148600,206400,145200
29014172,219843300,219950500,219659200,219929500,292,184100,291300,270300
29014173,219935800,219950100,219767700,219767700,264,168100,182400,0
29014174,219766000,219766000,219417100,219420000,263,348900,348900,2900
29014175,219434500,219650600,219402200,219552800,290,32300,248400,150600
29014176,219542500,219730300,219512100,219725800,291,30400,218200,213700
29014177,219750700,220038900,219750700,219875000,283,0,288200,124300
29014178,219875500,219954600,219757000,219757000,224,118500,197600,0
29014179,219749500,220001100,219537100,219968400,244,212400,464000,431300
29014180,219972200,220167600,219970600,220167600,284,1600,197000,197000
29014181,220169700,220227400,220019400,220181400,278,150300,208000,162000
29014182,220181000,220227200,220075900,220218000,283,105100,151300,142100
29014183,220222900,220322100,220151900,220213200,290,71000,170200,61300
29014184,220219400,220233100,219993600,220163400,256,225800,239500,169800
29014185,220165400,220225700,220001100,220121100,275,164300,224600,120000
29014186,220122000,220303000,220082000,220275700,277,40000,221000,193700
29014187,220277100,220302000,219983100,219989100,266,294000,318900,6000
29014188,219987500,220126400,219864900,220113500,268,122600,261500,248600
29014189,220114000,220204100,219934500,220185600,253,179500,269600,251100
29014190,220187000,220275200,219944300,220072300,263,242700,330900,128000
29014191,220075200,220222300,220048300,220074700,236,26900,174000,26400
29014192,220120200,220324300,220120200,220246000,238,0,204100,125800
29014193,220241500,220241500,220071300,220138500,254,170200,170200,67200
29014194,220136500,220188100,219961000,219968300,272,175500,227100,7300
29014195,219967000,220035600,219783000,219936100,270,184000,252600,153100
29014196,219942900,220081900,219867200,220048900,268,75700,214700,181700
29014197,220050500,220058400,219783000,219886200,209,267500,275400,103200
29014198,219875900,219986700,219858700,219858700,237,17200,128000,0
29014199,219860900,219970900,219835000,219871200,187,25900,135900,36200
29014200,219869200,219869200,219423000,219544500,294,446200,446200,121500
29014201,219544700,220260800,219515800,220127800,290,28900,745000,612000
29014202,220128300,220522700,219999500,220481300,306,128800,523200,481800
29014203,220479400,221142700,220386300,220865100,310,93100,756400,478800
29014204,220867000,220914500,220658400,220711300,280,208600,256100,52900
29014205,220707400,220752300,220493700,220609800,277,213700,258600,116100
29014206,220607900,220607900,220247900,220271800,291,360000,360000,23900
29014207,220261800,220280600,219719600,219969500,284,542200,561000,249900
29014208,219956400,220156100,219956400,220156100,290,0,199700,199700
29014209,220153100,220398000,220133000,220379200,259,20100,265000,246200
29014210,220372100,220512500,220341200,220495000,216,30900,171300,153800
29014211,220495100,220502900,220321900,220404000,245,173200,181000,82100
29014212,220406000,220503200,220211600,220500700,217,194400,291600,289100
29014213,220512400,220711200,220445000,220525300,232,67400,266200,80300
29014214,220518400,220659600,220359500,220363800,227,158900,300100,4300
29014215,220364300,220555700,220301000,220456300,281,63300,254700,155300
29014216,220434500,220749800,220423300,220736900,274,11200,326500,313600
29014217,220737300,220755700,220513600,220518800,238,223700,242100,5200
29014218,220524200,220810700,220524200,220621000,290,0,286500,96800
29014219,220604900,220696200,220454800,220510500,265,150100,241400,55700
29014220,220516200,220640200,220354800,220639200,276,161400,285400,284400
29014221,220630000,220701500,220544500,220701000,273,85500,157000,156500
29014222,220698800,220817200,220647000,220795100,265,51800,170200,148100
29014223,220794900,220794900,220535500,220556300,238,259400,259400,20800
29014224,220555000,220565400,220404000,220513500,275,151000,161400,109500
29014225,220509400,220719700,220506800,220696800,240,2600,212900,190000
29014226,220688700,220718600,220634000,220703100,241,54700,84600,69100
29014227,220732100,221015700,220732100,220853900,241,0,283600,121800
29014228,220851800,221006700,220799200,220973600,258,52600,207500,174400
29014229,220969200,220969600,220684800,220920200,225,284400,284800,235400
29014230,220922200,221145200,220874600,221069800,262,47600,270600,195200
29014231,221070300,221222300,220897100,220979500,276,173200,325200,82400
29014232,220980000,221210500,220980000,221068800,248,0,230500,88800
29014233,221072000,221248300,221072000,221248300,218,0,176300,176300
29014234,221277100,221644600,221277100,221479200,230,0,367500,202100
29014235,221481300,221557700,221324200,221557700,248,157100,233500,233500
29014236,221567600,221570000,221204800,221301400,306,362800,365200,96600
29014237,221299400,221419700,221113000,221149400,263,186400,306700,36400
29014238,221145500,221258900,221116300,221237900,268,29200,142600,121600
29014239,221240200,221299000,221065700,221279800,243,174500,233300,214100
29014240,221278900,221390400,221164600,221276300,216,114300,225800,111700
29014241,221283700,221631100,221279600,221415900,250,4100,351500,136300
29014242,221415500,221662800,221415500,221632300,255,0,247300,216800
29014243,221632000,221710900,221551900,221685700,229,80100,159000,133800
29014244,221686200,221853700,221465000,221743000,229,221200,388700,278000
29014245,221738500,222042600,221696300,221992300,281,42200,346300,296000
29014246,222022200,222064400,221719600,221723000,274,302600,344800,3400
29014247,221719600,221834400,221625300,221625300,289,94300,209100,0
29014248,221610600,221712800,221430200,221575600,287,180400,282600,145400
29014249,221567200,221605800,221311400,221368700,251,255800,294400,57300
29014250,221366300,221400000,221091000,221211500,286,275300,309000,120500
29014251,221211900,221263700,221031600,221067000,249,180300,232100,35400
29014252,221069800,221245200,221045700,221208100,274,24100,199500,162400
29014253,221196800,221425400,221162100,221425400,246,34700,263300,263300
29014254,221440400,221440400,221219800,221330700,204,220600,220600,110900
29014255,221328600,221414600,221074700,221234200,283,253900,339900,159500
29014256,221245300,221516100,221222400,221389400,232,22900,293700,167000
29014257,221389400,221551900,221381100,221439200,214,8300,170800,58100
29014258,221441100,221441100,221314400,221331700,234,126700,126700,17300
29014259,221334800,221543100,221284400,221365900,197,50400,258700,81500
29014260,221368000,221519300,221213000,221314700,269,155000,306300,101700
29014261,221315300,221512100,221315300,221480400,284,0,196800,165100
29014262,221487400,221698700,221414600,221522200,292,72800,284100,107600
29014263,221484600,221559500,221439600,221480400,235,45000,119900,40800
29014264,221482300,221731600,221482300,221705300,250,0,249300,223000
29014265,221708300,221892700,221664500,221795600,219,43800,228200,131100
29014266,221791600,221959300,221683700,221764200,295,107900,275600,80500
29014267,221757000,221814600,221587700,221803700,256,169300,226900,216000
29014268,221803500,221829800,221672900,221674900,164,130600,156900,2000
29014269,221685800,222019700,221537700,221974200,234,148100,482000,436500
29014270,221968200,222062700,221808400,221957300,266,159800,254300,148900
29014271,221953300,222216500,221923500,222117400,221,29800,293000,193900
29014272,222122700,222496300,222122700,222279300,253,0,373600,156600
29014273,222275900,222277800,222066100,222067800,181,209800,211700,1700
29014274,222066100,222380300,221954300,222376900,249,111800,426000,422600
29014275,222377800,222631000,222337800,222631000,278,40000,293200,293200
29014276,222633900,222674100,222327100,222552100,279,306800,347000,225000
29014277,222552500,222552500,222229400,222229400,266,323100,323100,0
29014278,222229400,222232500,222118500,222133600,248,110900,114000,15100
29014279,222129200,222301700,221943700,222270100,228,185500,358000,326400
29014280,222266100,222293800,221971000,222090200,200,295100,322800,119200
29014281,222085300,222193500,222061700,222107100,229,23600,131800,45400
29014282,222106600,222244800,222027700,222156200,227,78900,217100,128500
29014283,222152200,222319100,222152200,222317100,185,0,166900,164900
29014284,222316600,222468300,222194400,222405700,185,122200,273900,211300
29014285,222407800,222419800,222104400,222280800,193,303400,315400,176400
29014286,222280300,222380800,222218900,222378300,170,61400,161900,159400
29014287,222366500,222622500,222350100,222595800,214,16400,272400,245700
29014288,222598800,222756100,222547700,222720800,287,51100,208400,173100
29014289,222718400,222766500,222534300,222536600,257,184100,232200,2300
29014290,222544500,223172100,222459800,223129500,267,84700,712300,669700
29014291,223129000,223186500,222889200,223098600,250,239800,297300,209400
29014292,223098900,223501700,223008300,223232300,308,90600,493400,224000
29014293,223233300,223346700,223095900,223095900,197,137400,250800,0
29014294,223086500,223186800,222834200,223085800,267,252300,352600,251600
29014295,223090600,223240300,222945400,223125100,303,145200,294900,179700
29014296,223096100,223096100,222655800,222741200,320,440300,440300,85400
29014297,222752100,222856500,222429300,222578700,298,322800,427200,149400
29014298,222580200,222666200,222363400,222401600,275,216800,302800,38200
29014299,222403000,222405000,222115700,222184300,280,287300,289300,68600
29014300,222181800,222330600,222142700,222321600,264,39100,187900,178900
29014301,222321100,222420900,222242300,222367800,250,78800,178600,125500
29014302,222367400,222464000,222151200,222435000,243,216200,312800,283800
29014303,222434500,222676300,222433400,222611500,217,1100,242900,178100
29014304,222612000,222675200,222433200,222498300,226,178800,242000,65100
29014305,222498300,222618500,222304400,222457000,254,193900,314100,152600
29014306,222457100,222465700,222248400,222349000,272,208700,217300,100600
29014307,222347000,222577800,222322600,222430000,271,24400,255200,107400
29014308,222427200,222631900,222416900,222631900,260,10300,215000,215000
29014309,222627000,222628500,222400800,222408900,280,226200,227700,8100
29014310,222404400,222437200,221983900,222163200,292,420500,453300,179300
29014311,222165300,222373400,222131000,222198700,264,34300,242400,67700
29014312,222197000,222479000,222197000,222311700,238,0,282000,114700
29014313,222305300,222403200,222228700,222326400,251,76600,174500,97700
29014314,222329200,222649100,222322500,222506800,228,6700,326600,184300
29014315,222515900,222535100,222364300,222439200,161,151600,170800,74900
29014316,222438700,222506000,222360200,222399600,206,78500,145800,39400
29014317,222400000,222610800,222311000,222509500,216,89000,299800,198500
29014318,222511200,222629300,222511200,222593600,197,0,118100,82400
29014319,222593900,222601000,222460500,222498100,158,133400,140500,37600
29014320,222497600,222663200,222380900,222434800,242,116700,282300,53900
29014321,222436900,222483100,222251000,222327300,247,185900,232100,76300
29014322,222327800,222384700,222184400,222258300,228,143400,200300,73900
29014323,222262500,222329800,222132600,222136600,224,129900,197200,4000
29014324,222135100,222350600,222135100,222259900,208,0,215500,124800
29014325,222266500,222482900,222266500,222439100,225,0,216400,172600
29014326,222429200,222488800,222267600,222433400,239,161600,221200,165800
29014327,222440000,222477500,222194400,222365000,251,245600,283100,170600
29014328,222358100,222396800,222128400,222188400,244,229700,268400,60000
29014329,222187900,222230700,222027000,222207400,252,160900,203700,180400
29014330,222211900,222374100,222132300,222372100,275,79600,241800,239800
29014331,222371600,222512900,222306500,222512900,250,65100,206400,206400
29014332,222510300,222592500,222413700,222490200,200,96600,178800,76500
29014333,222473000,222528200,222093200,222118400,260,379800,435000,25200
29014334,222125100,222137500,221907000,222038400,241,218100,230500,131400
29014335,222023600,222049400,221762200,221982000,258,261400,287200,219800
29014336,221984000,222234300,221732300,222227900,267,251700,502000,495600
29014337,222227000,222430000,222139000,222397300,276,88000,291000,258300
29014338,222401200,222532000,222401200,222501800,213,0,130800,100600
29014339,222502000,222545100,222345900,222545100,273,156100,199200,199200
29014340,222545600,222571500,222247700,222416700,242,297900,323800,169000
29014341,222397900,222553600,222397900,222513400,243,0,155700,115500
29014342,222514900,222592200,222360300,222562000,235,154600,231900,201700
29014343,222562400,222562500,222150900,222152800,216,411500,411600,1900
29014344,222150100,222150100,221944400,221964100,234,205700,205700,19700
29014345,221988100,222141100,221930100,221955000,246,58000,211000,24900
29014346,221952500,222138900,221950600,222132700,264,1900,188300,182100
29014347,222138900,222220000,222033700,222157300,189,105200,186300,123600
29014348,222158700,222222700,221960300,221978000,220,198400,262400,17700
29014349,221980600,222209600,221854400,222207600,194,126200,355200,353200
29014350,222204500,222264500,221950100,222159400,256,254400,314400,209300
29014351,222167800,222320600,222047700,222170800,267,120100,272900,123100
29014352,222173700,222187000,221867700,222082000,278,306000,319300,214300
29014353,222082400,222288000,222042400,222201400,253,40000,245600,159000
29014354,222197800,222298900,222074400,222237500,262,123400,224500,163100
29014355,222235500,222435100,222235500,222395800,254,0,199600,160300
29014356,222397900,222492800,222371000,222433700,234,26900,121800,62700
29014357,222435700,222496900,222290400,222421500,227,145300,206500,131100
29014358,222417500,222419000,222319800,222363600,216,97700,99200,43800
29014359,222367700,222444000,222215000,222384000,226,152700,229000,169000
29014360,222384500,222429900,222254400,222427800,202,130100,175500,173400
29014361,222427800,222448800,222290800,222372900,196,137000,158000,82100
29014362,222370800,222460100,222264700,222275800,173,106100,195400,11100
29014363,222279000,222420300,222264400,222389500,238,14600,155900,125100
29014364,222389900,222410900,222204400,222410500,190,185500,206500,206100
29014365,222412900,222593700,222305000,222459800,244,107900,288700,154800
29014366,222455100,222493800,222339900,222358700,183,115200,153900,18800
29014367,222358800,222517900,222270500,222502900,200,88300,247400,232400
29014368,222489600,222638700,222462800,222551500,229,26800,175900,88700
29014369,222544900,222544900,222318400,222447100,187,226500,226500,128700
29014370,222430700,222431100,222164400,222253300,204,266300,266700,88900
29014371,222248200,222403800,222248200,222403800,229,0,155600,155600
29014372,222401800,222499900,222311700,222499900,196,90100,188200,188200
29014373,222501400,222749300,222501400,222722000,205,0,247900,220600
29014374,222721900,222779500,222585100,222644400,216,136800,194400,59300
29014375,222643300,222678800,222394300,222514400,169,249000,284500,120100
29014376,222512400,222691900,222512400,222668500,171,0,179500,156100
29014377,222670500,222767300,222519800,222519800,179,150700,247500,0
29014378,222515600,222521300,222428100,222440000,220,87500,93200,11900
29014379,222439500,222683200,222351000,222683200,212,88500,332200,332200
29014380,222689200,222755100,222502400,222655700,265,186800,252700,153300
29014381,222660100,222685000,222409700,222493900,222,250400,275300,84200
29014382,222487900,222487900,222240200,222341100,218,247700,247700,100900
29014383,222342000,222437000,222281100,222428500,204,60900,155900,147400
29014384,222432400,222523300,222311000,222442100,211,121400,212300,131100
29014385,222443100,222501800,222347700,222405500,208,95400,154100,57800
29014386,222405100,222597500,222399400,222597400,190,5700,198100,198000
29014387,222598900,222739500,222504300,222543800,167,94600,235200,39500
29014388,222538200,222538200,222105000,222113700,216,433200,433200,8700
29014389,222112800,222331500,222044400,222329100,200,68400,287100,284700
29014390,222317900,222396800,222070400,222176300,226,247500,326400,105900
29014391,222175800,222357400,222139500,222227100,182,36300,217900,87600
29014392,222231100,222386000,221399100,221741300,243,832000,986900,342200
29014393,221743200,221809400,221534600,221697300,272,208600,274800,162700
29014394,221700600,221736100,221342400,221446000,295,358200,393700,103600
29014395,221454700,221654000,221452900,221591000,297,1800,201100,138100
29014396,221597800,221732400,221500800,221534200,242,97000,231600,33400
29014397,221532200,221581200,220954700,221234900,299,577500,626500,280200
29014398,221239000,221616100,221239000,221346900,294,0,377100,107900
29014399,221347000,221630500,221347000,221608900,278,0,283500,261900
29014400,221607600,221729100,221563500,221693800,246,44100,165600,130300
29014401,221658400,221658400,221215400,221395300,284,443000,443000,179900
29014402,221397300,221464600,221174600,221446900,264,222700,290000,272300
29014403,221452300,221588300,221368900,221522700,231,83400,219400,153800
29014404,221521900,221669300,221485000,221624900,163,36900,184300,139900
29014405,221594800,221908200,221581200,221712900,255,13600,327000,131700
29014406,221714900,221777100,221617400,221676100,243,97500,159700,58700
29014407,221688700,221852800,221686600,221832500,261,2100,166200,145900
29014408,221819800,221994700,221752700,221900400,232,67100,242000,147700
29014409,221891500,222035600,221840000,221844600,227,51500,195600,4600
29014410,221845000,221923500,221736100,221871100,276,108900,187400,135000
29014411,221846600,222012400,221741500,221771600,292,105100,270900,30100
29014412,221778100,221871800,221702700,221792000,306,75400,169100,89300
29014413,221785100,221980400,221729600,221888100,275,55500,250800,158500
29014414,221895500,222097600,221874500,222071100,256,21000,223100,196600
29014415,222073600,222252000,222073600,222232300,264,0,178400,158700
29014416,222233000,222305200,222130500,222136600,295,102500,174700,6100
29014417,222130700,222130700,221827700,221920600,242,303000,303000,92900
29014418,221916700,221955000,221824700,221937000,252,92000,130300,112300
29014419,221935500,222016400,221644500,221653800,217,291000,371900,9300
29014420,221655800,221712500,221573700,221643800,252,82100,138800,70100
29014421,221641800,221786200,221630300,221639400,250,11500,155900,9100
29014422,221641900,221667500,221427000,221587200,214,214900,240500,160200
29014423,221590700,221594400,221409800,221447500,167,180900,184600,37700
29014424,221455800,221691000,221397300,221686300,222,58500,293700,289000
29014425,221690400,221782500,221523100,221663900,251,167300,259400,140800
29014426,221692300,221882900,221692300,221753900,261,0,190600,61600
29014427,221754900,221921700,221561000,221819600,276,193900,360700,258600
29014428,221817000,221976700,221751400,221976000,255,65600,225300,224600
29014429,221976500,222025800,221775100,221865400,262,201400,250700,90300
29014430,221918600,221998500,221823000,221956500,286,95600,175500,133500
29014431,221963900,222248000,221963900,222228600,244,0,284100,264700
29014432,222228000,222493000,222204400,222403600,292,23600,288600,199200
29014433,222398600,222807600,222387300,222740100,267,11300,420300,352800
29014434,222738100,222738100,222464300,222709400,270,273800,273800,245100
29014435,222697800,222711400,222534300,222667600,264,163500,177100,133300
29014436,222661200,222766900,222549100,222613100,208,112100,217800,64000
29014437,222613600,223504900,222599900,223328000,308,13700,905000,728100
29014438,223329500,223343600,223010000,223019700,298,319500,333600,9700
29014439,223018200,223102500,222811600,223076000,272,206600,290900,264400
29014440,223101100,223128100,222758300,222835000,310,342800,369800,76700
29014441,222838500,222841800,222595100,222654600,304,243400,246700,59500
29014442,222647100,222875000,222594300,222693300,301,52800,280700,99000
29014443,222691700,222933700,222672400,222933700,296,19300,261300,261300
29014444,222929900,223198200,222929900,223165200,260,0,268300,235300
29014445,223165500,223292600,222845400,222948700,288,320100,447200,103300
29014446,222952100,223333300,222843300,223320300,278,108800,490000,477000
29014447,223315100,223687200,223303200,223636400,283,11900,384000,333200
29014448,223635800,223635800,223298100,223518000,299,337700,337700,219900
29014449,223512600,223551400,223284400,223386800,278,228200,267000,102400
29014450,223383800,223426300,222939400,223019200,273,444400,486900,79800
29014451,223011300,223024400,222934000,222940800,274,77300,90400,6800
29014452,222942700,222971000,222621100,222829400,236,321600,349900,208300
29014453,222830700,222980800,222804000,222816700,276,26700,176800,12700
29014454,222820500,222842800,222519400,222586700,260,301100,323400,67300
29014455,222588700,222639900,222132200,222620400,307,456500,507700,488200
29014456,222638900,222656500,222253900,222253900,285,385000,402600,0
29014457,222251900,222338600,222014900,222098800,294,237000,323700,83900
29014458,222098900,222226300,221965600,222129300,280,133300,260700,163700
29014459,222124400,222213400,221926200,221981300,294,198200,287200,55100
29014460,221976800,222030000,221767700,221890200,238,209100,262300,122500
29014461,221890700,222096100,221890700,222067200,176,0,205400,176500
29014462,222071400,222277400,222071400,222277400,169,0,206000,206000
29014463,222279600,222376100,222215900,222256400,199,63700,160200,40500
29014464,222237400,222243400,221979100,222034500,232,258300,264300,55400
29014465,222033200,222111200,221704500,221905300,228,328700,406700,200800
29014466,221914600,221939000,221828300,221828300,215,86300,110700,0
29014467,221828800,222009500,221804500,222002600,196,24300,205000,198100
29014468,222005900,222263400,221950200,222258000,252,55700,313200,307800
29014469,222260900,222299300,222132900,222132900,98,128000,166400,0
29014470,222135700,222229600,221921000,222003800,152,214700,308600,82800
29014471,222004300,222008900,221279300,221357300,254,725000,729600,78000
29014472,221354900,221830000,221354800,221716900,240,100,475200,362100
29014473,221721200,221934000,221620500,221650200,218,100700,313500,29700
29014474,221653200,221705000,221282000,221317600,221,371200,423000,35600
29014475,221317500,221647100,221317500,221612600,252,0,329600,295100
29014476,221612800,221746000,221612800,221746000,209,0,133200,133200
29014477,221748000,221784700,221348300,221509700,248,399700,436400,161400
29014478,221504800,221674900,221412100,221618700,266,92700,262800,206600
29014479,221617000,221649600,221428400,221649600,197,188600,221200,221200
29014480,221645500,221694600,221566600,221691700,114,78900,128000,125100
29014481,221693700,221834200,221691700,221834200,145,2000,142500,142500
29014482,221841200,222057500,221841200,222024900,184,0,216300,183700
29014483,222030800,222160600,221972800,222156900,149,58000,187800,184100
29014484,222157400,222166700,222036300,222092700,132,121100,130400,56400
29014485,222088800,222121700,221969000,222082300,123,119800,152700,113300
29014486,222078400,222094300,221903700,221933200,150,174700,190600,29500
29014487,221926400,221944100,221742400,221855300,158,184000,201700,112900
29014488,221857200,221859200,221753800,221840600,231,103400,105400,86800
29014489,221841100,221852800,221595600,221598100,254,245500,257200,2500
29014490,221598000,221766500,221442900,221614900,249,155100,323600,172000
29014491,221616900,221854100,221595500,221833700,149,21400,258600,238200
29014492,221833000,221835300,221669700,221775500,104,163300,165600,105800
29014493,221777500,221907800,221678400,221907800,181,99100,229400,229400
29014494,221895000,221989900,221745700,221979200,193,149300,244200,233500
29014495,221979700,222133600,221934400,222039500,179,45300,199200,105100
29014496,222039600,222293600,221970600,222050600,266,69000,323000,80000
29014497,222054300,222055500,221404600,221647000,250,649700,650900,242400
29014498,221649300,221797400,221629600,221638900,218,19700,167800,9300
29014499,221637200,221661200,221537000,221649300,150,100200,124200,112300
29014500,221650300,221888400,221650300,221735100,201,0,238100,84800
29014501,221737100,221800200,221561600,221643700,279,175500,238600,82100
29014502,221627200,221627200,221294500,221418400,306,332700,332700,123900
29014503,221419400,221479100,221221900,221275800,264,197500,257200,53900
29014504,221291700,221464600,221179400,221305300,300,112300,285200,125900
29014505,221300200,221300200,220502400,220607200,320,797800,797800,104800
29014506,220604400,220770600,220341400,220486300,314,263000,429200,144900
29014507,220483900,220629100,219905000,220066100,322,578900,724100,161100
29014508,220063900,220184600,219916100,220138500,289,147800,268500,222400
29014509,220139800,220210300,219734900,220086700,306,404900,475400,351800
29014510,220089500,220217400,219825000,220052000,273,264500,392400,227000
29014511,220051600,220430900,220051600,220430900,274,0,379300,379300
29014512,220427000,220497700,220124900,220214100,282,302100,372800,89200
29014513,220214600,220252700,220087000,220184700,264,127600,165700,97700
29014514,220182700,220191700,219945000,220175700,235,237700,246700,230700
29014515,220179900,220179900,219725000,219921200,268,454900,454900,196200
29014516,219908500,219922500,219617400,219869400,289,291100,305100,252000
29014517,219871400,219915100,219253800,219569300,299,617600,661300,315500
29014518,219563800,220306700,219504200,220303300,308,59600,802500,799100
29014519,220304700,220725300,220204900,220536800,271,99800,520400,331900
29014520,220524100,220686100,220434800,220606500,267,89300,251300,171700
29014521,220616700,220783300,220537800,220597700,256,78900,245500,59900
29014522,220603500,220902100,220603500,220858500,273,0,298600,255000
29014523,220843400,220924900,220648500,220748200,266,194900,276400,99700
29014524,220752300,220786700,220550000,220679100,250,202300,236700,129100
29014525,220680700,220756800,220554800,220679000,232,125900,202000,124200
29014526,220681900,220704300,220576400,220696100,227,105500,127900,119700
29014527,220694700,220895100,220494800,220895100,265,199900,400300,400300
29014528,220901000,221113000,220807300,220943900,226,93700,305700,136600
29014529,220939600,220968400,220794700,220812300,226,144900,173700,17600
29014530,220816900,220998100,220749600,220957400,283,67300,248500,207800
29014531,220948200,220961700,220658600,220878300,292,289600,303100,219700
29014532,220865900,220962900,220704400,220770000,273,161500,258500,65600
29014533,220759600,221027300,220750800,221027300,298,8800,276500,276500
29014534,221034700,221260900,220914700,221237000,290,120000,346200,322300
29014535,221235000,221235000,220894700,221024900,256,340300,340300,130200
29014536,221024000,221110300,220926000,221048300,282,98000,184300,122300
29014537,221048700,221186400,220904700,221034900,255,144000,281700,130200
29014538,221026900,221090900,220935900,221013500,236,91000,155000,77600
29014539,221011600,221103800,220914700,220951300,239,96900,189100,36600
29014540,220953200,221040300,220751000,220859300,244,202200,289300,108300
29014541,220860900,220874400,220713900,220729800,274,147000,160500,15900
29014542,220731900,220979700,220723400,220979700,260,8500,256300,256300
29014543,220984600,221108300,220890400,220985600,248,94200,217900,95200
29014544,220985100,221116900,220909500,220923000,256,75600,207400,13500
29014545,220935800,221019600,220824700,220982600,255,111100,194900,157900
29014546,220986300,221239900,220932500,221238900,258,53800,307400,306400
29014547,221238500,221252100,221051700,221151200,279,186800,200400,99500
29014548,221152600,221200500,221069000,221073000,260,83600,131500,4000
29014549,221067000,221254100,220914700,221230900,230,152300,339400,316200
29014550,221224900,221383100,221134700,221267400,231,90200,248400,132700
29014551,221265400,221438700,221263500,221329600,266,1900,175200,66100
29014552,221312700,221373500,221164600,221285800,273,148100,208900,121200
29014553,221281600,221514300,221265600,221413500,259,16000,248700,147900
29014554,221411600,221702400,221314600,221582600,253,97000,387800,268000
29014555,221590000,221837800,221567100,221729400,281,22900,270700,162300
29014556,221725500,221877200,221719300,221802300,249,6200,157900,83000
29014557,221801000,221989300,221763000,221887000,234,38000,226300,124000
29014558,221887900,221999800,221846300,221949900,216,41600,153500,103600
29014559,221941400,221941400,221774500,221882300,111,166900,166900,107800
29014560,221889600,221927400,221615800,221719400,181,273800,311600,103600
29014561,221720300,221772000,221448300,221547900,239,272000,323700,99600
29014562,221589000,221852700,221576200,221832300,253,12800,276500,256100
29014563,221825900,221876100,221538100,221561600,268,287800,338000,23500
29014564,221559600,221821300,221364600,221789700,253,195000,456700,425100
29014565,221793100,221889500,221484600,221578900,276,308500,404900,94300
29014566,221570100,221853300,221554500,221723800,260,15600,298800,169300
29014567,221712000,221803000,221584500,221699600,261,127500,218500,115100
29014568,221700700,222093400,221699600,222093400,260,1100,393800,393800
29014569,222108200,222202700,221947400,222018300,278,160800,255300,70900
29014570,221968900,222047000,221804400,221891400,271,164500,242600,87000
29014571,221920400,222012700,221904600,222006300,260,15800,108100,101700
29014572,222007800,222007800,221546200,221584800,289,461600,461600,38600
29014573,221595000,221711400,221366500,221395000,273,228500,344900,28500
29014574,221384600,221481900,221284600,221403000,269,100000,197300,118400
29014575,221396800,221551200,221180500,221426200,284,216300,370700,245700
29014576,221430400,221876200,221271200,221613500,305,159200,605000,342300
29014577,221603300,221791200,221425900,221691800,264,177400,365300,265900
29014578,221695500,221789000,221647100,221727100,240,48400,141900,80000
29014579,221723100,221797100,221564500,221715000,189,158600,232600,150500
29014580,221719000,221792400,221274600,221412900,233,444400,517800,138300
29014581,221411800,221411800,221162700,221227500,278,249100,249100,64800
29014582,221226600,221270100,220944700,221099200,288,281900,325400,154500
29014583,221095300,221209800,221035900,221039900,280,59400,173900,4000
29014584,221043100,221175900,220764700,220899800,299,278400,411200,135100
29014585,220900500,220935400,220580500,220878700,283,320000,354900,298200
29014586,220882000,220882600,220636500,220718000,268,245500,246100,81500
29014587,220722700,220826400,220474800,220826400,291,247900,351600,351600
29014588,220845100,221111200,220765500,221043100,304,79600,345700,277600
29014589,221036700,221294600,220924700,221172100,288,112000,369900,247400
29014590,221172700,221288600,221037100,221255400,274,135600,251500,218300
29014591,221255700,221620100,221255700,221567600,293,0,364400,311900
29014592,221568000,221811100,221547000,221779700,288,21000,264100,232700
29014593,221779200,222013500,221645900,221654300,284,133300,367600,8400
29014594,221652300,221817800,221536300,221537400,290,116000,281500,1100
29014595,221543300,221689800,221526400,221661200,291,16900,163400,134800
29014596,221659100,221776400,221646000,221668200,252,13100,130400,22200
29014597,221679900,222027400,221679900,222027400,292,0,347500,347500
29014598,222027000,222247100,221963700,222167900,291,63300,283400,204200
29014599,222164000,222500100,222119600,222251600,273,44400,380500,132000
29014600,222243700,222322200,222121500,222295700,269,122200,200700,174200
29014601,222286800,222657200,222176700,222529400,282,110100,480500,352700
29014602,222514600,222514600,221983400,222207100,300,531200,531200,223700
29014603,222209000,222223300,222087000,222100900,270,122000,136300,13900
29014604,222097500,222129700,221915000,222037700,254,182500,214700,122700
29014605,222030400,222299800,221964400,222088000,292,66000,335400,123600
29014606,222084000,222164800,221979700,222125100,296,104300,185100,145400
29014607,222121100,222313000,222003000,222210300,268,118100,310000,207300
29014608,222212200,222212200,221975500,222036600,266,236700,236700,61100
29014609,222029000,222178300,221844500,222175800,227,184500,333800,331300
29014610,222183600,222566100,222183600,222398800,308,0,382500,215200
29014611,222390800,222390800,222142300,222188900,280,248500,248500,46600
29014612,222182800,222266500,221840700,222088800,284,342100,425800,248100
29014613,222090700,222113800,221961200,222068000,266,129500,152600,106800
29014614,222067500,222067500,221839800,221855500,244,227700,227700,15700
29014615,221855000,221874100,221734800,221865700,257,120200,139300,130900
29014616,221872600,221872600,221700600,221766200,256,172000,172000,65600
29014617,221756100,221756100,221597300,221722300,264,158800,158800,125000
29014618,221722800,221736400,221639800,221644700,204,83000,96600,4900
29014619,221644200,221707400,221534400,221707400,161,109800,173000,173000
29014620,221707100,221811300,221627700,221765900,250,79400,183600,138200
29014621,221766200,221864100,221637300,221671200,299,128900,226800,33900
29014622,221675800,221966500,221669100,221845200,295,6700,297400,176100
29014623,221845600,222087200,221845600,221938000,285,0,241600,92400
29014624,221943900,222110400,221843000,221850900,246,100900,267400,7900
29014625,221852900,222054500,221843900,221909800,270,9000,210600,65900
29014626,221876800,221988000,221855800,221912800,218,21000,132200,57000
29014627,221913300,222091600,221802300,222048400,282,111000,289300,246100
29014628,222055300,222213100,222049900,222099500,236,5400,163200,49600
29014629,222089900,222461700,222052900,222430000,268,37000,408800,377100
29014630,222428900,222529400,222235100,222369600,284,193800,294300,134500
29014631,222379600,222404600,222248900,222305700,290,130700,155700,56800
29014632,222309400,222411600,222171700,222347000,236,137700,239900,175300
29014633,222347500,222382900,222154200,222279100,256,193300,228700,124900
29014634,222284400,222691400,222207400,222602700,279,77000,484000,395300
29014635,222600700,222696900,222509500,222582600,275,91200,187400,73100
29014636,222578700,222661800,222368100,222638500,288,210600,293700,270400
29014637,222645800,222713900,222328900,222543200,270,316900,385000,214300
29014638,222531600,222762000,222417100,222759400,300,114500,344900,342300
29014639,222754400,222801100,222608900,222665200,250,145500,192200,56300
29014640,222648500,222738800,222300400,222421300,300,348100,438400,120900
29014641,222415400,222415400,222190900,222318500,267,224500,224500,127600
29014642,222325000,222543200,222305700,222414600,295,19300,237500,108900
29014643,222414700,222603200,222411200,222428700,270,3500,192000,17500
29014644,222424700,222482300,222182100,222232000,256,242600,300200,49900
29014645,222230000,222343300,222157700,222249000,268,72300,185600,91300
29014646,222243500,222269200,222113300,222120600,240,130200,155900,7300
29014647,222121200,222336800,222094400,222269000,267,26800,242400,174600
29014648,222272100,222354100,222111300,222118500,244,160800,242800,7200
29014649,222119000,222123300,221944300,222029100,192,174700,179000,84800
29014650,222028500,222034600,221535700,221643400,218,492800,498900,107700
29014651,221645100,221660800,221264900,221325700,302,380200,395900,60800
29014652,221309500,221335600,221119000,221211500,300,190500,216600,92500
29014653,221221400,221392100,221071100,221380800,289,150300,321000,309700
29014654,221368100,221496000,221284600,221483300,279,83500,211400,198700
29014655,221477300,221694300,221387800,221558900,268,89500,306500,171100
29014656,221559800,221718000,221417100,221596400,295,142700,300900,179300
29014657,221594500,221632600,221474600,221511800,262,119900,158000,37200
29014658,221513800,221610300,221321900,221606300,246,191900,288400,284400
29014659,221606800,221757300,221603000,221707200,260,3800,154300,104200
29014660,221711100,222071200,221689300,221860000,280,21800,381900,170700
29014661,221868000,221887000,221701400,221749700,265,166600,185600,48300
29014662,221743800,221825400,221631600,221664100,179,112200,193800,32500
29014663,221660200,221800500,221660200,221706800,215,0,140300,46600
29014664,221713900,221746800,221544300,221577500,196,169600,202500,33200
29014665,221579500,221579500,221308000,221489500,288,271500,271500,181500
29014666,221487800,221487800,221282300,221469100,251,205500,205500,186800
29014667,221463200,221640000,221378600,221624100,305,84600,261400,245500
29014668,221632200,221721600,221549000,221677300,265,83200,172600,128300
29014669,221676900,221737100,221534400,221625800,175,142500,202700,91400
29014670,221623700,221928600,221622600,221806600,269,1100,306000,184000
29014671,221807700,221951500,221779800,221858000,236,27900,171700,78200
29014672,221857800,221932400,221721100,221876300,192,136700,211300,155200
29014673,221871400,222122900,221846400,222114600,238,25000,276500,268200
29014674,222120300,222298100,221927400,221927400,234,192900,370700,0
29014675,221924900,222016500,221811000,221967500,252,113900,205500,156500
29014676,221969900,222098800,221967400,221999900,292,2500,131400,32500
29014677,221999400,222227100,221999400,222113500,258,0,227700,114100
29014678,222102900,222255500,222083300,222210400,194,19600,172200,127100
29014679,222206500,222216500,222013000,222211700,192,193500,203500,198700
29014680,222207800,222305900,221754500,221892400,261,453300,551400,137900
29014681,221894400,222209900,221806200,221887600,314,88200,403700,81400
29014682,221875600,222294600,221875600,222294600,288,0,419000,419000
29014683,222282600,222781200,222282600,222740300,315,0,498600,457700
29014684,222743800,222958200,222634300,222846800,299,109500,323900,212500
29014685,222842800,222957800,222753100,222802700,300,89700,204700,49600
29014686,222813100,222905900,222610900,222676000,306,202200,295000,65100
29014687,222668200,222808800,222594300,222723200,297,73900,214500,128900
29014688,222728900,222797200,222533700,222797200,287,195200,263500,263500
29014689,222809800,222928300,222624300,222643700,262,185500,304000,19400
29014690,222643200,222689700,222244400,222364300,292,398800,445300,119900
29014691,222360800,222461700,222107300,222148400,295,253500,354400,41100
29014692,222150300,222268300,221993700,222261500,300,156600,274600,267800
29014693,222261000,222494900,222255100,222468500,292,5900,239800,213400
29014694,222462500,222466500,222204400,222388300,250,258100,262100,183900
29014695,222390200,222575200,222197700,222320300,256,192500,377500,122600
29014696,222318400,222336600,221858700,222131700,284,459700,477900,273000
29014697,222127700,222219900,221783500,221887000,302,344200,436400,103500
29014698,221889000,222144000,221844700,222027100,291,44300,299300,182400
29014699,222036800,222282800,222036800,222149100,273,0,246000,112300
29014700,222151900,222467900,222112700,222256100,305,39200,355200,143400
29014701,222243000,222332000,222113400,222235100,293,129600,218600,121700
29014702,222230200,222419800,221924500,222056000,282,305700,495300,131500
29014703,222062400,222083200,221866600,221950100,290,195800,216600,83500
29014704,221950600,221991700,221768700,221791300,272,181900,223000,22600
29014705,221774900,221803000,221381000,221521000,301,393900,422000,140000
29014706,221525400,221635600,221449100,221458100,280,76300,186500,9000
29014707,221460600,221712000,221442500,221626800,266,18100,269500,184300
29014708,221637200,221806200,221637200,221700100,273,0,169000,62900
29014709,221700500,221753400,221374800,221499100,285,325700,378600,124300
29014710,221491700,221491700,220889700,220903500,299,602000,602000,13800
29014711,220902500,220958000,220498400,220562100,314,404100,459600,63700
29014712,220583600,220706500,220174900,220409200,311,408700,531600,234300
29014713,220406300,220643400,220278300,220576300,309,128000,365100,298000
29014714,220574000,220754100,220464800,220596100,279,109200,289300,131300
29014715,220593300,220925200,220544400,220887400,306,48900,380800,343000
29014716,220892200,221096900,220714300,221066200,309,177900,382600,351900
29014717,221068200,221101800,220833700,221083800,306,234500,268100,250100
29014718,221083400,221091300,220624900,220865400,304,458500,466400,240500
29014719,220876700,220909100,220664800,220909100,274,211900,244300,244300
29014720,220907300,220999100,220734800,220897600,276,172500,264300,162800
29014721,220893600,220952000,220609800,220767000,272,283800,342200,157200
29014722,220750800,220794100,220514800,220767300,278,236000,279300,252500
29014723,220776800,221033900,220776800,221030800,275,0,257100,254000
29014724,221025900,221103600,220854700,220975100,222,171200,248900,120400
29014725,220957800,221142400,220784700,220961000,260,173100,357700,176300
29014726,220965900,221180100,220938600,221178200,262,27300,241500,239600
29014727,221179200,221331700,221054700,221193200,248,124500,277000,138500
29014728,221187300,221318500,221044200,221092000,274,143100,274300,47800
29014729,221085400,221094300,220774700,220933900,260,310700,319600,159200
29014730,220933400,220988600,220804700,220925500,241,128700,183900,120800
29014731,220926000,221125500,220923800,220949400,262,2200,201700,25600
29014732,220943400,221094000,220735500,220735500,266,207900,358500,0
29014733,220736000,220907100,220663500,220897300,286,72500,243600,233800
29014734,220890800,220943400,220744800,220880100,260,146000,198600,135300
29014735,220882100,221044500,220873000,221027600,232,9100,171500,154600
29014736,221025700,221061000,220837500,220881000,247,188200,223500,43500
29014737,220883400,220912900,220664800,220749100,271,218600,248100,84300
29014738,220753500,221084000,220753500,221020100,200,0,330500,266600
29014739,221019600,221192900,221018800,221131600,178,800,174100,112800
29014740,221133600,221406300,221133600,221376800,231,0,272700,243200
29014741,221367500,221474600,221146100,221426000,291,221400,328500,279900
29014742,221426900,221466100,221204600,221320000,228,222300,261500,115400
29014743,221321300,221535200,221312500,221414600,261,8800,222700,102100
29014744,221414100,221789900,221294600,221739400,253,119500,495300,444800
29014745,221738000,221991000,221675000,221991000,259,63000,316000,316000
29014746,221993400,222389000,221900800,222285400,294,92600,488200,384600
29014747,222328600,222701200,222312400,222649500,298,16200,388800,337100
29014748,222653400,222660600,222214200,222223400,297,439200,446400,9200
29014749,222224100,222270600,222017000,222270600,276,207100,253600,253600
29014750,222268600,222658700,222258300,222539400,304,10300,400400,281100
29014751,222536100,222536100,222315500,222390600,282,220600,220600,75100
29014752,222388100,222615900,222294700,222586800,258,93400,321200,292100
29014753,222593700,222805700,222547000,222551700,237,46700,258700,4700
29014754,222553700,222624000,222438800,222533700,249,114900,185200,94900
29014755,222535700,222781400,222535700,222658400,266,0,245700,122700
29014756,222658900,222659900,222288800,222432500,278,370100,371100,143700
29014757,222456300,222462100,222144400,222272600,296,311900,317700,128200
29014758,222273600,222273600,222089800,222156200,265,183800,183800,66400
29014759,222156600,222300000,221964300,222264600,242,192300,335700,300300
29014760,222268500,222299200,221914400,222031100,243,354100,384800,116700
29014761,222028600,222030300,221823700,221889600,249,204900,206600,65900
29014762,221880700,221990000,221766400,221953100,231,114300,223600,186700
29014763,221951100,221970900,221706400,221737500,261,244700,264500,31100
29014764,221745600,221772500,221614500,221714700,240,131100,158000,100200
29014765,221715500,221804500,221654500,221796700,206,61000,150000,142200
29014766,221804900,221995300,221800100,221995300,215,4800,195200,195200
29014767,222002100,222116500,221922100,222025300,196,80000,194400,103200
29014768,222028200,222165100,221985400,222116300,266,42800,179700,130900
29014769,222115900,222142000,221934500,222116600,206,181400,207500,182100
29014770,222119000,222418100,222054400,222210600,232,64600,363700,156200
29014771,222215500,222230900,222125000,222217100,257,90500,105900,92100
29014772,222219100,222261900,221985300,222017900,276,233800,276600,32600
29014773,222015500,222074100,221955800,221983300,254,59700,118300,27500
29014774,221969500,221991100,221821000,221844700,206,148500,170100,23700
29014775,221846700,221884900,221704500,221861600,231,142200,180400,157100
29014776,221853000,221999000,221824000,221848100,286,29000,175000,24100
29014777,221847600,221949400,221691000,221915000,250,156600,258400,224000
29014778,221917900,222293000,221917900,222216400,258,0,375100,298500
29014779,222215200,222327300,222004400,222212600,216,210800,322900,208200
29014780,222214600,222439000,222214600,222438100,228,0,224400,223500
29014781,222435700,222715600,222395300,222711100,260,40400,320300,315800
29014782,222698200,222738800,222540400,222729600,196,157800,198400,189200
29014783,222730500,222835000,222533700,222620800,270,196800,301300,87100
29014784,222616400,222658800,222505100,222621100,240,111300,153700,116000
29014785,222619800,222737600,222555400,222724700,226,64400,182200,169300
29014786,222726700,222852300,222606200,222618100,229,120500,246100,11900
29014787,222629500,222774400,222518300,222773500,253,111200,256100,255200
29014788,222772000,222841800,222653600,222779000,260,118400,188200,125400
29014789,222779500,223167500,222779500,222961500,264,0,388000,182000
29014790,222955600,222959100,222564300,222715700,282,391300,394800,151400
29014791,222716200,222823600,222552900,222552900,282,163300,270700,0
29014792,222553400,222559400,222479000,222513700,232,74400,80400,34700
29014793,222516600,222553900,222402900,222509200,261,113700,151000,106300
29014794,222513600,222595900,222382100,222497000,267,131500,213800,114900
29014795,222498400,222505200,222282400,222365600,241,216000,222800,83200
29014796,222359700,222551900,222281100,222522800,218,78600,270800,241700
29014797,222528800,222565200,222387700,222387700,169,141100,177500,0
29014798,222396100,222396100,222151100,222151700,252,245000,245000,600
29014799,222150400,222213600,222014400,222174000,212,136000,199200,159600
29014800,222175700,222252100,222065700,222172900,182,110000,186400,107200
29014801,222172000,222504000,222172000,222487400,244,0,332000,315400
29014802,222482700,222513900,222315500,222364800,223,167200,198400,49300
29014803,222404700,222645000,222376500,222632200,256,28200,268500,255700
29014804,222625900,222671800,222474300,222596300,254,151600,197500,122000
29014805,222595900,222660900,222499100,222615100,250,96800,161800,116000
29014806,222617900,222744200,222617900,222675800,246,0,126300,57900
29014807,222662200,222802200,222501300,222517700,246,160900,300900,16400
29014808,222517300,222518700,222395000,222437200,182,122300,123700,42200
29014809,222435500,222480200,222315000,222463400,211,120500,165200,148400
29014810,222465400,222616700,222454300,222616700,212,11100,162400,162400
29014811,222618700,222946300,222618700,222682800,234,0,327600,64100
29014812,222684800,222824100,222634300,222679200,260,50500,189800,44900
29014813,222678700,222760800,222497100,222654500,292,181600,263700,157400
29014814,222655000,222718200,222520400,222710100,196,134600,197800,189700
29014815,222711000,222729400,222567700,222642800,263,143300,161700,75100
29014816,222642400,222683700,222350000,222404300,230,292400,333700,54300
29014817,222404400,222500400,222244400,222401300,232,160000,256000,156900
29014818,222402200,222497500,222380800,222478700,195,21400,116700,97900
29014819,222480400,222482400,222304400,222364900,229,176000,178000,60500
29014820,222359000,222521800,222293500,222435600,237,65500,228300,142100
29014821,222438100,222438100,222150800,222150800,240,287300,287300,0
29014822,222146800,222259100,222067100,222096900,301,79700,192000,29800
29014823,222100300,222266200,222064800,222266200,260,35500,201400,201400
29014824,222270800,222392600,222224400,222361200,231,46400,168200,136800
29014825,222361100,222708100,222337600,222708100,226,23500,370500,370500
29014826,222708500,223233300,222708500,223198400,236,0,524800,489900
29014827,223186800,223501000,223173200,223329000,290,13600,327800,155800
29014828,223330100,223487400,223290900,223349900,270,39200,196500,59000
29014829,223343700,223601000,223284100,223506900,248,59600,316900,222800
29014830,223510900,223700400,223392500,223675900,266,118400,307900,283400
29014831,223673900,223698100,223255900,223259800,251,418000,442200,3900
29014832,223261200,223302600,222984000,223078000,278,277200,318600,94000
29014833,223072600,223155600,222978300,223065400,278,94300,177300,87100
29014834,223065000,223116500,222853700,222957700,240,211300,262800,104000
29014835,222958700,223100000,222774800,222891700,260,183900,325200,116900
29014836,222888300,222894400,222788400,222794000,251,99900,106000,5600
29014837,222786200,222786200,222499100,222700500,273,287100,287100,201400
29014838,222702000,222881800,222697000,222751500,236,5000,184800,54500
29014839,222755200,222991700,222755200,222798900,244,0,236500,43700
29014840,222798500,223321200,222776900,223286000,266,21600,544300,509100
29014841,223275400,223275400,223129600,223131400,236,145800,145800,1800
29014842,223130900,223189800,222907100,223065000,196,223800,282700,157900
29014843,223066300,223131800,223024600,223052400,202,41700,107200,27800
29014844,223050500,223084800,222929200,222994000,205,121300,155600,64800
29014845,222999000,223094800,222926500,223056200,246,72500,168300,129700
29014846,223051500,223196800,223011400,223165900,244,40100,185400,154500
29014847,223165400,223167900,222788300,223003100,230,377100,379600,214800
29014848,223001500,223013200,222798100,222884200,184,203400,215100,86100
29014849,222874000,222878600,222669100,222788100,236,204900,209500,119000
29014850,222787700,222913700,222694300,222814300,232,93400,219400,120000
29014851,222815200,223085300,222814700,222869000,247,500,270600,54300
29014852,222867000,223042400,222862800,222939100,258,4200,179600,76300
29014853,222937100,222981300,222825500,222896000,220,111600,155800,70500
29014854,222886900,222920700,222748800,222900900,183,138100,171900,152100
29014855,222898900,223050600,222834200,222968400,184,64700,216400,134200
29014856,222968500,222968500,222850700,222850700,172,117800,117800,0
29014857,222809500,222809500,222554900,222622600,209,254600,254600,67700
29014858,222624600,222735500,222624600,222718700,162,0,110900,94100
29014859,222719600,222952200,222719600,222884000,214,0,232600,164400
29014860,222880000,223000600,222638900,222775400,233,241100,361700,136500
29014861,222761600,222795900,222620400,222772900,245,141200,175500,152500
29014862,222770900,222802700,222576500,222678100,220,194400,226200,101600
29014863,222677200,222867800,222677200,222850700,222,0,190600,173500
29014864,222841200,222854200,222664300,222794600,232,176900,189900,130300
29014865,222790800,223024300,222763800,223022900,248,27000,260500,259100
29014866,223022400,223028900,222801800,222911600,150,220600,227100,109800
29014867,222912500,222968600,222641100,222771100,222,271400,327500,130000
29014868,222768200,222837100,222722900,222784900,206,45300,114200,62000
29014869,222782900,222849700,222737700,222824300,214,45200,112000,86600
29014870,222822300,222846900,222581700,222703400,128,240600,265200,121700
29014871,222703000,222759500,222683300,222700800,171,19700,76200,17500
29014872,222702200,222809300,222694400,222729000,198,7800,114900,34600
29014873,222730100,222867600,222730100,222867600,198,0,137500,137500
29014874,222886900,223006000,222753800,222993800,199,133100,252200,240000
29014875,222993900,223139300,222960500,223133400,229,33400,178800,172900
29014876,223136400,223136400,222890400,222890900,194,246000,246000,500
29014877,222888700,222972500,222838800,222934700,230,49900,133700,95900
29014878,222939600,223017100,222865600,222963700,208,74000,151500,98100
29014879,222972500,223016500,222811400,222841700,226,161100,205100,30300
29014880,222838800,222843600,222424300,222560300,224,414500,419300,136000
29014881,222558300,222844900,222558300,222645900,201,0,286600,87600
29014882,222643800,222731100,222559400,222705100,182,84400,171700,145700
29014883,222696700,222861700,222622000,222792300,216,74700,239700,170300
29014884,222790900,222915300,222668200,222906300,237,122700,247100,238100
29014885,222891200,223050200,222862400,222985300,238,28800,187800,122900
29014886,222981900,222985300,222779700,222872700,219,202200,205600,93000
29014887,222870100,223050600,222824200,222888500,164,45900,226400,64300
29014888,222880800,223039400,222880800,223021400,208,0,158600,140600
29014889,223023400,223036800,222897700,223028200,124,125700,139100,130500
29014890,223028600,223242000,223026700,223242000,134,1900,215300,215300
29014891,223259100,223490600,223259100,223345200,286,0,231500,86100
29014892,223347200,223347200,223085100,223188600,226,262100,262100,103500
29014893,223184600,223285300,223112000,223250700,214,72600,173300,138700
29014894,223252700,223528400,223204100,223524100,272,48600,324300,320000
29014895,223525800,223606500,223244100,223385600,237,281700,362400,141500
29014896,223381600,223406700,223139000,223199600,255,242600,267700,60600
29014897,223195700,223278900,222834200,223029600,247,361500,444700,195400
29014898,223030100,223312100,223029600,223312100,183,500,282500,282500
29014899,223327300,223392700,223065800,223065800,208,261500,326900,0
29014900,223076400,223239000,223067100,223197000,205,9300,171900,129900
29014901,223199000,223289800,222938100,222987400,264,260900,351700,49300
29014902,222988300,223006300,222811000,222996100,238,177300,195300,185100
29014903,222996700,223102100,222929000,223093700,238,67700,173100,164700
29014904,223095700,223095700,222873100,223073400,220,222600,222600,200300
29014905,223076300,223219000,223007100,223113400,264,69200,211900,106300
29014906,223125800,223197300,222952700,222978300,256,173100,244600,25600
29014907,222981100,223056000,222794200,222915400,256,186900,261800,121200
29014908,222918400,222998400,222823200,222861100,254,95200,175200,37900
29014909,222857600,222975700,222824200,222899600,158,33400,151500,75400
29014910,222904500,223091800,222904500,223060500,208,0,187300,156000
29014911,223063400,223114200,223051700,223096700,194,11700,62500,45000
29014912,223106600,223132500,222944200,223028300,215,162400,188300,84100
29014913,223023200,223023200,222937100,222999500,168,86100,86100,62400
29014914,223000000,223002800,222843700,222974600,124,156300,159100,130900
29014915,222976200,223129600,222942300,223129600,210,33900,187300,187300
29014916,223133500,223250500,223127600,223247700,130,5900,122900,120100
29014917,223249700,223249700,223094200,223187800,199,155500,155500,93600
29014918,223189800,223213300,223047400,223167200,207,142400,165900,119800
29014919,223168100,223200700,223077600,223111100,166,90500,123100,33500
29014920,223111600,223343900,223111600,223255300,187,0,232300,143700
29014921,223255700,223314400,223137400,223215100,256,118300,177000,77700
29014922,223217200,223270600,223071200,223253300,244,146000,199400,182100
29014923,223257900,223472600,223257900,223428300,238,0,214700,170400
29014924,223430300,223442100,223186700,223187200,249,243600,255400,500
29014925,223188000,223303500,222914200,223030900,254,273800,389300,116700
29014926,223028500,223146700,223016000,223039600,230,12500,130700,23600
29014927,223032100,223032100,222768300,222877300,198,263800,263800,109000
29014928,222875200,222916200,222781000,222916200,232,94200,135200,135200
29014929,222945300,223188400,222945300,223081100,110,0,243100,135800
29014930,223063100,223158400,222693700,222812900,232,369400,464700,119200
29014931,222808600,222903000,222771000,222851300,257,37600,132000,80300
29014932,222853200,222880500,222669100,222698100,238,184100,211400,29000
29014933,222702000,222785200,222668700,222681200,238,33300,116500,12500
29014934,222691600,222720600,222507500,222530000,246,184100,213100,22500
29014935,222530500,222755800,222472900,222552100,207,57600,282900,79200
29014936,222555300,222600800,222294900,222494900,273,260400,305900,200000
29014937,222492700,222492700,221968900,222158700,288,523800,523800,189800
29014938,222158300,222193200,221979300,222104600,274,179000,213900,125300
29014939,222101900,222325200,222059600,222226800,287,42300,265600,167200
29014940,222228700,222422400,222154500,222422400,292,74200,267900,267900
29014941,222422500,222470900,222262900,222335700,284,159600,208000,72800
29014942,222333300,222572600,222323000,222569000,241,10300,249600,246000
29014943,222575000,222741200,222540400,222721500,259,34600,200800,181100
29014944,222722000,222786500,222614300,222753200,239,107700,172200,138900
29014945,222758500,222765600,222701100,222736000,198,57400,64500,34900
29014946,222735900,222934000,222714000,222714600,261,21900,220000,600
29014947,222712700,222735900,222571700,222724100,236,141000,164200,152400
29014948,222724800,222931900,222722800,222921100,221,2000,209100,198300
29014949,222923600,223282400,222767000,223239000,262,156600,515400,472000
29014950,223241900,223416300,223104900,223248000,289,137000,311400,143100
29014951,223249300,223249300,223095500,223171700,286,153800,153800,76200
29014952,223158100,223158100,222931500,222965300,270,226600,226600,33800
29014953,222959400,222997500,222860900,222948800,278,98500,136600,87900
29014954,222943900,223071800,222843800,223071800,224,100100,228000,228000
29014955,223074700,223155800,223011100,223149800,216,63600,144700,138700
29014956,223136700,223529100,223129900,223382700,246,6800,399200,252800
29014957,223385600,223435200,223137900,223298300,252,247700,297300,160400
29014958,223297400,223331200,223045900,223054900,241,251500,285300,9000
29014959,223057600,223089300,222894200,222962200,274,163400,195100,68000
29014960,222964200,223015000,222746400,222870600,218,217800,268600,124200
29014961,222878500,222908900,222732700,222866900,217,145800,176200,134200
29014962,222859800,222930100,222721400,222917500,244,138400,208700,196100
29014963,222920600,223066700,222915000,222967300,238,5600,151700,52300
29014964,222969000,223078200,222844400,223074300,200,124600,233800,229900
29014965,223074400,223148400,223023100,223147000,180,51300,125300,123900
29014966,223145400,223402400,223140400,223373000,211,5000,262000,232600
29014967,223366700,223480200,223277500,223292300,246,89200,202700,14800
29014968,223290800,223310000,223134900,223223600,267,155900,175100,88700
29014969,223220700,223457200,223173000,223269600,302,47700,284200,96600
29014970,223270200,223322500,222822700,223022000,301,447500,499800,199300
29014971,223021600,223025400,222834000,222867800,280,187600,191400,33800
29014972,222869500,222904700,222609100,222670200,223,260400,295600,61100
29014973,222672200,222709100,222517800,222538300,294,154400,191300,20500
29014974,222537800,222591300,222441100,222580700,274,96700,150200,139600
29014975,222581200,222586900,222373000,222560600,279,208200,213900,187600
29014976,222580900,222734800,222476800,222532200,265,104100,258000,55400
29014977,222533200,222656200,222477400,222520500,269,55800,178800,43100
29014978,222520000,222604000,222482000,222590100,181,38000,122000,108100
29014979,222583200,222583200,222359200,222456800,156,224000,224000,97600
29014980,222458700,222649800,222456600,222643700,264,2100,193200,187100
29014981,222633000,222822000,222587600,222779300,285,45400,234400,191700
29014982,222779600,222854500,222465000,222465000,247,314600,389500,0
29014983,222458400,222458400,222196900,222276000,280,261500,261500,79100
29014984,222277100,222324200,222104400,222261900,246,172700,219800,157500
29014985,222261900,222406900,222240400,222325000,231,21500,166500,84600
29014986,222322600,222325700,222043800,222049600,248,278800,281900,5800
29014987,222050100,222334500,222032700,222317300,280,17400,301800,284600
29014988,222319300,222472100,222301000,222372800,233,18300,171100,71800
29014989,222374800,222474500,222333000,222453900,194,41800,141500,120900
29014990,222459900,222481700,222225200,222403700,244,234700,256500,178500
29014991,222407600,222407600,222226400,222309300,227,181200,181200,82900
29014992,222291000,222342000,222175700,222303600,212,115300,166300,127900
29014993,222305900,222397900,222232500,222397900,255,73400,165400,165400
29014994,222403200,222550100,222264400,222550100,182,138800,285700,285700
29014995,222569500,222664300,222404300,222525800,226,165200,260000,121500
29014996,222527800,222527900,222382200,222400400,241,145600,145700,18200
29014997,222404400,222522500,222293300,222484900,242,111100,229200,191600
29014998,222492200,222502000,222408900,222434000,203,83300,93100,25100
29014999,222434900,222444300,222315700,222330600,184,119200,128600,14900
29015000,222332500,222346600,222124500,222230600,214,208000,222100,106100
29015001,222221100,222348000,222221100,222348000,231,0,126900,126900
29015002,222352700,222462300,222333700,222375300,205,19000,128600,41600
29015003,222376900,222405100,222288100,222371700,222,88800,117000,83600
29015004,222367900,222397700,222253700,222286400,159,114200,144000,32700
29015005,222278900,222405200,222236200,222353800,228,42700,169000,117600
29015006,222355300,222496300,222355200,222452600,178,100,141100,97400
29015007,222445700,222445700,222260400,222394100,189,185300,185300,133700
29015008,222394700,222466800,222394700,222414000,179,0,72100,19300
29015009,222420900,222530700,222353700,222508500,116,67200,177000,154800
29015010,222506200,222594800,222439100,222589800,147,67100,155700,150700
29015011,222589900,222728500,222524700,222723300,229,65200,203800,198600
29015012,222718900,222718900,222567800,222697900,238,151100,151100,130100
29015013,222686900,222723700,222618600,222618600,196,68300,105100,0
29015014,222623900,222746400,222587200,222678700,202,36700,159200,91500
29015015,222667100,222707200,222482700,222594200,192,184400,224500,111500
29015016,222585800,222585800,222443800,222522600,190,142000,142000,78800
29015017,222508400,222518600,222299400,222488000,217,209000,219200,188600
29015018,222492600,222555700,222394300,222398600,156,98300,161400,4300
29015019,222402200,222460500,222233700,222460500,203,168500,226800,226800
29015020,222462500,222533000,222361000,222487500,165,101500,172000,126500
29015021,222488000,222597000,222488000,222578400,130,0,109000,90400
29015022,222579600,222639300,222473700,222630800,138,105900,165600,157100
29015023,222629100,222679300,222625400,222638000,161,3700,53900,12600
29015024,222612200,222612200,222402300,222552800,173,209900,209900,150500
29015025,222551900,222567800,222367000,222485600,153,184900,200800,118600
29015026,222485500,222576800,222445600,222549400,157,39900,131200,103800
29015027,222550300,222719700,222434300,222709600,182,116000,285400,275300
29015028,222711600,222760300,222528700,222580700,222,182900,231600,52000
29015029,222581700,222624400,222438600,222438600,155,143100,185800,0
29015030,222440300,222469800,222307000,222307000,157,133300,162800,0
29015031,222429600,222528700,222393800,222418500,177,35800,134900,24700
29015032,222421000,222421000,222188400,222258000,224,232600,232600,69600
29015033,222252000,222422300,222249600,222422300,197,2400,172700,172700
29015034,222421900,222605200,222294400,222442500,209,127500,310800,148100
29015035,222440800,222463000,222329700,222463000,152,111100,133300,133300
29015036,222469900,222627100,222358000,222365000,209,111900,269100,7000
29015037,222361000,222379200,222211100,222320100,173,149900,168100,109000
29015038,222312200,222381800,222299800,222349000,147,12400,82000,49200
29015039,222350900,222425000,222226400,222316500,163,124500,198600,90100
29015040,222310600,222383900,222257100,222378500,107,53500,126800,121400
29015041,222379000,222444500,222084100,222202000,228,294900,360400,117900
29015042,222161800,222350200,222066100,222326800,272,95700,284100,260700
29015043,222327300,222478900,222327300,222340300,214,0,151600,13000
29015044,222339700,222435300,222224400,222343200,174,115300,210900,118800
29015045,222357600,222442600,222186400,222309400,194,171200,256200,123000
29015046,222306900,222353800,222104400,222107400,248,202500,249400,3000
29015047,222108800,222122100,221672500,221911600,298,436300,449600,239100
29015048,221909700,221926200,221770200,221778100,270,139500,156000,7900
29015049,221777600,221781700,221240600,221621800,279,537000,541100,381200
29015050,221622300,221685800,221440400,221588200,292,181900,245400,147800
29015051,221590200,221727900,221428100,221447700,276,162100,299800,19600
29015052,221456300,221578100,221378900,221529800,266,77400,199200,150900
29015053,221530300,221564600,221253400,221330200,298,276900,311200,76800
29015054,221339800,221505400,221208300,221352900,270,131500,297100,144600
29015055,221352400,221506300,221328300,221506300,251,24100,178000,178000
29015056,221513100,221629600,221501100,221578400,262,12000,128500,77300
29015057,221586200,221693700,221463700,221597100,187,122500,230000,133400
29015058,221588600,221725300,221537700,221718600,213,50900,187600,180900
29015059,221721600,221723600,221567700,221689000,238,153900,155900,121300
29015060,221689100,221733500,221564900,221719300,206,124200,168600,154400
29015061,221718800,221743900,221637100,221715100,177,81700,106800,78000
29015062,221711600,221770400,221570300,221770200,168,141300,200100,199900
29015063,221772200,221859900,221762700,221859900,191,9500,97200,97200
29015064,221860800,221895800,221731100,221854200,174,129700,164700,123100
29015065,221858200,221886600,221657700,221813800,236,200500,228900,156100
29015066,221814200,221874600,221804000,221848100,199,10200,70600,44100
29015067,221841700,221906500,221611700,221708300,208,230000,294800,96600
29015068,221720000,221846700,221626100,221837200,194,93900,220600,211100
29015069,221839700,221844700,221403600,221433500,236,436100,441100,29900
29015070,221440900,221518400,221157000,221266000,258,283900,361400,109000
29015071,221265300,221399600,221263300,221399600,179,2000,136300,136300
29015072,221401600,221404200,221127000,221266400,246,274600,277200,139400
29015073,221264400,221280300,221070900,221254100,252,193500,209400,183200
29015074,221259800,221311600,221155700,221308000,210,104100,155900,152300
29015075,221307500,221323300,220978900,221141100,235,328600,344400,162200
29015076,221147000,221234000,221124200,221176200,217,22800,109800,52000
29015077,221187400,221404700,221159800,221230100,210,27600,244900,70300
29015078,221232100,221232100,221131700,221222200,199,100400,100400,90500
29015079,221212800,221335000,221145700,221270600,182,67100,189300,124900
29015080,221274000,221344800,221131000,221249100,193,143000,213800,118100
29015081,221241200,221241200,221165000,221184400,221,76200,76200,19400
29015082,221180100,221188500,221030400,221158600,166,149700,158100,128200
29015083,221158100,221158100,221075200,221093800,154,82900,82900,18600
29015084,221095800,221371600,221009100,221367500,175,86700,362500,358400
29015085,221363500,221448500,221300600,221447300,237,62900,147900,146700
29015086,221442600,221488400,221321200,221357600,191,121400,167200,36400
29015087,221359600,221469500,221253700,221410800,217,105900,215800,157100
29015088,221409400,221472400,221377000,221472400,227,32400,95400,95400
29015089,221470500,221633800,221435700,221626600,218,34800,198100,190900
29015090,221628600,221665500,221532300,221661500,185,96300,133200,129200
29015091,221667400,221746500,221628200,221744900,175,39200,118300,116700
29015092,221740900,221744900,221423700,221535400,164,317200,321200,111700
29015093,221537000,221617400,221531600,221607400,212,5400,85800,75800
29015094,221609500,221713400,221440400,221704700,226,169100,273000,264300
29015095,221700200,221748700,221539000,221632400,167,161200,209700,93400
29015096,221633700,221712000,221470400,221470400,198,163300,241600,0
29015097,221476300,221518300,221297700,221376700,203,178600,220600,79000
29015098,221386200,221538600,221386200,221534600,156,0,152400,148400
29015099,221537200,221558900,221245400,221443700,216,291800,313500,198300
29015100,221442800,221555100,221366200,221555100,167,76600,188900,188900
29015101,221557000,221752800,221557000,221727200,182,0,195800,170200
29015102,221721300,221722800,221452600,221631300,234,268700,270200,178700
29015103,221633300,221658000,221489200,221491100,162,144100,168800,1900
29015104,221500000,221623300,221462400,221573900,161,37600,160900,111500
29015105,221573500,221759100,221540200,221752000,160,33300,218900,211800
29015106,221753100,221847700,221701300,221826200,209,51800,146400,124900
29015107,221826200,221868200,221795400,221811500,152,30800,72800,16100
29015108,221817400,221924600,221803600,221871600,194,13800,121000,68000
29015109,221876500,221915000,221770900,221800400,190,105600,144100,29500
29015110,221800900,221970900,221800900,221965000,218,0,170000,164100
29015111,221970900,222074100,221965000,222018200,202,5900,109100,53200
29015112,222023200,222033800,221862400,221997800,150,160800,171400,135400
29015113,221998400,222070900,221898200,222066500,148,100200,172700,168300
29015114,222066000,222203900,222066000,222082300,203,0,137900,16300
29015115,222081800,222393000,222081800,222370500,213,0,311200,288700
29015116,222372200,222426900,222269500,222394400,214,102700,157400,124900
29015117,222401300,222417200,222234400,222345400,232,166900,182800,111000
29015118,222347300,222353300,222196400,222196400,234,150900,156900,0
29015119,222188200,222188200,221988500,222009800,258,199700,199700,21300
29015120,222008800,222072100,221852400,221977300,164,156400,219700,124900
29015121,221958700,221975500,221825700,221870400,231,133000,149800,44700
29015122,221881200,222006500,221757100,221865200,224,124100,249400,108100
29015123,221866100,222030800,221866100,221974800,152,0,164700,108700
29015124,221976800,222024500,221870400,221928800,128,106400,154100,58400
29015125,221930400,222057700,221928300,222057700,157,2100,129400,129400
29015126,222065900,222270000,222065900,222245000,190,0,204100,179100
29015127,222247100,222314300,222145700,222295400,181,101400,168600,149700
29015128,222291500,222424000,222288900,222315800,167,2600,135100,26900
29015129,222316600,222754300,222181100,222644200,233,135500,573200,463100
29015130,222643700,223221700,222642000,223016600,276,1700,579700,374600
29015131,223014000,224501200,223008100,224467500,281,5900,1493100,1459400
29015132,224398800,224792800,224061800,224531900,322,337000,731000,470100
29015133,224534000,225388400,224466600,225226800,318,67400,921800,760200
29015134,225235100,225566300,225070000,225301100,326,165100,496300,231100
29015135,225282200,225392200,224839800,224981300,322,442400,552400,141500
29015136,224945500,224967900,224702700,224702700,302,242800,265200,0
29015137,224706300,224843500,224611400,224842600,298,94900,232100,231200
29015138,224841800,224841800,224551400,224563400,306,290400,290400,12000
29015139,224569800,224757400,224462000,224547700,304,107800,295400,85700
29015140,224549700,225088600,224549700,224889500,290,0,538900,339800
29015141,224886500,225084200,224668100,225020800,290,218400,416100,352700
29015142,225021300,225316000,224939300,225007400,292,82000,376700,68100
29015143,225002600,225215800,224998700,225093800,252,3900,217100,95100
29015144,225085900,225461100,224915000,225388900,267,170900,546100,473900
29015145,225387900,225478100,225077000,225205800,293,310900,401100,128800
29015146,225210300,225302500,224961200,224988300,278,249100,341300,27100
29015147,224969200,224969200,224711100,224905500,258,258100,258100,194400
29015148,224903000,224939300,224579300,224616400,265,323700,360000,37100
29015149,224617900,224763400,224577900,224593900,283,40000,185500,16000
29015150,224577700,224592700,224282400,224416600,267,295300,310300,134200
29015151,224419600,224735200,224219200,224705600,296,200400,516000,486400
29015152,224707600,224823400,224606400,224817900,276,101200,217000,211500
29015153,224817400,224817400,224446400,224475300,254,371000,371000,28900
29015154,224476500,224528300,224247800,224408300,263,228700,280500,160500
29015155,224409900,224421800,224191100,224320000,215,218800,230700,128900
29015156,224322200,224415200,224212800,224232900,267,109400,202400,20100
29015157,224222500,224453800,224193800,224445200,238,28700,260000,251400
29015158,224449900,224620500,224337800,224581400,228,112100,282700,243600
29015159,224579700,224579700,224369300,224401500,176,210400,210400,32200
29015160,224398400,224424800,224313900,224395700,196,84500,110900,81800
29015161,224395200,224395200,224252900,224379700,270,142300,142300,126800
29015162,224373300,224373300,224057800,224294000,181,315500,315500,236200
29015163,224297000,224458100,224181300,224411600,236,115700,276800,230300
29015164,224411200,224737000,224390400,224647800,236,20800,346600,257400
29015165,224643900,224799300,224622400,224745200,283,21500,176900,122800
29015166,224744200,224812100,224428700,224577900,247,315500,383400,149200
29015167,224568700,224745700,224496100,224673600,218,72600,249600,177500
29015168,224675100,224721500,224581800,224631300,189,93300,139700,49500
29015169,224646300,224828300,224646300,224828300,263,0,182000,182000
29015170,224844200,224901900,224603300,224603300,204,240900,298600,0
29015171,224721600,224721600,224422100,224554100,289,299500,299500,132000
29015172,224553700,224726000,224476300,224662500,208,77400,249700,186200
29015173,224661400,224841200,224574700,224739000,234,86700,266500,164300
29015174,224742800,224854200,224685300,224835700,222,57500,168900,150400
29015175,224828800,224928900,224580400,224668600,248,248400,348500,88200
29015176,224667600,224940400,224667600,224707200,272,0,272800,39600
29015177,224709700,224812200,224504400,224714800,270,205300,307800,210400
29015178,224713800,224751300,224582400,224683200,265,131400,168900,100800
29015179,224669500,224922200,224561700,224920900,274,107800,360500,359200
29015180,224930800,225108900,224820400,224990700,266,110400,288500,170300
29015181,224988000,224989100,224575300,224577300,234,412700,413800,2000
29015182,224590900,224621700,224441300,224597300,246,149600,180400,156000
29015183,224603300,224629300,224542300,224542300,183,61000,87000,0
29015184,224541800,224633100,224485500,224593500,238,56300,147600,108000
29015185,224599400,224779300,224529000,224683800,265,70400,250300,154800
29015186,224810600,224877800,224676900,224722900,221,133700,200900,46000
29015187,224716400,224947100,224688400,224901600,244,28000,258700,213200
29015188,224898600,224960600,224760300,224788800,215,138300,200300,28500
29015189,224789300,224859800,224717600,224719100,214,71700,142200,1500
29015190,224720700,225030800,224720700,225020200,271,0,310100,299500
29015191,225015300,225173400,224905200,225173400,274,110100,268200,268200
29015192,225187300,226095100,225187300,225430200,304,0,907800,242900
29015193,225410200,225603300,225197100,225495500,316,213100,406200,298400
29015194,225487500,225813700,225369700,225748800,294,117800,444000,379100
29015195,225779100,226074900,225467600,225625700,285,311500,607300,158100
29015196,225629900,225731300,225558300,225690600,273,71600,173000,132300
29015197,225687100,225687100,225347400,225405000,269,339700,339700,57600
29015198,225407200,225412900,225244000,225290100,299,163200,168900,46100
29015199,225282600,225372400,225169700,225363000,259,112900,202700,193300
29015200,225354300,225391200,225059700,225210100,252,294600,331500,150400
29015201,225210100,225224400,225015900,225096100,242,194200,208500,80200
29015202,225072100,225159900,224923200,225055900,265,148900,236700,132700
29015203,225054300,225070200,224961900,225054900,176,92400,108300,93000
29015204,225057000,225234900,225007100,225229800,270,49900,227800,222700
29015205,225225300,225454100,225218400,225401800,254,6900,235700,183400
29015206,225401300,225409300,225186100,225275300,246,215200,223200,89200
29015207,225267300,225278700,225057800,225163700,214,209500,220900,105900
29015208,225162700,225248000,225068400,225245800,219,94300,179600,177400
29015209,225240600,225290900,225038200,225080100,235,202400,252700,41900
29015210,225080600,225144400,224875500,225144400,218,205100,268900,268900
29015211,225134900,225166800,224974400,225014600,254,160500,192400,40200
29015212,225015200,225060800,224868800,224996900,272,146400,192000,128100
29015213,224986600,225191700,224986100,224989100,224,500,205600,3000
29015214,224989600,225009100,224820000,224902600,238,169600,189100,82600
29015215,224902100,224902100,224676400,224780300,250,225700,225700,103900
29015216,224782500,225023300,224779800,224950900,220,2700,243500,171100
29015217,224949900,224950900,224770600,224894900,170,179300,180300,124300
29015218,224895000,224911100,224813700,224901700,178,81300,97400,88000
29015219,224900700,224916300,224754600,224784200,150,146100,161700,29600
29015220,224784300,224793800,224504300,224637200,183,280000,289500,132900
29015221,224637700,224684900,224556600,224558700,172,81100,128300,2100
29015222,224560400,224638500,224550300,224638500,180,10100,88200,88200
29015223,224652500,224691300,224564400,224585000,215,88100,126900,20600
29015224,224579100,224605700,224385700,224479900,161,193400,220000,94200
29015225,224480400,224551100,224413700,224543600,182,66700,137400,129900
29015226,224537700,224937900,224531800,224937900,186,5900,406100,406100
29015227,224939900,224974500,224777700,224828700,200,162200,196800,51000
29015228,224822300,224854600,224747600,224826300,177,74700,107000,78700
29015229,224826900,224827400,224554400,224624300,178,272500,273000,69900
29015230,224621100,224763200,224615500,224763200,119,5600,147700,147700
29015231,224761100,224761900,224698500,224703000,155,62600,63400,4500
29015232,224702500,224702500,224468400,224627500,119,234100,234100,159100
29015233,224629400,224742600,224605400,224732800,169,24000,137200,127400
29015234,224738700,224769800,224624900,224684800,138,113800,144900,59900
29015235,224686700,224730900,224295700,224436500,174,391000,435200,140800
29015236,224436600,224595100,224436500,224483100,158,100,158600,46600
29015237,224466900,224471900,224283300,224385200,161,183600,188600,101900
29015238,224389200,224491400,224227700,224253100,179,161500,263700,25400
29015239,224248300,224335400,224027500,224027500,203,220800,307900,0
29015240,224028100,224178900,223964400,224098200,206,63700,214500,133800
29015241,224086400,224251500,223981900,224251500,130,104500,269600,269600
29015242,224238400,224243900,224018200,224167600,149,220200,225700,149400
29015243,224168700,224168700,224012200,224015800,199,156500,156500,3600
29015244,224013900,224017000,223793200,223942800,178,220700,223800,149600
29015245,223944800,224008000,223766600,223783700,184,178200,241400,17100
29015246,223911600,223957200,223857700,223859600,150,53900,99500,1900
29015247,223859700,224080100,223851600,223990900,157,8100,228500,139300
29015248,223989300,224150600,223975300,224150600,176,14000,175300,175300
29015249,224152900,224304100,224063800,224274800,208,89100,240300,211000
29015250,224271500,224371500,224194200,224308600,254,77300,177300,114400
29015251,224289500,224457900,224249600,224275200,261,39900,208300,25600
29015252,224277100,224403100,224171800,224390700,293,105300,231300,218900
29015253,224382200,224580000,224346400,224503900,285,35800,233600,157500
29015254,224504400,224674400,224307700,224659600,264,196700,366700,351900
29015255,224660600,224668900,224504400,224504400,278,156200,164500,0
29015256,224635000,224659300,224455800,224559400,262,179200,203500,103600
29015257,224558900,224592100,224365900,224424900,235,193000,226200,59000
29015258,224416300,224485100,224398800,224399800,199,17500,86300,1000
29015259,224401700,224617000,224251100,224574400,194,150600,365900,323300
29015260,224572300,224652300,224401000,224401000,220,171300,251300,0
29015261,224515200,224523700,224419200,224441700,208,96000,104500,22500
29015262,224445500,224606000,224403700,224601600,209,41800,202300,197900
29015263,224599600,224599600,224362800,224362800,144,236800,236800,0
29015264,224362900,224368400,224236200,224304600,100,126700,132200,68400
29015265,224307600,224374200,224215800,224234400,180,91800,158400,18600
29015266,224360400,224360400,224176900,224178100,203,183500,183500,1200
29015267,224179800,224218700,224023700,224091600,240,156100,195000,67900
29015268,224089700,224333600,224082100,224271900,258,7600,251500,189800
29015269,224259100,224282700,224081300,224262700,251,177800,201400,181400
29015270,224263900,224283300,224037000,224037100,207,226900,246300,100
29015271,224163200,224231400,224087200,224156500,194,76000,144200,69300
29015272,224154900,224203700,224049700,224190500,195,105200,154000,140800
29015273,224186200,224232100,224080300,224080300,188,105900,151800,0
29015274,224080400,224083000,223923700,224029900,186,156700,159300,106200
29015275,224030500,224038700,223889700,224027500,204,140800,149000,137800
29015276,224033200,224163300,224008500,224041000,204,24700,154800,32500
29015277,224042000,224075100,223937700,224055000,180,104300,137400,117300
29015278,224053300,224171500,224004700,224168000,189,48600,166800,163300
29015279,224169000,224174900,224069300,224069300,108,99700,105600,0
29015280,224071300,224152100,223979000,223979000,236,92300,173100,0
29015281,224106400,224206000,224006400,224166700,208,100000,199600,160300
29015282,224168700,224202300,223928100,223972900,236,240600,274200,44800
29015283,223935200,223962700,223840900,223864700,228,94300,121800,23800
29015284,223862100,223862100,223585400,223670700,290,276700,276700,85300
29015285,223667600,223776700,223527700,223658800,264,139900,249000,131100
29015286,223666600,223730600,223592600,223597500,233,74000,138000,4900
29015287,223597900,223718000,223582500,223681300,234,15400,135500,98800
29015288,223683200,223750100,223643100,223644800,218,40100,107000,1700
29015289,223643100,223652300,223460500,223562700,250,182600,191800,102200
29015290,223573700,223625300,223301500,223310400,153,272200,323800,8900
29015291,223438000,223452600,223118000,223223300,283,320000,334600,105300
29015292,223226300,223258200,222821300,222951100,285,405000,436900,129800
29015293,222936400,222936400,222723700,222758300,313,212700,212700,34600
29015294,222756400,222925500,222640400,222781500,278,116000,285100,141100
29015295,222784000,222918400,222653600,222814900,282,130400,264800,161300
29015296,222813100,222926200,222485600,222508900,312,327500,440600,23300
29015297,222515300,222795000,222513700,222770900,282,1600,281300,257200
29015298,222773800,223109600,222773800,223082100,254,0,335800,308300
29015299,223031500,223088000,222874400,222964500,264,157100,213600,90100
29015300,222965100,223188400,222961300,223015300,266,3800,227100,54000
29015301,223144900,223214500,223104100,223189900,251,40800,110400,85800
29015302,223185000,223185000,223004900,223172800,241,180100,180100,167900
29015303,223161900,223164500,222966900,223021800,225,195000,197600,54900
29015304,223012700,223181900,222913200,223173800,178,99500,268700,260600
29015305,223175800,223274200,223127000,223252400,210,48800,147200,125400
29015306,223254700,223341300,223165800,223336600,228,88900,175500,170800
29015307,223343400,223416900,223245600,223379000,204,97800,171300,133400
29015308,223381000,223383100,223221800,223272500,222,159200,161300,50700
29015309,223269900,223269900,222981700,223086300,243,288200,288200,104600
29015310,223086700,223267100,223073500,223267100,189,13200,193600,193600
29015311,223267200,223379300,223182500,223187500,204,84700,196800,5000
29015312,223185000,223274700,223073100,223229000,221,111900,201600,155900
29015313,223229500,223332700,223212000,223327300,208,17500,120700,115300
29015314,223327800,223376800,223163700,223291100,174,164100,213100,127400
29015315,223296500,223375100,223227200,223349800,190,69300,147900,122600
29015316,223350300,223370600,223158300,223187900,223,192000,212300,29600
29015317,223164400,223286800,223084400,223232200,212,80000,202400,147800
29015318,223230300,223261400,223091100,223156600,259,139200,170300,65500
29015319,223170300,223183600,222931100,223081000,194,239200,252500,149900
29015320,223081500,223170200,223043700,223043700,117,37800,126500,0
29015321,223169200,223236400,223086400,223104300,179,82800,150000,17900
29015322,223104400,223104500,222953700,223074600,110,150700,150800,120900
29015323,223068200,223077700,222917500,222972500,206,150700,160200,55000
29015324,222970600,223218100,222889700,223211100,182,80900,328400,321400
29015325,223205000,223205000,222823700,222840300,229,381300,381300,16600
29015326,222961900,223131000,222956000,223097200,206,5900,175000,141200
29015327,223091200,223258000,223022700,223258000,214,68500,235300,235300
29015328,223255500,223483200,223255500,223372100,255,0,227700,116600
29015329,223372100,223416700,223209500,223416700,194,162600,207200,207200
29015330,223422600,223447500,223214400,223335200,221,208200,233100,120800
29015331,223318800,223445000,223179400,223369100,268,139400,265600,189700
29015332,223358200,223455100,223297100,223433400,122,61100,158000,136300
29015333,223427400,223515200,223391600,223483600,187,35800,123600,92000
29015334,223478000,223478000,223300300,223400100,170,177700,177700,99800
29015335,223397100,223432200,223244800,223373000,198,152300,187400,128200
29015336,223374100,223398900,223331800,223331800,123,42300,67100,0
29015337,223331900,223375500,223209800,223335000,142,122100,165700,125200
29015338,223336600,223469000,223336600,223452500,128,0,132400,115900
29015339,223453000,223470900,223293600,223470900,105,159400,177300,177300
29015340,223470400,223470400,223386100,223417700,129,84300,84300,31600
29015341,223407500,223407500,223004300,223008400,237,403200,403200,4100
29015342,223012500,223050400,222863200,223030700,234,149300,187200,167500
29015343,223029300,223114200,222979100,222979100,172,50200,135100,0
29015344,222967400,223166500,222905200,223108800,195,62200,261300,203600
29015345,223111700,223174100,222846200,222873200,186,265500,327900,27000
29015346,222874600,223138000,222874600,223064500,235,0,263400,189900
29015347,223059600,223146000,222917600,223107900,246,142000,228400,190300
29015348,223105400,223112400,223045100,223112400,176,60300,67300,67300
29015349,223093500,223099800,222899500,222945100,196,194000,200300,45600
29015350,222944600,222989200,222729700,222856100,241,214900,259500,126400
29015351,222865900,222959000,222865900,222948900,166,0,93100,83000
29015352,222950900,222974700,222843000,222857100,212,107900,131700,14100
29015353,222855500,222927000,222798800,222863400,207,56700,128200,64600
29015354,222865400,223045700,222843700,222933000,212,21700,202000,89300
29015355,222923900,222923900,221705600,221942600,288,1218300,1218300,237000
29015356,221928200,222173300,221793400,222147100,304,134800,379900,353700
29015357,222149600,222333200,222088900,222258400,274,60700,244300,169500
29015358,222248900,222268900,221867800,221896400,262,381100,401100,28600
29015359,221888300,221921500,221560400,221751200,307,327900,361100,190800
29015360,221759700,221759700,221281600,221441100,322,478100,478100,159500
29015361,221439200,221647100,221437300,221562500,322,1900,209800,125200
29015362,221559000,221808900,221559000,221781300,297,0,249900,222300
29015363,221781700,221980500,221775500,221967600,290,6200,205000,192100
29015364,221966800,221967300,221760000,221880600,248,206800,207300,120600
29015365,221880500,221892000,221724500,221790400,256,156000,167500,65900
29015366,221910700,221958300,221731900,221958300,274,178800,226400,226400
29015367,221969000,222061800,221865500,221887200,284,103500,196300,21700
29015368,221867400,221919400,221723500,221780300,253,143900,195900,56800
29015369,221782300,221881500,221731100,221861000,230,51200,150400,129900
29015370,221863000,221863000,221175500,221437300,282,687500,687500,261800
29015371,221437000,221498100,221160800,221248300,271,276200,337300,87500
29015372,221246800,221419600,221077000,221415100,281,169800,342600,338100
29015373,221413100,221430800,221278900,221341400,244,134200,151900,62500
29015374,221339800,221339800,220967700,221195200,275,372100,372100,227500
29015375,221195500,221298200,221134700,221228700,267,60800,163500,94000
29015376,221223900,221407500,221194800,221407500,280,29100,212700,212700
29015377,221406100,221580300,221311900,221521000,263,94200,268400,209100
29015378,221523000,221613300,221478900,221478900,230,44100,134400,0
29015379,221485300,221519300,221238900,221456200,230,246400,280400,217300
29015380,221460100,221654900,221369200,221650400,260,90900,285700,281200
29015381,221650400,221725900,221536500,221690300,261,113900,189400,153800
29015382,221696200,221789400,221566800,221789400,250,129400,222600,222600
29015383,221783800,221792700,221613800,221613800,236,170000,178900,0
29015384,221596100,221688600,221532000,221587400,242,64100,156600,55400
29015385,221584500,221616200,221333700,221333700,251,250800,282500,0
29015386,221299200,221696000,221299200,221577500,264,0,396800,278300
29015387,221577000,221732600,221442000,221442000,261,135000,290600,0
29015388,221435000,221599600,221435000,221525700,248,0,164600,90700
29015389,221525200,221525700,221111600,221269900,298,413600,414100,158300
29015390,221262000,221262000,220874800,221097000,282,387200,387200,222200
29015391,221099000,221287400,221064300,221194300,290,34700,223100,130000
29015392,221181400,221394800,221176300,221392300,259,5100,218500,216000
29015393,221394700,221534300,221383100,221477800,252,11600,151200,94700
29015394,221478300,221478300,221140700,221259700,275,337600,337600,119000
29015395,221267700,221403500,221244400,221376500,245,23300,159100,132100
29015396,221376000,221376000,221160100,221304400,248,215900,215900,144300
29015397,221309300,221476900,221278100,221383200,236,31200,198800,105100
29015398,221385600,221424500,221313900,221341000,196,71700,110600,27100
29015399,221342500,221422900,221173000,221404100,218,169500,249900,231100
29015400,221405000,221545800,221295600,221340400,262,109400,250200,44800
29015401,221458500,221493500,221311300,221420600,246,147200,182200,109300
29015402,221418900,221418900,221049000,221097600,282,369900,369900,48600
29015403,221081100,221475200,221064600,221475200,282,16500,410600,410600
29015404,221478500,221607000,221382300,221540800,304,96200,224700,158500
29015405,221534800,221566400,221147700,221270600,272,387100,418700,122900
29015406,221268600,221268600,221016200,221061300,296,252400,252400,45100
29015407,221062900,221075300,220415100,220584400,309,647800,660200,169300
29015408,220597700,220738300,220417700,220609900,313,180000,320600,192200
29015409,220611500,220698200,220304000,220694100,291,307500,394200,390100
29015410,220696200,220718700,220497700,220505700,264,198500,221000,8000
29015411,220514800,220771900,220514800,220556300,266,0,257100,41500
29015412,220567200,220792000,220567200,220772500,261,0,224800,205300
29015413,220767800,220768800,220058900,220319600,302,708900,709900,260700
29015414,220335200,220463300,220150900,220273600,304,184300,312400,122700
29015415,220265700,220287200,219527100,219657700,328,738600,760100,130600
29015416,219648400,219683200,219068600,219107400,328,579800,614600,38800
29015417,219096600,219252100,218576400,218686200,320,520200,675700,109800
29015418,218728400,218756900,218129600,218129600,326,598800,627300,0
29015419,218120400,218336600,217665900,218112000,330,454500,670700,446100
29015420,218138600,218523700,217910500,218468400,329,228100,613200,557900
29015421,218467900,218755300,218452300,218654200,320,15600,303000,201900
29015422,218646900,218932500,218470200,218851200,300,176700,462300,381000
29015423,218844600,219045200,218729500,218842100,320,115100,315700,112600
29015424,218835900,219250400,218589500,219209700,320,246400,660900,620200
29015425,219206000,219451300,219133700,219137200,316,72300,317600,3500
29015426,219134000,219449200,219133800,219449200,315,200,315400,315400
29015427,219465400,219667700,219312300,219667700,316,153100,355400,355400
29015428,219671800,219750500,219485200,219517800,308,186600,265300,32600
29015429,219520300,219534900,219367100,219523100,236,153200,167800,156000
29015430,219529100,219581300,219177000,219205100,311,352100,404300,28100
29015431,219219400,219806700,219219400,219526700,320,0,587300,307300
29015432,219540200,219777100,219306000,219734600,321,234200,471100,428600
29015433,219734200,219838700,219520000,219670300,322,214200,318700,150300
29015434,219644100,219684300,219317400,219364800,300,326700,366900,47400
29015435,219374300,219410600,219061000,219061000,314,313300,349600,0
29015436,219067700,219312000,219067700,219186000,300,0,244300,118300
29015437,219196200,219266900,218786400,218786400,314,409800,480500,0
29015438,218766100,218908100,218621100,218728500,317,145000,287000,107400
29015439,218729400,218814800,218306500,218457700,318,422900,508300,151200
29015440,218454200,218709600,218354300,218437600,304,99900,355300,83300
29015441,218423600,218843900,218423600,218843500,306,0,420300,419900
29015442,218843900,218950600,218711000,218936800,284,132900,239600,225800
29015443,218933400,219163000,218928700,218981000,290,4700,234300,52300
29015444,219001500,219117800,218911700,219084100,258,89800,206100,172400
29015445,219079200,219079200,218694300,218820000,308,384900,384900,125700
29015446,218822400,218825800,218399100,218523700,312,423300,426700,124600
29015447,218524600,218793500,218524600,218667000,322,0,268900,142400
29015448,218675500,218740900,218502400,218612100,297,173100,238500,109700
29015449,218611600,219119900,218399500,219119900,320,212100,720400,720400
29015450,219126300,219789000,218966300,219430600,323,160000,822700,464300
29015451,219443800,219941500,219350800,219726900,325,93000,590700,376100
29015452,219724900,219889800,219609700,219736600,320,115200,280100,126900
29015453,219732500,220081000,219721100,219923500,322,11400,359900,202400
29015454,219905200,220134300,219805000,219945700,286,100200,329300,140700
29015455,219950600,220030900,219764300,219764300,278,186300,266600,0
29015456,219894500,219906900,219705100,219721100,283,189400,201800,16000
29015457,219723100,219731400,219460300,219541400,246,262800,271100,81100
29015458,219542400,219949400,219391400,219830600,287,151000,558000,439200
29015459,219828300,219865600,219675100,219806200,265,153200,190500,131100
29015460,219808800,220436900,219780100,220240900,309,28700,656800,460800
29015461,220241700,220371400,220076300,220252100,287,165400,295100,175800
29015462,220265500,220274200,219941600,220171800,313,323900,332600,230200
29015463,220179200,220231300,219887200,220026100,306,292000,344100,138900
29015464,220029400,220440200,219984200,220440200,315,45200,456000,456000
29015465,220442700,220620400,220270300,220279100,278,172400,350100,8800
29015466,220286800,221202500,220285100,221202500,320,1700,917400,917400
29015467,221175100,221393400,220675300,220711100,298,499800,718100,35800
29015468,220714200,221006000,220692800,220972400,276,21400,313200,279600
29015469,221043100,221043400,220577700,220739500,224,465400,465700,161800
29015470,220735200,220881200,220527700,220675900,282,207500,353500,148200
29015471,220670000,220717200,220385600,220526100,318,284400,331600,140500
29015472,220514300,220691400,220305000,220557800,269,209300,386400,252800
29015473,220557200,220758800,220491300,220583700,302,65900,267500,92400
29015474,220594700,220730600,220425300,220484800,299,169400,305300,59500
29015475,220481200,220613500,220291900,220291900,281,189300,321600,0
29015476,220293000,220763000,220293000,220714600,302,0,470000,421600
29015477,220743000,220793100,220598500,220671900,284,144500,194600,73400
29015478,220674500,220674500,220471800,220635600,285,202700,202700,163800
29015479,220634500,220660300,220384100,220432400,287,250400,276200,48300
29015480,220428300,220556500,220389500,220542900,289,38800,167000,153400
29015481,220544500,220726900,220544500,220598300,268,0,182400,53800
29015482,220579900,220778600,220446300,220526400,276,133600,332300,80100
29015483,220526900,220565900,220333800,220336800,233,193100,232100,3000
29015484,220355900,221752700,220284700,221594700,316,71200,1468000,1310000
29015485,221570300,223153700,221511900,223064800,332,58400,1641800,1552900
29015486,223128200,223982400,223108900,223534000,323,19300,873500,425100
29015487,223501500,224411900,223345900,223787700,330,155600,1066000,441800
29015488,223782400,225590000,223654900,225590000,330,127500,1935100,1935100
29015489,225658600,225658600,224045400,224177000,322,1613200,1613200,131600
29015490,224168400,225622700,224011400,225077700,334,157000,1611300,1066300
29015491,225208300,226590300,224959500,226214100,325,248800,1630800,1254600
29015492,226218800,226548100,225800400,226272800,334,418400,747700,472400
29015493,226240000,226306600,225442300,225753100,330,797700,864300,310800
29015494,225815500,226204200,225553500,226026000,328,262000,650700,472500
29015495,226071300,226430700,225496900,226371000,328,574400,933800,874100
29015496,226378200,226911900,225874800,226867700,336,503400,1037100,992900
29015497,226848700,227510000,226578300,227510000,328,270400,931700,931700
29015498,227517100,229215100,227404700,228332300,332,112400,1810400,927600
29015499,228305000,228679100,227289100,227289100,328,1015900,1390000,0
29015500,227315600,227860000,227050800,227157900,328,264800,809200,107100
29015501,227126800,228218600,227085400,227835100,330,41400,1133200,749700
29015502,227752100,227784500,227079900,227504500,325,672200,704600,424600
29015503,227542000,227542000,225500200,226028100,330,2041800,2041800,527900
29015504,226035000,226275200,225125800,225335900,330,909200,1149400,210100
29015505,225376900,225735100,223430800,223669300,332,1946100,2304300,238500
29015506,223719100,223953500,222902400,223164100,322,816700,1051100,261700
29015507,223124200,224363400,223109300,224265700,326,14900,1254100,1156400
29015508,224252400,224801600,224028200,224060000,332,224200,773400,31800
29015509,224078600,224111500,223225000,223237100,328,853600,886500,12100
29015510,223208300,223551200,222771700,222823300,330,436600,779500,51600
29015511,222819600,223797100,222819600,223609400,332,0,977500,789800
29015512,223604600,223708800,223017900,223305200,322,586700,690900,287300
29015513,223283600,223626700,223210600,223533800,326,73000,416100,323200
29015514,223511800,223843100,223471900,223715500,322,39900,371200,243600
29015515,223710800,223714200,223068800,223068800,318,642000,645400,0
29015516,223061100,223630200,223061100,223196400,318,0,569100,135300
29015517,223197000,223526800,222978400,223082400,320,218600,548400,104000
29015518,223096700,223451300,222846200,223451300,326,250500,605100,605100
29015519,223457500,223532800,222752000,223117300,326,705500,780800,365300
29015520,223136200,224074800,223132200,223987400,322,4000,942600,855200
29015521,224000000,224442800,223969600,224195000,330,30400,473200,225400
29015522,224175900,224247700,223300200,223597600,328,875700,947500,297400
29015523,223599600,224230400,223565700,223973100,332,33900,664700,407400
29015524,223974700,224012800,223409500,223609500,322,565200,603300,200000
29015525,223597500,223597500,221864500,221935500,326,1733000,1733000,71000
29015526,221943000,222312900,221571600,222296200,326,371400,741300,724600
29015527,222300400,223320300,222300400,222898100,334,0,1019900,597700
29015528,222903600,223047300,222209700,222554900,327,693900,837600,345200
29015529,222554600,223049900,222508600,222990600,324,46000,541300,482000
29015530,222968100,223551900,222898100,223279000,330,70000,653800,380900
29015531,223270600,223872800,223223800,223750700,330,46800,649000,526900
29015532,223762400,224266300,223541100,224100200,332,221300,725200,559100
29015533,224113400,224398200,224005500,224236500,328,107900,392700,231000
29015534,224233900,224402700,223774300,224010700,320,459600,628400,236400
29015535,223974200,224139900,223546000,223722600,328,428200,593900,176600
29015536,223720800,225003500,223720800,224958200,332,0,1282700,1237400
29015537,224963000,225576600,224782800,225390000,328,180200,793800,607200
29015538,225400700,226828600,225400700,226666800,328,0,1427900,1266100
29015539,226650800,226725900,225961100,226620100,330,689700,764800,659000
29015540,226583300,226692800,225886200,225886200,329,697100,806600,0
29015541,225958000,226490200,225918000,226369300,324,40000,572200,451300
29015542,226395200,226471300,225634900,225695100,324,760300,836400,60200
29015543,225697600,226060300,225382400,225570500,320,315200,677900,188100
29015544,225547400,225700000,225161100,225497000,324,386300,538900,335900
29015545,225483800,225870500,225114800,225686700,328,369000,755700,571900
29015546,225613500,225808700,225447500,225477800,334,166000,361200,30300
29015547,225476900,226094000,225475800,226077700,324,1100,618200,601900
29015548,226063500,226757100,225888900,226748500,328,174600,868200,859600
29015549,226737000,227057800,226623600,226882200,319,113400,434200,258600
29015550,226874600,226903500,226459200,226533100,320,415400,444300,73900
29015551,226528900,228051000,226528900,227904100,330,0,1522100,1375200
29015552,227861400,228821600,227705400,228596400,328,156000,1116200,891000
29015553,228600200,229039700,228206500,229025400,326,393700,833200,818900
29015554,229036100,230565700,228991200,229996600,330,44900,1574500,1005400
29015555,229997700,231919000,229742700,231800400,330,255000,2176300,2057700
29015556,231868900,232380800,231178500,231988500,330,690400,1202300,810000
29015557,232038500,232038500,231505200,231752600,328,533300,533300,247400
29015558,231724700,234392400,231360700,234392400,332,364000,3031700,3031700
29015559,234362500,242994000,233949300,242194500,332,413200,9044700,8245200
29015560,241852300,241995200,239549600,241319500,325,2302700,2445600,1769900
29015561,241251100,241625000,239620200,241333000,334,1630900,2004800,1712800
29015562,241372000,245687200,241372000,244199400,330,0,4315200,2827400
29015563,244524600,249256200,244524600,249044600,324,0,4731600,4520000
29015564,249039300,249714800,247052100,248686500,328,1987200,2662700,1634400
29015565,248790700,249620100,247066800,247865500,330,1723900,2553300,798700
29015566,247786900,248579100,244054600,244927900,326,3732300,4524500,873300
29015567,245008700,245638300,243618100,244193700,330,1390600,2020200,575600
29015568,244270900,245529600,243677800,244326200,334,593100,1851800,648400
29015569,244273200,245048700,243585600,243894700,326,687600,1463100,309100
29015570,243844700,245078300,243597500,244857700,334,247200,1480800,1260200
29015571,245006300,246578500,244947300,246404400,332,59000,1631200,1457100
29015572,246419200,246817600,246001600,246476400,330,417600,816000,474800
29015573,246446200,247277600,246112000,247171500,328,334200,1165600,1059500
29015574,247152900,248398100,247027900,247497700,326,125000,1370200,469800
29015575,247530200,247578300,246132700,247037600,324,1397500,1445600,904900
29015576,247006200,247006200,245584000,245981400,328,1422200,1422200,397400
29015577,246011600,246332100,245561500,246046300,328,450100,770600,484800
29015578,246063200,246193500,245718600,245827500,332,344600,474900,108900
29015579,245804300,245992500,244472800,244555100,322,1331500,1519700,82300
29015580,244520600,245556800,244520600,245350300,326,0,1036200,829700
29015581,245345500,245619100,243927400,244349500,332,1418100,1691700,422100
29015582,244337300,244337300,240953400,241825400,328,3383900,3383900,872000
29015583,241780700,241940900,240159100,240307300,328,1621600,1781800,148200
29015584,240282100,241798600,240221600,241252400,326,60500,1577000,1030800
29015585,241292100,242250900,241127000,242072300,334,165100,1123900,945300
29015586,242021400,243802400,241882300,243735000,331,139100,1920100,1852700
29015587,243738800,244410000,243193100,243333400,334,545700,1216900,140300
29015588,243340800,244112300,242694400,244112300,334,646400,1417900,1417900
29015589,244113900,244474900,243323000,243572600,328,790900,1151900,249600
29015590,243551200,244362300,243551200,243863700,326,0,811100,312500
29015591,243857400,244453000,243855600,243855900,325,1800,597400,300
29015592,243835100,244839200,243830900,244597300,326,4200,1008300,766400
29015593,244622900,245147900,244157100,244662800,327,465800,990800,505700
29015594,244652000,244761700,243994600,244490000,330,657400,767100,495400
29015595,244474400,244892700,244353500,244601300,334,120900,539200,247800
29015596,244605300,246381400,244605300,246381400,328,0,1776100,1776100
29015597,246368100,247850500,246277200,246942900,331,90900,1573300,665700
29015598,246983100,247146200,246386600,246616900,323,596500,759600,230300
29015599,246528200,247741100,246517700,247528700,324,10500,1223400,1011000
29015600,247494300,248534600,247107200,248042300,334,387100,1427400,935100
29015601,248099800,248941500,247672100,248294800,328,427700,1269400,622700
29015602,248258700,248574100,247763600,248014100,322,495100,810500,250500
29015603,248009400,248017200,246612900,247109000,328,1396500,1404300,496100
29015604,247050200,247354200,246322100,246520600,326,728100,1032100,198500
29015605,246512000,246680900,245193600,245396000,331,1318400,1487300,202400
29015606,245380200,246505100,245380200,246215800,330,0,1124900,835600
29015607,246205500,246440300,245541500,245808400,332,664000,898800,266900
29015608,245806100,246297600,245806100,245994300,322,0,491500,188200
29015609,245968800,246455100,245744900,246428600,330,223900,710200,683700
29015610,246396200,247039500,246396200,246649800,325,0,643300,253600
29015611,246736000,247365700,246471800,247075700,326,264200,893900,603900
29015612,247113500,247885000,247036000,247275900,332,77500,849000,239900
29015613,247301300,247527400,246760300,246894100,324,541000,767100,133800
29015614,246939300,247032300,246113500,246505800,328,825800,918800,392300
29015615,246480100,246756100,246048000,246615900,326,432100,708100,567900
29015616,246628500,247767500,246628500,247767500,332,0,1139000,1139000
29015617,247752300,248020400,246878800,247055200,322,873500,1141600,176400
29015618,247066200,247639100,247010800,247030800,330,55400,628300,20000
29015619,247039500,247563900,246760000,247339300,329,279500,803900,579300
29015620,247356900,248124300,247158800,247759100,330,198100,965500,600300
29015621,247834500,249468700,247710900,249154000,338,123600,1757800,1443100
29015622,249145100,249468700,248421000,249226900,328,724100,1047700,805900
29015623,249244400,250723300,248927700,250450100,336,316700,1795600,1522400
29015624,250377300,250944800,250177600,250839300,324,199700,767200,661700
29015625,250906000,250921300,249013000,249822200,327,1893000,1908300,809200
29015626,249820700,250379300,249759800,250103600,334,60900,619500,343800
29015627,250114800,250503800,247690200,247866200,332,2424600,2813600,176000
29015628,247783800,247874100,246558600,246577800,332,1225200,1315500,19200
29015629,246581100,246798200,245992500,246444600,328,588600,805700,452100
29015630,246480300,247684900,246480300,246903800,329,0,1204600,423500
29015631,246918500,247613700,246418200,246774600,332,500300,1195500,356400
29015632,246795800,247013300,246049800,246455000,332,746000,963500,405200
29015633,246440100,246522900,245880700,245908900,316,559400,642200,28200
29015634,245932000,246591100,245920800,246553400,328,11200,670300,632600
29015635,246562700,246737700,246344400,246537300,323,218300,393300,192900
29015636,246523100,246754500,246507900,246562600,324,15200,246600,54700
29015637,246567400,247794400,246564900,247486700,336,2500,1229500,921800
29015638,247506200,247915500,247506200,247683900,334,0,409300,177700
29015639,247717300,248247100,247675700,248244400,338,41600,571400,568700
29015640,248248400,248843700,248248400,248554600,334,0,595300,306200
29015641,248660900,248801300,247569500,247594800,336,1091400,1231800,25300
29015642,247610500,247714400,247147100,247625500,330,463400,567300,478400
29015643,247653000,247777700,247197300,247725800,330,455700,580400,528500
29015644,247717400,247973500,247150100,247870500,332,567300,823400,720400
29015645,247872400,248441600,247849800,248219700,332,22600,591800,369900
29015646,248219600,249574200,248219600,248556100,330,0,1354600,336500
29015647,248555900,249193000,248539700,248956800,328,16200,653300,417100
29015648,248968400,249229900,248729200,248789700,332,239200,500700,60500
29015649,248787800,248918200,248217000,248306400,330,570800,701200,89400
29015650,248307200,248339800,247282800,247508100,334,1024400,1057000,225300
29015651,247572600,248507100,247572600,248495800,326,0,934500,923200
29015652,248535900,248889200,248453700,248621900,332,82200,435500,168200
29015653,248607900,248847600,248139900,248139900,328,468000,707700,0
29015654,248117200,248337200,247833600,247922900,322,283600,503600,89300
29015655,247935400,248103400,247336700,247362400,333,598700,766700,25700
29015656,247354800,247740800,246561300,246564200,324,793500,1179500,2900
29015657,246501800,247306100,246395300,247306100,323,106500,910800,910800
29015658,247326600,247968000,247309600,247881800,326,17000,658400,572200
29015659,247910300,248201600,247475600,247616800,326,434700,726000,141200
29015660,247628000,248266300,247617200,247703900,336,10800,649100,86700
29015661,247740200,249373600,247699500,249317800,328,40700,1674100,1618300
29015662,249356100,250084700,249227000,249525400,325,129100,857700,298400
29015663,249500200,249986600,249448500,249531100,320,51700,538100,82600
29015664,249534000,250394500,249533800,250310700,330,200,860700,776900
29015665,250315700,251567800,250171100,250300000,322,144600,1396700,128900
29015666,250378300,250760900,250029000,250259900,330,349300,731900,230900
29015667,250233900,250328900,249328300,249332500,324,905600,1000600,4200
29015668,249311100,249487100,248873800,248951800,328,437300,613300,78000
29015669,248928500,249146200,248676600,248891500,328,251900,469600,214900
29015670,248886800,249552500,248868600,249551700,334,18200,683900,683100
29015671,249545500,249828100,248821100,248982200,336,724400,1007000,161100
29015672,248981000,249106700,248569600,248938000,330,411400,537100,368400
29015673,249025400,249038800,248261800,248272600,334,763600,777000,10800
29015674,248275700,248394900,247265900,247283500,321,1009800,1129000,17600
29015675,247273300,247760100,246961300,246961300,329,312000,798800,0
29015676,247018600,247165600,246184400,246232700,330,834200,981200,48300
29015677,246279900,246753600,246125600,246339900,330,154300,628000,214300
29015678,246384400,246896600,246245100,246728800,322,139300,651500,483700
29015679,246724500,247426500,246708700,247282000,332,15800,717800,573300
29015680,247259300,247502700,246823400,246823400,324,435900,679300,0
29015681,246930600,247101500,245941500,245953300,327,989100,1160000,11800
29015682,245954100,246101700,245774800,246000500,324,179300,326900,225700
29015683,245993800,246112300,245602400,246112300,330,391400,509900,509900
29015684,246158000,246686300,246158000,246341400,331,0,528300,183400
29015685,246345300,247045500,246206900,246920700,332,138400,838600,713800
29015686,246919800,247181600,246433600,246583000,325,486200,748000,149400
29015687,246581400,247220800,246567900,246773800,320,13500,652900,205900
29015688,246758400,247514900,246754200,247224200,328,4200,760700,470000
29015689,247235600,247437100,246990600,247436300,320,245000,446500,445700
29015690,247434400,247837800,247414400,247654200,330,20000,423400,239800
29015691,247665100,248019700,247635500,247781400,332,29600,384200,145900
29015692,247778100,247858200,247605600,247605600,318,172500,252600,0
29015693,247620800,247631900,246775000,246780700,318,845800,856900,5700
29015694,246784500,247023500,246327900,246379600,317,456600,695600,51700
29015695,246369200,247015900,246364300,246937200,330,4900,651600,572900
29015696,247032700,247382900,247028300,247341900,309,4400,354600,313600
29015697,247336000,247748400,247289700,247748400,314,46300,458700,458700
29015698,247755900,248176600,247496600,247667300,328,259300,680000,170700
29015699,247678400,248081200,247392500,247509000,320,285900,688700,116500
29015700,247555100,247933100,247543400,247775500,324,11700,389700,232100
29015701,247799200,248115900,247620800,247813700,330,178400,495100,192900
29015702,247801800,248169200,247710200,247847800,332,91600,459000,137600
29015703,247841800,248251100,247512300,248132600,322,329500,738800,620300
29015704,248121800,248580100,247942200,248573500,326,179600,637900,631300
29015705,248614400,248614400,247712800,247736800,326,901600,901600,24000
29015706,247740200,247918500,247510800,247788100,332,229400,407700,277300
29015707,247753000,248116600,247672800,247888600,319,80200,443800,215800
29015708,247801900,247817700,247134700,247446400,323,667200,683000,311700
29015709,247434600,247549600,247266300,247371500,326,168300,283300,105200
29015710,247348000,247461100,247148900,247148900,308,199100,312200,0
29015711,247115000,247344500,247010800,247344500,298,104200,333700,333700
29015712,247346600,247435400,246782600,247077200,330,564000,652800,294600
29015713,247038800,247318300,246824600,246895000,330,214200,493700,70400
29015714,246897500,247175500,246678500,247008300,320,219000,497000,329800
29015715,247002200,247422900,246987800,247286100,317,14400,435100,298300
29015716,247366400,247875000,247366400,247591600,326,0,508600,225200
29015717,247592200,248051700,247466400,247958700,310,125800,585300,492300
29015718,247965100,248255300,247866300,247908200,316,98800,389000,41900
29015719,247932200,248170200,247839700,248023200,321,92500,330500,183500
29015720,248018600,248340800,247963700,248340800,320,54900,377100,377100
29015721,248363600,248538500,247971200,247971200,318,392400,567300,0
29015722,247937100,248057300,247746500,248008200,328,190600,310800,261700
29015723,247990700,248141400,247698000,247954900,310,292700,443400,256900
29015724,247974400,248481700,247974400,248429400,314,0,507300,455000
29015725,248436000,248497500,248179600,248264700,324,256400,317900,85100
29015726,248251600,248642300,248167500,248222000,318,84100,474800,54500
29015727,248225700,248446400,248215300,248253900,319,10400,231100,38600
29015728,248259900,248458100,248203500,248209200,290,56400,254600,5700
29015729,248210800,248311100,248086400,248126000,282,124400,224700,39600
29015730,248123500,248283900,248074500,248079100,198,49000,209400,4600
29015731,248088800,248404800,248057500,248404800,199,31300,347300,347300
29015732,248407700,248654300,248407700,248551000,223,0,246600,143300
29015733,248543400,248563900,248270800,248270800,245,272600,293100,0
29015734,248271000,248428400,248146000,248241500,221,125000,282400,95500
29015735,248255600,248379700,248128200,248142800,217,127400,251500,14600
29015736,248235000,248688300,248234300,248688300,257,700,454000,454000
29015737,248702900,248725700,248531600,248725100,202,171300,194100,193500
29015738,248724700,248887000,248633900,248822700,280,90800,253100,188800
29015739,248806700,248857100,248316500,248350300,297,490200,540600,33800
29015740,248336100,248435100,248218300,248220500,288,117800,216800,2200
29015741,248222900,248338500,248101100,248176700,272,121800,237400,75600
29015742,248173800,248186800,247862800,248104300,300,311000,324000,241500
29015743,248119600,248291200,247931300,248144500,258,188300,359900,213200
29015744,248144400,248260100,248117500,248219700,263,26900,142600,102200
29015745,248218000,249040000,248212700,248936300,302,5300,827300,723600
29015746,249027900,249934300,248919900,249468600,321,108000,1014400,548700
29015747,249459700,249501100,249180100,249356900,324,279600,321000,176800
29015748,249355500,249538200,249178300,249404100,308,177200,359900,225800
29015749,249398200,249436200,249090800,249271000,312,307400,345400,180200
29015750,249277400,249278400,248617000,248888700,326,660400,661400,271700
29015751,248887000,249049600,248887000,248966100,304,0,162600,79100
29015752,248968000,249210800,248966200,249074000,308,1800,244600,107800
29015753,249071500,249371500,249062600,249264100,303,8900,308900,201500
29015754,249260000,249264400,248999900,249023700,312,260100,264500,23800
29015755,249034400,249089300,248425500,248425500,304,608900,663800,0
29015756,248428500,248821600,248382600,248693800,305,45900,439000,311200
29015757,248700100,248905700,248669800,248843300,315,30300,235900,173500
29015758,248844800,249020500,248720200,248908700,290,124600,300300,188500
29015759,248886400,249008000,248817800,248817800,262,68600,190200,0
29015760,248805800,249274200,248611900,248750100,299,193900,662300,138200
29015761,248759200,249209700,248756800,249154600,320,2400,452900,397800
29015762,249199700,249285300,248835500,248914600,310,364200,449800,79100
29015763,248915900,249454100,248906200,249431000,325,9700,547900,524800
29015764,249431600,249700800,249189200,249312900,298,242400,511600,123700
29015765,249302500,249347300,248859700,248859700,318,442800,487600,0
29015766,248969100,248969100,248179300,248576000,322,789800,789800,396700
29015767,248569400,249130600,248569400,249124200,312,0,561200,554800
29015768,249129700,249753700,249110600,249753700,326,19100,643100,643100
29015769,249786900,250044100,249714500,250044100,325,72400,329600,329600
29015770,250045700,250700000,249954700,250120000,312,91000,745300,165300
29015771,250105000,250438400,250079300,250172400,300,25700,359100,93100
29015772,250173100,250353700,249757600,249959300,314,415500,596100,201700
29015773,249973400,250168500,249920000,250093000,308,53400,248500,173000
29015774,250081100,250679700,250046700,250647900,308,34400,633000,601200
29015775,250643800,250969300,250300800,250300800,323,343000,668500,0
29015776,250307200,250478500,249956600,250244200,322,350600,521900,287600
29015777,250257100,250339200,249914300,250064600,322,342800,424900,150300
29015778,250056700,250343200,249998900,250263200,318,57800,344300,264300
29015779,250266100,250927700,250266100,250905000,322,0,661600,638900
29015780,250899200,251016000,250686600,250793900,324,212600,329400,107300
29015781,250791600,250996000,250548700,250935600,318,242900,447300,386900
29015782,250948700,251644700,250948700,251203400,298,0,696000,254700
29015783,251205900,251892200,251192500,251878600,329,13400,699700,686100
29015784,251864700,251864700,251317300,251727000,320,547400,547400,409700
29015785,251726000,251931000,251560200,251827500,304,165800,370800,267300
29015786,251977200,252198500,251095900,251102600,318,881300,1102600,6700
29015787,251148000,251304200,251006700,251163000,322,141300,297500,156300
29015788,251128100,251171000,251014900,251140200,326,113200,156100,125300
29015789,251146000,251401200,251047500,251228100,305,98500,353700,180600
29015790,251230100,251230100,250168300,250168300,310,1061800,1061800,0
29015791,250186800,250507300,249969400,250258400,315,217400,537900,289000
29015792,250250400,250366300,249823800,249968900,304,426600,542500,145100
29015793,249975300,250175800,249388300,249704600,310,587000,787500,316300
29015794,249669900,249870300,249536100,249677200,306,133800,334200,141100
29015795,249674200,249921300,249615500,249761500,314,58700,305800,146000
29015796,249764900,249876500,249279800,249415900,297,485100,596700,136100
29015797,249413400,249432400,249076300,249123800,296,337100,356100,47500
29015798,249116900,249162400,248696100,248931900,318,420800,466300,235800
29015799,248926900,249204400,248881700,249046800,308,45200,322700,165100
29015800,249045700,249444100,249015300,249327000,312,30400,428800,311700
29015801,249440700,249670500,249380200,249518500,288,60500,290300,138300
29015802,249519600,249679700,249519600,249635200,272,0,160100,115600
29015803,249633200,250389900,249633200,250311100,314,0,756700,677900
29015804,250317900,250423000,249813100,249880400,277,504800,609900,67300
29015805,249900300,250225600,249810600,250124800,316,89700,415000,314200
29015806,249952600,250079800,249723400,250077500,328,229200,356400,354100
29015807,250105300,250231200,249741500,249900800,313,363800,489700,159300
29015808,249899200,250043600,249710800,249711000,324,188400,332800,200
29015809,249721300,249776000,249603800,249736800,288,117500,172200,133000
29015810,249742900,250167400,249742900,250110000,310,0,424500,367100
29015811,250006400,250354100,250006400,250294700,304,0,347700,288300
29015812,250286700,250407700,250230600,250350800,282,56100,177100,120200
29015813,250355500,250953600,250355500,250919900,314,0,598100,564400
29015814,250923600,251525200,250844000,250849600,323,79600,681200,5600
29015815,250849300,251295900,250822600,251192800,314,26700,473300,370200
29015816,251193800,251643600,250840300,250844200,318,353500,803300,3900
29015817,250845900,251336200,250784400,251181700,324,61500,551800,397300
29015818,251166100,251387100,250844900,251030500,307,321200,542200,185600
29015819,251022400,251369600,251022400,251251000,314,0,347200,228600
29015820,251251700,251572900,251198000,251411500,313,53700,374900,213500
29015821,251319400,251419600,251145700,251172000,308,173700,273900,26300
29015822,251160500,252005500,250966700,251950300,321,193800,1038800,983600
29015823,251933200,251968500,251251600,251393400,324,681600,716900,141800
29015824,251389800,251423200,250780800,251156200,320,609000,642400,375400
29015825,251177500,251339700,250285500,250394700,328,892000,1054200,109200
29015826,250365300,250585400,250138900,250579800,330,226400,446500,440900
29015827,250574000,250779000,250104900,250408900,328,469100,674100,304000
29015828,250397600,250715100,250394400,250589200,313,3200,320700,194800
29015829,250587100,250591800,249974800,250540500,326,612300,617000,565700
29015830,250534200,251076000,250529200,251076000,301,5000,546800,546800
29015831,251021500,251715900,251015500,251488200,150,6000,700400,472700
29015832,251486500,251777500,251483700,251566000,310,2800,293800,82300
29015833,251573400,251866000,251191300,251209800,327,382100,674700,18500
29015834,251215900,251488600,250748200,251064100,307,467700,740400,315900
29015835,251036200,251238100,250837700,250862600,303,198500,400400,24900
29015838,251780300,252455000,251552300,252356700,287,228000,902700,804400
29015839,252339800,252339800,251381500,251408700,331,958300,958300,27200
29015840,251416300,251754600,251281600,251754600,327,134700,473000,473000
29015841,251752300,251856800,251042100,251066200,330,710200,814700,24100
29015842,251061700,251560200,251036400,251484700,319,25300,523800,448300
29015843,251481700,251495900,251195100,251306000,314,286600,300800,110900
29015844,251309600,251353000,250819300,250830700,306,490300,533700,11400
29015845,250815300,251015200,250650900,250708200,317,164400,364300,57300
29015846,250712300,250850400,250637900,250712500,308,74400,212500,74600
29015847,250717300,251161800,250717300,250894100,314,0,444500,176800
29015848,250891800,250891800,250556000,250626100,293,335800,335800,70100
29015849,250630000,250637300,250240100,250355600,318,389900,397200,115500
29015850,250350600,250624600,250317200,250618600,308,33400,307400,301400
29015851,250636900,250750300,250101000,250274800,320,535900,649300,173800
29015852,250291400,251017900,250291400,250983200,324,0,726500,691800
29015853,250964400,251236100,250722400,250726000,316,242000,513700,3600
29015854,250727300,251356300,250727300,251356300,327,0,629000,629000
29015855,251334200,251687400,251329000,251419000,331,5200,358400,90000
29015856,251404700,251553300,251238700,251348000,330,166000,314600,109300
29015857,251337900,251337900,250977600,251091700,310,360300,360300,114100
29015858,251094900,251343600,251045500,251188600,310,49400,298100,143100
29015859,251185700,251610000,251185700,251583300,288,0,424300,397600
29015860,251582700,251998500,251582700,251626600,298,0,415800,43900
29015861,251623700,252945900,251623700,252836500,316,0,1322200,1212800
29015862,252839700,253248700,252764800,252779100,310,74900,483900,14300
29015863,252779300,254003400,252758100,253899000,327,21200,1245300,1140900
29015864,253852000,254014300,253251600,253271800,328,600400,762700,20200
29015865,253254800,253331800,252869700,252869700,293,385100,462100,0
29015866,252865600,253164300,252778100,252846900,282,87500,386200,68800
29015867,252858000,253024900,252576700,252578300,270,281300,448200,1600
29015868,252583400,252603400,252211900,252576400,326,371500,391500,364500
29015869,252573200,252608100,251979500,252012300,320,593700,628600,32800
29015870,252010400,252353500,251878400,252261300,298,132000,475100,382900
29015871,252261200,252816100,252259200,252482500,299,2000,556900,223300
29015872,252467500,252545800,252350400,252356400,306,117100,195400,6000
29015873,252358000,252655800,252231600,252253300,266,126400,424200,21700
29015874,252229700,252359900,251897700,252046900,291,332000,462200,149200
29015875,252048400,252620200,252048400,252469500,322,0,571800,421100
29015876,252457800,252692700,252412900,252505300,312,44900,279800,92400
29015877,252498900,253060700,252491200,252941800,308,7700,569500,450600
29015878,252929900,253066600,252691900,252697400,297,238000,374700,5500
29015879,252692500,252792200,252630900,252704300,264,61600,161300,73400
29015880,252620400,252660500,252105700,252172400,300,514700,554800,66700
29015881,252215300,252224200,251517200,251607300,330,698100,707000,90100
29015882,251614700,251627100,251150200,251439800,318,464500,476900,289600
29015883,251427400,251624600,250872900,251090800,315,554500,751700,217900
29015884,251091100,251255600,251038300,251044400,308,52800,217300,6100
29015885,251046400,251571200,251004900,251417900,312,41500,566300,413000
29015886,251410100,251793400,251410100,251686400,301,0,383300,276300
29015887,251670600,251745300,251407900,251668700,272,262700,337400,260800
29015888,251679100,251787500,251533900,251660300,269,145200,253600,126400
29015889,251672800,251781200,251622100,251671800,256,50700,159100,49700
29015890,251669900,251954300,251637100,251953100,226,32800,317200,316000
29015891,251924800,252198900,251924800,252095100,282,0,274100,170300
29015892,252087600,252256500,251740800,251973600,279,346800,515700,232800
29015893,251977600,252473800,251957400,252139400,269,20200,516400,182000
29015894,252138700,252224400,251714100,251714100,236,424600,510300,0
29015895,251713700,252209300,251713700,252049600,304,0,495600,335900
29015896,252051500,252071500,251577800,251679200,318,473700,493700,101400
29015897,251677500,251758400,251546500,251594300,296,131000,211900,47800
29015898,251604200,252043000,251453100,252043000,288,151100,589900,589900
29015899,252035000,252295000,251934200,252295000,318,100800,360800,360800
29015900,252290200,252347000,251806900,251850900,282,483300,540100,44000
29015901,251849600,252189500,251849600,252152000,262,0,339900,302400
29015902,252160000,252199700,251852900,252054400,274,307100,346800,201500
29015903,252050600,252056300,251726700,251734100,277,323900,329600,7400
29015904,251734600,252105900,251732100,252099800,314,2500,373800,367700
29015905,252101000,252323800,252048400,252110400,299,52600,275400,62000
29015906,252102100,252348800,251952200,251954100,300,149900,396600,1900
29015907,251951600,252065900,251753300,251793200,296,198300,312600,39900
29015908,251792600,252328000,251605800,252254500,261,186800,722200,648700
29015909,252228200,252240500,251973600,252152600,224,254600,266900,179000
29015910,252167500,252310100,251963900,251963900,265,203600,346200,0
29015911,251967200,252057700,251658300,251812100,276,308900,399400,153800
29015912,251831300,251911700,251552400,251640800,276,278900,359300,88400
29015913,251641400,251874600,251466300,251466300,270,175100,408300,0
29015914,251468200,251739400,251468200,251667200,267,0,271200,199000
29015915,251664700,251797300,251664700,251751700,252,0,132600,87000
29015916,251748900,251817800,251310400,251476700,263,438500,507400,166300
29015917,251473500,251946600,251360900,251946600,277,112600,585700,585700
29015918,251951200,251966800,251698400,251848000,295,252800,268400,149600
29015919,251848000,251985000,251606500,251876000,261,241500,378500,269500
29015920,251871100,251892400,251742000,251813000,254,129100,150400,71000
29015921,251813600,252149500,251601700,251960800,286,211900,547800,359100
29015922,251954100,252142000,251847200,252011500,270,106900,294800,164300
29015923,252016400,252211000,252016400,252164500,236,0,194600,148100
29015924,252164600,252188700,252055400,252115300,175,109200,133300,59900
29015925,252117500,252117500,252041100,252041100,74,76400,76400,0
29015926,252041200,253022700,252039600,252778800,269,1600,983100,739200
29015927,252780500,253020400,252697300,253017700,267,83200,323100,320400
29015928,253020700,253044300,252879600,252919700,271,141100,164700,40100
29015929,252914200,252915600,252793800,252849500,218,120400,121800,55700
29015930,252848900,253113200,252848900,252908000,184,0,264300,59100
29015931,252910100,253521400,252910100,253243800,262,0,611300,333700
29015932,253241700,253436500,253222600,253364100,216,19100,213900,141500
29015933,253362000,253640600,253281500,253640600,236,80500,359100,359100
29015934,253548700,254101300,253526000,254084200,298,22700,575300,558200
29015935,254081800,254893100,254081800,254113700,312,0,811300,31900
29015936,254056800,254288000,253864800,253871500,338,192000,423200,6700
29015937,253864000,254153800,253721700,254010100,306,142300,432100,288400
29015938,254012100,254666700,253998400,254573900,313,13700,668300,575500
29015939,254572200,254624900,254056500,254056500,314,515700,568400,0
29015940,254028800,254324100,253933700,254159600,324,95100,390400,225900
29015941,254161800,254394800,253730300,253730300,334,431500,664500,0
29015942,253713200,255039500,253713200,253975500,328,0,1326300,262300
29015943,253969900,254288700,253969900,253991100,330,0,318800,21200
29015944,253993500,254026900,252961800,252961800,332,1031700,1065100,0
29015945,252956800,253194000,252653400,252661400,327,303400,540600,8000
29015946,252669900,253100200,252654000,252786500,326,15900,446200,132500
29015947,252786200,253261700,252786200,253054300,305,0,475500,268100
29015948,253064000,253532600,253064000,253465000,324,0,468600,401000
29015949,253475500,253732600,253475500,253676000,318,0,257100,200500
29015950,253677300,253684500,253423100,253634900,319,254200,261400,211800
29015951,253635800,253661200,253312000,253563700,283,323800,349200,251700
29015952,253554400,253554400,253050000,253200900,293,504400,504400,150900
29015953,253210100,253398300,252972600,253372900,276,237500,425700,400300
29015954,253368700,253429500,253061400,253154100,294,307300,368100,92700
29015955,253113800,253113800,252527300,252612300,312,586500,586500,85000
29015956,252614400,252726300,252351100,252353500,305,263300,375200,2400
29015957,252353700,252731700,252353700,252621300,310,0,378000,267600
29015958,252620100,253511900,252620100,253082600,322,0,891800,462500
29015959,253070200,253276100,252883300,253025500,328,186900,392800,142200
29015960,253012900,253018400,252466000,252466000,316,546900,552400,0
29015961,252456300,252944300,252456300,252658200,321,0,488000,201900
29015962,252654300,252709200,252426200,252426200,324,228100,283000,0
29015963,252423600,252628600,252378900,252493300,319,44700,249700,114400
29015964,252485800,252497000,251679200,251679200,297,806600,817800,0
29015965,251713000,251813700,251579300,251813700,298,133700,234400,234400
29015966,251809500,251989900,251627500,251830000,328,182000,362400,202500
29015967,251827200,252182300,251827200,252103700,320,0,355100,276500
29015968,252098900,252252000,251962800,252062000,321,136100,289200,99200
29015969,252096300,252096300,251569600,251833700,320,526700,526700,264100
29015970,251811500,252182100,251737000,251839500,324,74500,445100,102500
29015971,251773700,251931300,251464900,251751100,320,308800,466400,286200
29015972,251791100,251982100,251619000,251707000,318,172100,363100,88000
29015973,251706500,251814400,251434000,251466800,304,272500,380400,32800
29015974,251458000,251556500,251009000,251556500,326,449000,547500,547500
29015975,251546500,251775300,251518800,251743300,312,27700,256500,224500
29015976,251760400,252035700,251719600,251976700,304,40800,316100,257100
29015977,251984600,252125700,251918600,252041500,314,66000,207100,122900
29015978,252040900,252309200,252025000,252166600,277,15900,284200,141600
29015979,252163900,252493100,252163500,252478100,283,400,329600,314600
29015980,252476600,252846200,252432000,252548100,315,44600,414200,116100
29015981,252534700,252534700,252312200,252358400,281,222500,222500,46200
29015982,252377800,252482800,252202100,252206100,308,175700,280700,4000
29015983,252212000,252348300,252139800,252229200,284,72200,208500,89400
29015984,252231100,252344800,252040600,252124200,285,190500,304200,83600
29015985,252117300,252316100,251975700,252194300,283,141600,340400,218600
29015986,252224300,252439400,252062200,252074400,304,162100,377200,12200
29015987,252076300,252076300,251632100,251743800,326,444200,444200,111700
29015988,251742700,251891900,251365000,251530700,306,377700,526900,165700
29015989,251530200,251530200,251224000,251334800,309,306200,306200,110800
29015990,251334200,251595600,251332200,251528100,307,2000,263400,195900
29015991,251517200,251679700,251499000,251604500,294,18200,180700,105500
29015992,251610600,251888200,251610600,251842900,261,0,277600,232300
29015993,251823300,252024200,251762700,251924000,312,60600,261500,161300
29015994,251916300,251916300,251457600,251572600,281,458700,458700,115000
29015995,251572100,251596400,251419100,251443300,259,153000,177300,24200
29015996,251439500,251761700,251392200,251754900,307,47300,369500,362700
29015997,251762300,252165100,251756300,252056300,294,6000,408800,300000
29015998,252052200,252198400,252023000,252023000,288,29200,175400,0
29015999,252028500,252029000,251950800,251973400,252,77700,78200,22600
29016000,251971700,252469800,251971700,252036300,290,0,498100,64600
29016001,252042700,252042700,251072700,251079300,322,970000,970000,6600
29016002,251083000,251086800,250475400,250807400,314,607600,611400,332000
29016003,250851300,251242600,250668900,250722100,322,182400,573700,53200
29016004,250712800,250832700,250016600,250277300,324,696200,816100,260700
29016005,250265900,250646200,250071100,250333800,330,194800,575100,262700
29016006,250332300,250651200,249759200,249811100,325,573100,892000,51900
29016007,249848000,249900100,248900300,249089600,325,947700,999800,189300
29016008,249098900,249491300,248855400,249006700,330,243500,635900,151300
29016009,249024500,249436900,248894200,249021300,332,130300,542700,127100
29016010,249022200,249550400,248890400,249313700,325,131800,660000,423300
29016011,249337100,249569500,249027000,249050700,322,310100,542500,23700
29016012,249052500,249080400,248523300,248605000,324,529200,557100,81700
29016013,248601100,249010700,248247600,248653500,326,353500,763100,405900
29016014,248650500,248760300,248412300,248441200,323,238200,348000,28900
29016015,248417800,248698300,248133900,248698300,329,283900,564400,564400
29016016,248700800,249097200,248659000,248961700,328,41800,438200,302700
29016017,248972500,249391800,248425300,248442400,322,547200,966500,17100
29016018,248438300,248783800,248234100,248362400,320,204200,549700,128300
29016019,248350900,248490600,247953700,248424900,330,397200,536900,471200
29016020,248421200,248642000,248047900,248580800,328,373300,594100,532900
29016021,248552000,248765100,248373400,248765100,328,178600,391700,391700
29016022,248780700,248808300,248553400,248677000,328,227300,254900,123600
29016023,248704900,248724400,247958900,248071000,326,746000,765500,112100
29016024,248072900,248219900,247954800,248163200,327,118100,265100,208400
29016025,248160100,248464600,248151100,248366300,326,9000,313500,215200
29016026,248379100,248507300,248170100,248288400,316,209000,337200,118300
29016027,248286400,248551600,248222600,248433600,326,63800,329000,211000
29016028,248433900,248763200,248363700,248729200,320,70200,399500,365500
29016029,248721300,248968800,248701300,248968800,280,20000,267500,267500
29016030,248969700,249421200,248919200,249155100,322,50500,502000,235900
29016031,249157900,249345700,248824600,248965500,318,333300,521100,140900
29016032,248962200,248966800,248413400,248437900,320,548800,553400,24500
29016033,248439800,248612300,248199100,248601000,306,240700,413200,401900
29016034,248580600,248650900,248261900,248381200,324,318700,389000,119300
29016035,248409800,248409800,247761400,247801500,324,648400,648400,40100
29016036,247792100,248408200,247792100,248233000,321,0,616100,440900
29016037,248188600,248236700,247855400,248059100,316,333200,381300,203700
29016038,248073100,248217900,247629500,247629500,316,443600,588400,0
29016039,247660100,247877300,247476100,247872200,304,184000,401200,396100
29016040,247873800,248292100,247859900,247918700,312,13900,432200,58800
29016041,247906900,248114500,247891100,248079400,307,15800,223400,188300
29016042,248081000,248181300,247763400,248020500,307,317600,417900,257100
29016043,248013800,248199400,247899300,248199400,282,114500,300100,300100
29016044,248202500,248257500,248125600,248130800,280,76900,131900,5200
29016045,248134400,248596400,248006600,248549300,316,127800,589800,542700
29016046,248527900,248527900,247897300,248086800,304,630600,630600,189500
29016047,248088900,248093600,247495700,247563500,308,593200,597900,67800
29016048,247559600,247703500,247333700,247663400,298,225900,369800,329700
29016049,247657800,247833200,247381900,247390900,294,275900,451300,9000
29016050,247383700,247573000,247383700,247483400,302,0,189300,99700
29016051,247485700,247753000,247483000,247629400,301,2700,270000,146400
29016052,247621500,247770000,247526800,247769400,305,94700,243200,242600
29016053,247773200,247848200,247340200,247457200,288,433000,508000,117000
29016054,247446700,247483400,247292900,247442900,256,153800,190500,150000
29016055,247444700,247558800,247164800,247181400,264,279900,394000,16600
29016056,247179200,247258800,246840100,246849600,300,339100,418700,9500
29016057,246864200,247048300,246648600,246802300,304,215600,399700,153700
29016058,246806000,246873900,246720200,246757000,256,85800,153700,36800
29016059,246757300,246767500,246610600,246716000,247,146700,156900,105400
29016060,246715500,247076000,246620600,247075100,300,94900,455400,454500
29016061,247080100,247332200,246917500,247307000,312,162600,414700,389500
29016062,247309100,247378800,247035100,247232900,319,274000,343700,197800
29016063,247248300,247305000,247097000,247101100,298,151300,208000,4100
29016064,247090800,247335100,246982100,247060200,290,108700,353000,78100
29016065,247046600,247272800,247013500,247076000,319,33100,259300,62500
29016066,247079200,247268600,247009300,247170300,306,69900,259300,161000
29016067,247164400,247509300,247098400,247484100,303,66000,410900,385700
29016068,247480200,247741200,247477100,247529300,300,3100,264100,52200
29016069,247534100,247674700,247512500,247595700,304,21600,162200,83200
29016070,247589000,247591700,247316300,247389200,246,272700,275400,72900
29016071,247388200,247459600,246990500,247136400,257,397700,469100,145900
29016072,247143000,247241000,246960000,247102900,294,183000,281000,142900
29016073,247099700,247112200,246724300,246753800,282,375400,387900,29500
29016074,246742300,246787500,246330900,246330900,293,411400,456600,0
29016075,246321600,246407000,246155000,246173400,310,166600,252000,18400
29016076,246174200,246300800,245945600,246300800,299,228600,355200,355200
29016077,246308400,246308400,245575600,245677300,318,732800,732800,101700
29016078,245715900,245731800,245358500,245431000,324,357400,373300,72500
29016079,245403100,246166600,245403100,246166600,316,0,763500,763500
29016080,246207000,246230000,245932400,246063600,320,274600,297600,131200
29016081,246064200,246627300,245943700,246505300,320,120500,683600,561600
29016082,246502200,246759000,246502200,246758700,281,0,256800,256500
29016083,246751600,246804200,246608400,246743000,296,143200,195800,134600
29016084,246747900,246861500,246382700,246391400,318,365200,478800,8700
29016085,246390300,246390300,245715500,245794500,323,674800,674800,79000
29016086,245807400,246253100,245807400,246253100,312,0,445700,445700
29016087,246255000,246487300,245996400,246002100,316,258600,490900,5700
29016088,246018100,246109600,245821100,246108900,312,197000,288500,287800
29016089,246110500,246194000,245896000,246194000,297,214500,298000,298000
29016090,246198800,246364200,245963600,245995000,324,235200,400600,31400
29016091,245999400,246298500,245863600,246120700,316,135800,434900,257100
29016092,246128000,246265800,245878700,245927000,321,249300,387100,48300
29016093,245922600,246216300,245867700,246052500,330,54900,348600,184800
29016094,246050800,246050800,245705200,245722400,304,345600,345600,17200
29016095,245719500,245726700,245444700,245496800,311,274800,282000,52100
29016096,245487000,245520400,245227800,245243800,320,259200,292600,16000
29016097,245237000,245519700,245233200,245517800,313,3800,286500,284600
29016098,245526600,245716200,245526200,245712000,306,400,190000,185800
29016099,245714900,246426000,245714300,246426000,316,600,711700,711700
29016100,246416000,246488500,246231900,246487800,281,184100,256600,255900
29016101,246509500,246762100,246444300,246536200,308,65200,317800,91900
29016102,246565200,246861600,246565200,246736800,302,0,296400,171600
29016103,246739800,247127600,246686700,247127600,312,53100,440900,440900
29016104,247125100,247125100,246748900,246922700,292,376200,376200,173800
29016105,246935900,246943400,246092300,246449000,324,843600,851100,356700
29016106,246473500,246602100,246270200,246560200,316,203300,331900,290000
29016107,246580200,246680900,246316600,246330600,323,263600,364300,14000
29016108,246328100,246628300,246285200,246290300,313,42900,343100,5100
29016109,246290900,246387400,245937200,246012100,313,353700,450200,74900
29016110,246012800,246421900,245980500,246405700,318,32300,441400,425200
29016111,246413300,246413300,246028300,246254900,314,385000,385000,226600
29016112,246252900,246252900,245970600,246243200,280,282300,282300,272600
29016113,246243700,246261300,245986200,246142400,270,257500,275100,156200
29016114,246136100,246472500,246136100,246259300,288,0,336400,123200
29016115,246260000,246707000,246230600,246531300,298,29400,476400,300700
29016116,246528000,246528000,246102700,246106700,296,425300,425300,4000
29016117,246104800,246192200,245858700,246191000,298,246100,333500,332300
29016118,246191900,246389300,246078200,246130200,314,113700,311100,52000
29016119,246131200,246182000,245998600,246016800,286,132600,183400,18200
29016120,246022300,246295500,245745700,245758400,296,276600,549800,12700
29016121,245765600,246067900,245714200,246042000,314,51400,353700,327800
29016122,246040200,246172800,245857000,245908200,314,183200,315800,51200
29016123,245914700,246136000,245354600,245394400,304,560100,781400,39800
29016124,245396900,245622300,245317400,245346100,318,79500,304900,28700
29016125,245346400,245354800,244746600,244802600,324,599800,608200,56000
29016126,244795000,244799200,244011600,244412600,328,783400,787600,401000
29016127,244416500,244582600,244142500,244353800,332,274000,440100,211300
29016128,244351900,244358700,244139600,244249200,317,212300,219100,109600
29016129,244250400,244296200,243975500,244168100,328,274900,320700,192600
29016130,244188300,244294100,244041200,244284200,332,147100,252900,243000
29016131,244291500,244627300,243864800,244281900,318,426700,762500,417100
29016132,244274200,244477300,243973100,243973100,317,301100,504200,0
29016133,243960400,244570300,243911600,244399500,319,48800,658700,487900
29016134,244397800,244496400,244174400,244368800,318,223400,322000,194400
29016135,244380600,244642900,244173300,244598900,318,207300,469600,425600
29016136,244598200,244612600,244022100,244064600,308,576100,590500,42500
29016137,244055000,244254700,243815900,243815900,310,239100,438800,0
29016138,243768100,244328000,243751900,244269900,322,16200,576100,518000
29016139,244278800,244641500,244278800,244382800,318,0,362700,104000
29016140,244380600,244539100,244223900,244223900,316,156700,315200,0
29016141,244221800,244322900,243891500,243891500,298,330300,431400,0
29016142,243836400,243878600,243303900,243451300,326,532500,574700,147400
29016143,243455100,243503200,243032200,243360400,323,422900,471000,328200
29016144,243369700,243702100,243348200,243539400,330,21500,353900,191200
29016145,243541900,243624100,243066200,243123800,327,475700,557900,57600
29016146,243123900,243425500,242516900,242651800,308,607000,908600,134900
29016147,242633200,242751100,242355800,242374300,323,277400,395300,18500
29016148,242376600,242660600,242071700,242500400,324,304900,588900,428700
29016149,242493400,242712000,242125400,242193100,326,368000,586600,67700
29016150,242206600,242637700,242206600,242264200,328,0,431100,57600
29016151,242254000,242980700,242249500,242834800,322,4500,731200,585300
29016152,242821500,243030900,242814800,242968100,314,6700,216100,153300
29016153,242964100,243467800,242964100,243315900,315,0,503700,351800
29016154,243311300,243740600,243250700,243666800,302,60600,489900,416100
29016155,243670200,243981700,243455100,243881400,320,215100,526600,426300
29016156,243874100,244186600,243854000,243943700,324,20100,332600,89700
29016157,243951800,243969800,243718200,243812700,305,233600,251600,94500
29016158,243806700,244079500,243578300,243730000,320,228400,501200,151700
29016159,243728700,243998900,243722500,243829400,321,6200,276400,106900
29016160,243829900,244092600,243767100,243839000,326,62800,325500,71900
29016161,243837600,244207200,243814800,244207200,316,22800,392400,392400
29016162,244206500,244457100,244131400,244131400,318,75100,325700,0
29016163,244113900,244233100,243951200,243951200,290,162700,281900,0
29016164,243948500,244217600,243935000,244094500,309,13500,282600,159500
29016165,244104200,244359300,244083500,244178900,301,20700,275800,95400
29016166,244143400,244510600,243910500,244510600,318,232900,600100,600100
29016167,244519100,245149900,244512000,244929800,318,7100,637900,417800
29016168,244920300,244920300,244605300,244857600,308,315000,315000,252300
29016169,244870700,244871400,244476600,244535600,291,394100,394800,59000
29016170,244546400,244569800,244312400,244565700,310,234000,257400,253300
29016171,244584500,244658100,244477100,244599900,316,107400,181000,122800
29016172,244590800,244916200,244561000,244898900,307,29800,355200,337900
29016173,244888300,244922900,244591300,244656600,299,297000,331600,65300
29016174,244657300,244657300,244473700,244482600,236,183600,183600,8900
29016175,244478600,244617400,244419900,244616100,256,58700,197500,196200
29016176,244598500,244626100,244494000,244605900,262,104500,132100,111900
29016177,244600300,244825000,244580200,244749500,266,20100,244800,169300
29016178,244724500,244950700,244593300,244950700,280,131200,357400,357400
29016179,244948500,244972700,244822500,244905800,250,126000,150200,83300
29016180,244903600,245113100,244903600,245052500,290,0,209500,148900
29016181,245064800,245384400,245064800,245145000,284,0,319600,80200
29016182,245143000,245673600,245143000,245646700,312,0,530600,503700
29016183,245648300,245648300,245123300,245123300,304,525000,525000,0
29016184,245109900,245109900,244735700,244808400,298,374200,374200,72700
29016185,244811600,244832200,244562200,244601200,248,249400,270000,39000
29016186,244603100,244641300,244465000,244483200,252,138100,176300,18200
29016187,244491900,244498100,244170000,244176000,296,321900,328100,6000
29016188,244171200,244242400,243966400,244205200,273,204800,276000,238800
29016189,244210300,244354500,244008500,244354500,302,201800,346000,346000
29016190,244350200,244402700,244206600,244323300,289,143600,196100,116700
29016191,244327700,244452800,244220500,244364900,272,107200,232300,144400
29016192,244361300,244497000,244306600,244488700,266,54700,190400,182100
29016193,244488400,244642200,244249800,244249800,278,238600,392400,0
29016194,244228400,244228400,243876400,244066600,292,352000,352000,190200
29016195,244070000,244242600,243859600,244229900,312,210400,383000,370300
29016196,244228700,244260100,243712200,243775900,310,516500,547900,63700
29016197,243755800,244095700,243743700,244051000,310,12100,352000,307300
29016198,244035900,244040800,243565900,243593200,294,470000,474900,27300
29016199,243589600,243706500,243304500,243477900,306,285100,402000,173400
29016200,243459600,243531000,243229700,243498300,303,229900,301300,268600
29016201,243494200,243748300,243494200,243726700,312,0,254100,232500
29016202,243745500,243889700,243365500,243368000,306,380000,524200,2500
29016203,243362000,243406900,243110500,243306400,301,251500,296400,195900
29016204,243306500,243311800,243042100,243060100,307,264400,269700,18000
29016205,243050000,243384200,242790900,242808200,306,259100,593300,17300
29016206,242785300,243067200,242722100,242744800,314,63200,345100,22700
29016207,242741100,243244000,242670200,243243500,308,70900,573800,573300
29016208,243259800,243609500,243256400,243492600,303,3400,353100,236200
29016209,243486500,243578900,243355800,243399700,313,130700,223100,43900
29016210,243402800,243860000,243389200,243546200,317,13600,470800,157000
29016211,243538600,243778000,243418100,243427400,303,120500,359900,9300
29016212,243428000,243683200,243282900,243677000,314,145100,400300,394100
29016213,243673000,243939300,243580700,243936000,318,92300,358600,355300
29016214,243938500,244109900,243545200,243980600,309,393300,564700,435400
29016215,243960900,244062200,243891900,243999100,320,69000,170300,107200
29016216,243991500,244169700,243911800,243968400,301,79700,257900,56600
29016217,243965300,244149300,243919500,243961500,282,45800,229800,42000
29016218,243959800,244207600,243814700,244144000,266,145100,392900,329300
29016219,244147500,244209200,244010900,244093800,187,136600,198300,82900
29016220,244093000,244161500,243921900,243995400,256,171100,239600,73500
29016221,243990900,243990900,243500300,243509600,262,490600,490600,9300
29016222,243511700,243537000,243195700,243269800,276,316000,341300,74100
29016223,243274800,243454000,243121000,243121600,287,153800,333000,600
29016224,243116000,243146200,242839800,243025200,294,276200,306400,185400
29016225,243031200,243388400,242845700,243350800,298,185500,542700,505100
29016226,243342800,243664400,243192000,243444500,310,150800,472400,252500
29016227,243445100,243668400,243333100,243610700,301,112000,335300,277600
29016228,243622900,243695200,243430300,243553800,307,192600,264900,123500
29016229,243549400,243877500,243549400,243740900,262,0,328100,191500
29016230,243746500,243909700,243743900,243841000,286,2600,165800,97100
29016231,243844200,243982800,243801900,243804500,278,42300,180900,2600
29016232,243824200,244011700,243742200,243964800,264,82000,269500,222600
29016233,243964700,244091200,243904200,244088800,290,60500,187000,184600
29016234,244078100,244343200,244056100,244116400,302,22000,287100,60300
29016235,244117100,244257600,243990000,244005900,266,127100,267600,15900
29016236,243999000,244095400,243950700,244069200,262,48300,144700,118500
29016237,244066500,244281600,244040000,244222300,263,26500,241600,182300
29016238,244231000,244344300,244106400,244341900,233,124600,237900,235500
29016239,244339000,244339000,244167300,244254100,226,171700,171700,86800
29016240,244254800,244340600,244198300,244297900,262,56500,142300,99600
29016241,244299100,244336500,244173800,244177200,240,125300,162700,3400
29016242,244181000,244359900,244171200,244337700,262,9800,188700,166500
29016243,244341300,244397800,244088500,244088500,237,252800,309300,0
29016244,244063200,244332400,244024200,244261300,253,39000,308200,237100
29016245,244250100,244256400,244074800,244191300,275,175300,181600,116500
29016246,244191400,244197600,243957700,244154700,277,233700,239900,197000
29016247,244150200,244213700,243940200,243940200,193,210000,273500,0
29016248,243932100,243971500,243766300,243939800,225,165800,205200,173500
29016249,243933200,244093700,243908100,243984500,246,25100,185600,76400
29016250,243982500,244021000,243888100,244015900,240,94400,132900,127800
29016251,244009800,244149700,243919800,244123200,229,90000,229900,203400
29016252,244126200,244219900,243850500,243850500,276,275700,369400,0
29016253,243839900,244117000,243830800,244029800,268,9100,286200,199000
29016254,244027200,244033900,243857300,243911700,244,169900,176600,54400
29016255,243903500,243914000,243662600,243769400,290,240900,251400,106800
29016256,243765900,243799100,243418300,243734500,304,347600,380800,316200
29016257,243737500,244096200,243731300,243951500,304,6200,364900,220200
29016258,243949800,244154200,243948800,244139000,281,1000,205400,190200
29016259,244135900,244256100,244090900,244254900,248,45000,165200,164000
29016260,244256100,244449600,244245700,244440800,256,10400,203900,195100
29016261,244448400,244768400,244448400,244628800,289,0,320000,180400
29016262,244624100,244714000,244601300,244676200,278,22800,112700,74900
29016263,244675600,244966900,244666600,244904700,262,9000,300300,238100
29016264,244887600,245051200,244759600,244967200,266,128000,291600,207600
29016265,244990400,245015500,244727700,244727700,254,262700,287800,0
29016266,244725800,244796200,244614900,244712700,260,110900,181300,97800
29016267,244711100,244766900,244631900,244631900,216,79200,135000,0
29016268,244628200,244647800,244545600,244545600,186,82600,102200,0
29016269,244548000,244638400,244458800,244468100,207,89200,179600,9300
29016270,244463300,244485900,244173200,244278600,248,290100,312700,105400
29016271,244280200,244286700,244075700,244097700,248,204500,211000,22000
29016272,244100200,244257600,244020200,244255700,262,80000,237400,235500
29016273,244255000,244436100,244239400,244288300,255,15600,196700,48900
29016274,244288800,244446400,244288800,244433000,247,0,157600,144200
29016275,244427800,244473200,244296400,244296400,234,131400,176800,0
29016276,244298100,244352200,244156500,244255900,216,141600,195700,99400
29016277,244254000,244480600,244254000,244480600,228,0,226600,226600
29016278,244505600,244586200,244477500,244498700,209,28100,108700,21200
29016279,244495400,244514800,244355000,244510900,206,140400,159800,155900
29016280,244513700,244513700,244342100,244416100,216,171600,171600,74000
29016281,244419100,244423700,244348700,244416000,141,70400,75000,67300
29016282,244417300,244709000,244412400,244683100,213,4900,296600,270700
29016283,244684700,244700600,244598900,244623000,203,85800,101700,24100
29016284,244615700,244965700,244611100,244965700,257,4600,354600,354600
29016285,244964100,245119700,244867700,245025900,284,96400,252000,158200
29016286,245027700,245148400,244866300,245144400,286,161400,282100,278100
29016287,245144100,245334900,245119400,245274500,277,24700,215500,155100
29016288,245270900,245320500,245175900,245199700,272,95000,144600,23800
29016289,245192500,245293300,245161600,245177700,234,30900,131700,16100
29016290,245184000,245370100,245177700,245368200,194,6300,192400,190500
29016291,245368100,245416800,245343200,245343200,193,24900,73600,0
29016292,245341300,245404200,245328000,245396500,133,13300,76200,68500
29016293,245395000,245395000,245281200,245282600,173,113800,113800,1400
29016294,245295700,245298400,244954200,245093500,209,341500,344200,139300
29016295,245092200,245092200,244865000,244883900,216,227200,227200,18900
29016296,244875100,245033900,244856000,245029700,229,19100,177900,173700
29016297,245033900,245147700,244984400,245145100,244,49500,163300,160700
29016298,245144400,245254700,245144400,245232000,198,0,110300,87600
29016299,245228300,245306500,245119300,245170500,207,109000,187200,51200
29016300,245170900,245299300,245138800,245197800,281,32100,160500,59000
29016301,245199500,245211500,245134700,245134700,216,64800,76800,0
29016302,245134800,245308900,245134800,245236300,244,0,174100,101500
29016303,245238400,245529600,245237000,245383400,263,1400,292600,146400
29016304,245375000,245375000,245237500,245265600,211,137500,137500,28100
29016305,245267000,245551900,245264800,245460100,291,2200,287100,195300
29016306,245470200,245587500,245443100,245549500,296,27100,144400,106400
29016307,245552600,245782600,245551400,245558700,262,1200,231200,7300
29016308,245559500,245559500,245255400,245320300,248,304100,304100,64900
29016309,245322800,245342200,245144000,245158600,258,178800,198200,14600
29016310,245157200,245172700,244924400,245047400,262,232800,248300,123000
29016311,245039300,245382000,245026100,245203800,272,13200,355900,177700
29016312,245201400,245230300,245131900,245206000,178,69500,98400,74100
29016313,245207900,245207900,244807700,244808800,222,400200,400200,1100
29016314,244808100,245033100,244806700,244918900,230,1400,226400,112200
29016315,244918200,245012900,244779700,244780700,214,138500,233200,1000
29016316,244776100,244943200,244535700,244831100,260,240400,407500,295400
29016317,244808300,244941900,244703100,244935200,270,105200,238800,232100
29016318,244939400,245062500,244762500,245056900,268,176900,300000,294400
29016319,245058800,245091500,244904800,244969200,232,154000,186700,64400
29016320,244968600,244971200,244649700,244733800,287,318900,321500,84100
29016321,244735500,244735500,244247200,244365900,287,488300,488300,118700
29016322,244362500,244829400,244343900,244622600,301,18600,485500,278700
29016323,244620600,244678700,244590800,244611100,253,29800,87900,20300
29016324,244605500,244653100,244484000,244522100,224,121500,169100,38100
29016325,244521400,244555600,244338300,244339000,228,183100,217300,700
29016326,244338300,244448300,244227900,244279400,255,110400,220400,51500
29016327,244278200,244505100,244278200,244502800,182,0,226900,224600
29016328,244504100,244546800,244431000,244459200,194,73100,115800,28200
29016329,244459800,244459800,244340900,244340900,172,118900,118900,0
29016330,244337500,244388300,244211600,244386400,251,125900,176700,174800
29016331,244388300,244650100,244388300,244635400,242,0,261800,247100
29016332,244635700,244714400,244634700,244683200,161,1000,79700,48500
29016333,244686900,244803800,244539600,244803800,240,147300,264200,264200
29016334,244803000,244850800,244627300,244662300,212,175700,223500,35000
29016335,244661600,244809800,244661600,244744000,215,0,148200,82400
29016336,244751600,244858900,244751600,244857400,147,0,107300,105800
29016337,244859700,244906800,244809000,244837200,206,50700,97800,28200
29016338,244839100,244896800,244750800,244754000,251,88300,146000,3200
29016339,244755300,244777200,244468200,244727700,267,287100,309000,259500
29016340,244725300,244838900,244577500,244601900,253,147800,261400,24400
29016341,244585900,244648000,244525900,244648000,227,60000,122100,122100
29016342,244653400,244807100,244485200,244549800,266,168200,321900,64600
29016343,244544400,244821900,244544400,244745900,271,0,277500,201500
29016344,244754300,244860200,244657500,244660900,251,96800,202700,3400
29016345,244655500,244730600,244520800,244558400,261,134700,209800,37600
29016346,244552000,244847500,244519600,244791500,248,32400,327900,271900
29016347,244783000,244922200,244664400,244915700,236,118600,257800,251300
29016348,244908300,245217300,244817600,245210700,282,90700,399700,393100
29016349,245214200,245245000,245073200,245076100,231,141000,171800,2900
29016350,245075800,245092600,245014500,245019600,219,61300,78100,5100
29016351,245018400,245180200,245018400,245165000,223,0,161800,146600
29016352,245163400,245168400,245023700,245027900,156,139700,144700,4200
29016353,245031800,245049400,244869800,244878100,185,162000,179600,8300
29016354,244874300,244999800,244861900,244995400,184,12400,137900,133500
29016355,244990400,245033600,244900100,244903900,199,90300,133500,3800
29016356,244901400,244952900,244883600,244916700,147,17800,69300,33100
29016357,244911800,244988600,244785500,244988600,212,126300,203100,203100
29016358,244990100,245158700,244990100,245154600,230,0,168600,164500
29016359,245150700,245204500,245106500,245112100,234,44200,98000,5600
29016360,245119300,245145000,244860000,244876500,264,259300,285000,16500
29016361,244873900,245106800,244848900,245039200,212,25000,257900,190300
29016362,245043900,245124100,244884200,244903600,238,159700,239900,19400
29016363,244901800,244932800,244488900,244541100,260,412900,443900,52200
29016364,244539500,244548100,244374400,244464100,276,165100,173700,89700
29016365,244449600,244526300,244387400,244387400,275,62200,138900,0
29016366,244383600,244399300,244101600,244103800,278,282000,297700,2200
29016367,244101600,244101600,243481700,243606300,298,619900,619900,124600
29016368,243606400,243619100,243201900,243425500,288,404500,417200,223600
29016369,243422200,243585700,243382400,243561500,283,39800,203300,179100
29016370,243560900,243746700,243552900,243585200,258,8000,193800,32300
29016371,243601600,244069900,243601600,244040500,278,0,468300,438900
29016372,244093500,244110900,243883600,243995900,266,209900,227300,112300
29016373,243993400,243995700,243758700,243784000,238,234700,237000,25300
29016374,243780200,243780200,243605900,243627500,224,174300,174300,21600
29016375,243628700,243690400,243417100,243459600,258,211600,273300,42500
29016376,243458900,243599900,243438100,243533500,235,20800,161800,95400
29016377,243533600,243629000,243279200,243503100,289,254400,349800,223900
29016378,243491700,243708200,243485700,243657100,291,6000,222500,171400
29016379,243657700,243735300,243358200,243358800,277,299500,377100,600
29016380,243362400,243462000,242994600,242995700,298,367800,467400,1100
29016381,242993600,243069700,242888300,242933600,252,105300,181400,45300
29016382,242922200,242968300,242819100,242888200,273,103100,149200,69100
29016383,242889700,242925500,242685800,242686000,272,203900,239700,200
29016384,242686600,242790900,242615000,242666200,274,71600,175900,51200
29016385,242664400,242741000,242561900,242629800,252,102500,179100,67900
29016386,242646500,242844900,242510700,242561300,239,135800,334200,50600
29016387,242559700,242559700,242392000,242466400,271,167700,167700,74400
29016388,242467100,242647200,242412500,242544100,278,54600,234700,131600
29016389,242545900,242728200,242545900,242726400,264,0,182300,180500
29016390,242727000,242727000,242250400,242368000,313,476600,476600,117600
29016391,242365600,242470400,242274300,242274300,310,91300,196100,0
29016392,242266300,242328500,241608500,241608500,314,657800,720000,0
29016393,241630500,241803100,241460700,241669800,307,169800,342400,209100
29016394,241665900,241726500,240993400,241010700,306,672500,733100,17300
29016395,241057100,241266500,240947700,240955500,324,109400,318800,7800
29016396,240950700,241238800,240854500,241221400,306,96200,384300,366900
29016397,241223200,241390600,240950000,240990300,270,273200,440600,40300
29016398,240990200,240991200,240595800,240716500,314,394400,395400,120700
29016399,240735300,240782300,240231400,240341000,309,503900,550900,109600
29016400,240364500,240364600,238858800,239169500,326,1505700,1505800,310700
29016401,239172400,239496000,239013300,239013300,325,159100,482700,0
29016402,238929200,239141900,238545100,239141900,318,384100,596800,596800
29016403,239170600,239206900,238640800,239089900,298,529800,566100,449100
29016404,239088600,239359900,239012300,239046300,293,76300,347600,34000
29016405,239037800,239180100,238582400,238742900,310,455400,597700,160500
29016406,238713500,238839800,238355600,238443400,316,357900,484200,87800
29016407,238440400,238494300,237773600,237828200,315,666800,720700,54600
29016408,237834700,238537600,237595900,238437200,318,238800,941700,841300
29016409,238438300,239159700,238438300,238606100,322,0,721400,167800
29016410,238607400,238607400,237883000,237925200,320,724400,724400,42200
29016411,237917500,238015600,237127400,237181100,321,790100,888200,53700
29016412,237179300,237293100,236735000,236753900,322,444300,558100,18900
29016413,236823400,236981300,236448600,236576700,330,374800,532700,128100
29016414,236582800,237090300,236487300,236897400,338,95500,603000,410100
29016415,236905200,237083700,236518400,236518400,330,386800,565300,0
29016416,236513600,236868800,236218600,236718500,308,295000,650200,499900
29016417,236719300,236719300,236301500,236459100,320,417800,417800,157600
29016418,236453300,236877300,236406800,236796800,313,46500,470500,390000
29016419,236798400,237574600,236790900,237384600,319,7500,783700,593700
29016420,237387300,237932800,237387300,237427200,320,0,545500,39900
29016421,237408900,237592200,237180500,237196600,312,228400,411700,16100
29016422,237194900,237246900,236495500,236495500,324,699400,751400,0
29016423,236489400,236489400,235569400,235650700,328,920000,920000,81300
29016424,235655400,236139900,235606900,235627700,326,48500,533000,20800
29016425,235617500,236895700,235576500,236789300,326,41000,1319200,1212800
29016426,236777400,237269800,236524400,237219800,336,253000,745400,695400
29016427,237197300,237824300,237075300,237154900,328,122000,749000,79600
29016428,237153900,237153900,236489200,236571900,324,664700,664700,82700
29016429,236601900,236940200,236524200,236655900,322,77700,416000,131700
29016430,236657500,237179700,236437100,237179700,328,220400,742600,742600
29016431,237192100,237794100,237163900,237723300,319,28200,630200,559400
29016432,237718700,238397100,237468900,238149100,314,249800,928200,680200
29016433,238146700,238222500,237857900,237904200,290,288800,364600,46300
29016434,237897400,238231100,237605100,237611600,296,292300,626000,6500
29016435,237607000,238206800,237607000,238118500,314,0,599800,511500
29016436,238118600,238576000,238068100,238079900,312,50500,507900,11800
29016437,238079100,238196500,237621600,237851100,294,457500,574900,229500
29016438,237837100,237889900,237609200,237653000,282,227900,280700,43800
29016439,237645800,238154500,237645300,238075400,284,500,509200,430100
29016440,238075400,238277900,237978300,238111400,276,97100,299600,133100
29016441,238114400,238160100,237919400,237942700,268,195000,240700,23300
29016442,237943200,238061600,237702500,237882200,298,240700,359100,179700
29016443,237889000,237990900,237465700,237560200,262,423300,525200,94500
29016444,237566200,237674200,237293500,237329400,279,272700,380700,35900
29016445,237375000,237528800,237131000,237134300,286,244000,397800,3300
29016446,237154900,237657500,237154900,237420300,313,0,502600,265400
29016447,237420500,237611300,237289800,237604800,293,130700,321500,315000
29016448,237608800,237892500,237543900,237812100,298,64900,348600,268200
29016449,237820400,237851100,237693600,237782800,229,126800,157500,89200
29016450,237782700,237826800,237418400,237719200,299,364300,408400,300800
29016451,237719700,238078400,237719700,238078300,301,0,358700,358600
29016452,238076300,238456700,238054100,238364400,259,22200,402600,310300
29016453,238365600,238550600,238196500,238207700,296,169100,354100,11200
29016454,238210800,238236600,238043700,238189900,282,167100,192900,146200
29016455,238189000,238195400,237293800,237329900,274,895200,901600,36100
29016456,237353300,237790600,237281500,237761800,308,71800,509100,480300
29016457,237762700,237818600,237643100,237803600,267,119600,175500,160500
29016458,237784900,238102000,237784900,237879100,259,0,317100,94200
29016459,237873600,238052000,237742400,238052000,256,131200,309600,309600
29016460,238052400,238052400,237729600,237759400,255,322800,322800,29800
29016461,237750400,237900300,237621300,237656600,276,129100,279000,35300
29016462,237657100,237777100,237613600,237756800,209,43500,163500,143200
29016463,237772200,237833700,237508800,237662700,250,263400,324900,153900
29016464,237662200,238019500,237661000,238019000,206,1200,358500,358000
29016465,238018500,238404700,237984600,238307900,247,33900,420100,323300
29016466,238291500,238379500,238075100,238288900,273,216400,304400,213800
29016467,238289400,238655200,238288400,238641900,269,1000,366800,353500
29016468,238633500,238739200,238424400,238511100,227,209100,314800,86700
29016469,238503600,238508300,238277400,238322000,164,226200,230900,44600
29016470,238314200,238368000,238176000,238341100,224,138200,192000,165100
29016471,238341800,238554200,238341200,238533800,226,600,213000,192600
29016472,238537300,238809100,238536800,238809100,220,500,272300,272300
29016473,238810800,239051800,238810800,239029100,211,0,241000,218300
29016474,239028600,239207600,238899800,239178200,226,128800,307800,278400
29016475,239177700,239241700,238982400,239179800,230,195300,259300,197400
29016476,239179300,239280200,239037900,239037900,227,141400,242300,0
29016477,239038500,239081300,238938900,238940800,168,99600,142400,1900
29016478,238941500,238994400,238919400,238968800,134,22100,75000,49400
29016479,238962500,238978200,238926700,238935300,152,35800,51500,8600
29016480,238818500,238927600,238583000,238602100,268,235500,344600,19100
29016481,238609400,238748700,238536800,238592200,270,72600,211900,55400
29016482,238604800,238669600,238481000,238535500,213,123800,188600,54500
29016483,238535500,238815300,238535500,238814400,228,0,279800,278900
29016484,238814900,238945200,238678500,238903200,226,136400,266700,224700
29016485,238906500,238910200,238480200,238480200,216,426300,430000,0
29016486,238479700,238715500,238422400,238499200,241,57300,293100,76800
29016487,238498900,238702800,238422500,238700300,250,76400,280300,277800
29016488,238699700,238831300,238655100,238754400,222,44600,176200,99300
29016489,238755300,238781800,238624400,238680700,128,130900,157400,56300
29016490,238680700,238746600,238631200,238631200,157,49500,115400,0
29016491,238633100,238635000,238207000,238207000,204,426100,428000,0
29016492,238206500,238588800,238199900,238496200,258,6600,388900,296300
29016493,238500000,238526100,238318700,238373100,214,181300,207400,54400
29016494,238364000,238494700,238211600,238229900,199,152400,283100,18300
29016495,238244200,238427300,237931500,238007300,284,312700,495800,75800
29016496,238037300,238173300,237761200,237761200,270,276100,412100,0
29016497,237742700,237742700,237405400,237405400,271,337300,337300,0
29016498,237406600,237716900,237319500,237695000,297,87100,397400,375500
29016499,237723200,237912500,237723200,237906800,291,0,189300,183600
29016500,237908800,237910800,237359500,237359500,301,549300,551300,0
29016501,237359300,237470600,237122600,237207100,301,236700,348000,84500
29016502,237203000,237203000,236902700,237055200,283,300300,300300,152500
29016503,237053300,237128100,236532200,236806200,296,521100,595900,274000
29016504,236793400,236793400,236468300,236608900,291,325100,325100,140600
29016505,236610500,236663900,236089600,236208200,316,520900,574300,118600
29016506,236212000,236326900,235937200,235999100,308,274800,389700,61900
29016507,235999200,236297400,235944700,236295000,289,54500,352700,350300
29016508,236304900,236780300,236294000,236773000,295,10900,486300,479000
29016509,236775800,236855900,236662600,236808800,251,113200,193300,146200
29016510,236810700,237085800,236692400,236857200,307,118300,393400,164800
29016511,236856900,236856900,235992200,236171200,310,864700,864700,179000
29016512,236177400,236183600,235971900,236095700,272,205500,211700,123800
29016513,236091800,236613800,236044700,236613800,303,47100,569100,569100
29016514,236634600,236900900,236565300,236607300,287,69300,335600,42000
29016515,236594100,236830200,236430100,236715000,255,164000,400100,284900
29016516,236714900,237016100,236562900,236824100,295,152000,453200,261200
29016517,236827600,237067000,236815500,236903800,292,12100,251500,88300
29016518,236888200,236947800,236664300,236664300,283,223900,283500,0
29016519,236672000,236709800,236496000,236666500,259,176000,213800,170500
29016520,236662600,236924600,236561000,236898000,298,101600,363600,337000
29016521,236892300,237115300,236866900,237068800,267,25400,248400,201900
29016522,237072000,237626300,237072000,237453000,286,0,554300,381000
29016523,237454900,237459100,237206200,237238700,288,248700,252900,32500
29016524,237232200,237246900,237071300,237071300,241,160900,175600,0
29016525,237070600,237176800,236980400,237003100,240,90200,196400,22700
29016526,237004800,237011700,236341100,236341100,263,663700,670600,0
29016527,236316100,236317000,235738800,235756900,326,577300,578200,18100
29016528,235741300,235741300,234957400,235133100,320,783900,783900,175700
29016529,235139400,235160900,234309700,234620800,312,829700,851200,311100
29016530,234614000,234682600,234291200,234372700,327,322800,391400,81500
29016531,234379600,234383500,233702300,234055500,330,677300,681200,353200
29016532,234048100,234085300,233479300,233602300,328,568800,606000,123000
29016533,233642400,234315700,233469200,233976000,325,173200,846500,506800
29016534,234002800,234168400,233573800,233624300,326,429000,594600,50500
29016535,233631700,233871600,233446500,233725600,326,185200,425100,279100
29016536,233723100,234081600,233685900,234068500,304,37200,395700,382600
29016537,234063800,234071800,233609100,233962100,316,454700,462700,353000
29016538,233972400,234636300,233972400,234343600,308,0,663900,371200
29016539,234347100,234770300,234347100,234691600,312,0,423200,344500
29016540,234684300,234845600,233743700,233856700,322,940600,1101900,113000
29016541,233827800,234135200,233778700,233810600,334,49100,356500,31900
29016542,233811800,234082600,233621300,234006100,330,190500,461300,384800
29016543,233987600,234761600,233976500,234668700,330,11100,785100,692200
29016544,234668300,235313500,234668300,234983400,316,0,645200,315100
29016545,234995000,235193500,234756800,234863500,324,238200,436700,106700
29016546,234867500,235121500,234539800,234539800,322,327700,581700,0
29016547,234512900,234919500,234443900,234493700,323,69000,475600,49800
29016548,234491700,234806600,234358400,234806600,326,133300,448200,448200
29016549,234811800,235242000,234811800,234977300,324,0,430200,165500
29016550,234981200,235195500,234820800,235111500,300,160400,374700,290700
29016551,235102400,235650700,235095700,235239000,323,6700,555000,143300
29016552,235259200,235418200,235012100,235012100,309,247100,406100,0
29016553,235006800,235165300,234805100,235000500,280,201700,360200,195400
29016554,234957900,235114100,234599800,234599800,286,358100,514300,0
29016555,234598900,235269800,234586000,235269300,308,12900,683800,683300
29016556,235266600,235268200,234560800,234640400,312,705800,707400,79600
29016557,234637600,234792300,234319700,234328900,288,317900,472600,9200
29016558,234331200,234578800,233893700,234039500,298,437500,685100,145800
29016559,234005800,234150000,233782400,233918900,320,223400,367600,136500
29016560,233932600,234000300,233263500,233464600,322,669100,736800,201100
29016561,233463400,233535500,232471400,232667800,320,992000,1064100,196400
29016562,232672800,233042600,232455800,232971200,318,217000,586800,515400
29016563,232996600,233954800,232996600,233791300,328,0,958200,794700
29016564,233778700,234335700,233769200,234200000,318,9500,566500,430800
29016565,234196100,235094000,234196100,234854300,308,0,897900,658200
29016566,234864000,235088100,234724400,234981400,302,139600,363700,257000
29016567,234982000,234998500,234620200,234752000,307,361800,378300,131800
29016568,234733800,234869300,234542900,234757900,306,190900,326400,215000
29016569,234750300,235308100,234726500,235282800,294,23800,581600,556300
29016570,235274200,235445000,234993700,235033100,328,280500,451300,39400
29016571,235012000,235135700,234804600,234825700,312,207400,331100,21100
29016572,234826500,235131200,234665400,234712300,321,161100,465800,46900
29016573,234719800,235007100,234719800,234883100,318,0,287300,163300
29016574,234871600,235086300,234563700,235069700,318,307900,522600,506000
29016575,235070300,235251300,235050600,235200100,314,19700,200700,149500
29016576,235203700,235469800,235186800,235427800,305,16900,283000,241000
29016577,235423800,235553500,235193700,235404900,307,230100,359800,211200
29016578,235405900,235405900,234891600,234977200,252,514300,514300,85600
29016579,234973400,234988300,234847900,234890200,269,125500,140400,42300
29016580,234892300,235045800,234678100,235017200,291,214200,367700,339100
29016581,235016100,235063900,234722300,235009200,279,293800,341600,286900
29016582,235002000,235060000,234695800,234911900,257,306200,364200,216100
29016583,234922900,235033100,234853600,235033100,264,69300,179500,179500
29016584,235038200,235192800,234908200,234928100,265,130000,284600,19900
29016585,234941500,234947300,234347200,234798300,304,594300,600100,451100
29016586,234812800,235103500,234812800,234969500,288,0,290700,156700
29016587,234975800,235045200,234461700,234551100,274,514100,583500,89400
29016588,234555000,234599100,234133000,234277800,299,422000,466100,144800
29016589,234269200,234484700,234053200,234068100,277,216000,431500,14900
29016590,234067700,234403300,233971000,234272700,284,96700,432300,301700
29016591,234275300,234785900,234252800,234785900,283,22500,533100,533100
29016592,234786800,235210500,234786800,235210500,264,0,423700,423700
29016593,235224700,235270300,235017900,235125300,268,206800,252400,107400
29016594,235131400,235253700,235016700,235197200,266,114700,237000,180500
29016595,235196700,235206400,234861900,235060300,276,334800,344500,198400
29016596,235056400,235284100,234886400,235284100,233,170000,397700,397700
29016597,235283600,235294000,235079300,235294000,242,204300,214700,214700
29016598,235302400,235368900,235200600,235309900,281,101800,168300,109300
29016599,235313400,235317000,234890900,234901800,229,422500,426100,10900
29016600,234900300,235310900,234847400,235261000,287,52900,463500,413600
29016601,235263600,235365800,234885000,234885000,278,378600,480800,0
29016602,234870900,235101500,234523700,235101500,292,347200,577800,577800
29016603,235101400,235350600,235094600,235208700,285,6800,256000,114100
29016604,235208100,235211100,234764900,234976000,261,443200,446200,211100
29016605,235005400,235005400,234655500,234685600,306,349900,349900,30100
29016606,234695500,235019200,234485200,234764600,304,210300,534000,279400
29016607,234766500,234838500,234591900,234646700,269,174600,246600,54800
29016608,234633900,235049600,234414500,234545200,280,219400,635100,130700
29016609,234544100,234662000,234399200,234450100,274,144900,262800,50900
29016610,234447500,234686700,234236700,234667000,310,210800,450000,430300
29016611,234666200,234823000,234457200,234648700,304,209000,365800,191500
29016612,234647600,235028800,234600300,234877200,281,47300,428500,276900
29016613,234884900,235085200,234582000,235039900,320,302900,503200,457900
29016614,235034300,235250500,235034300,235082500,276,0,216200,48200
29016615,235093200,235362500,235003400,235361900,300,89800,359100,358500
29016616,235361400,236234300,235357000,236214900,310,4400,877300,857900
29016617,236220200,236723700,236127300,236723700,312,92900,596400,596400
29016618,236698600,236698600,236247200,236339300,302,451400,451400,92100
29016619,236338700,236338700,235833100,236025600,298,505600,505600,192500
29016620,236025100,236125700,235812500,236075900,296,212600,313200,263400
29016621,236080200,236447100,236054600,236379800,295,25600,392500,325200
29016622,236378700,236446700,236028800,236048300,277,349900,417900,19500
29016623,236053400,236069600,235840900,235893700,240,212500,228700,52800
29016624,235873900,235896300,235836000,235849800,202,37900,60300,13800
29016625,235851400,236000800,235698200,235948300,268,153200,302600,250100
29016626,235946700,235946700,235736800,235927800,229,209900,209900,191000
29016627,235929000,236122900,235730200,236071300,245,198800,392700,341100
29016628,236075100,236146900,235975100,236146700,242,100000,171800,171600
29016629,236155300,236213000,235974600,235981600,150,180700,238400,7000
29016630,235955900,235957300,235640100,235920200,226,315800,317200,280100
29016631,235922700,236091400,235778800,236086400,254,143900,312600,307600
29016632,236088300,236257500,235946500,235950000,248,141800,311000,3500
29016633,235946100,235946100,235728900,235910500,258,217200,217200,181600
29016634,235895000,235970700,235828400,235910600,250,66600,142300,82200
29016635,235908600,235908600,235520300,235659500,221,388300,388300,139200
29016636,235662600,235807800,235541500,235803600,248,121100,266300,262100
29016637,235803100,236358900,235803100,236345700,256,0,555800,542600
29016638,236343700,236505600,236290100,236480500,255,53600,215500,190400
29016639,236478500,236581000,236392600,236392600,275,85900,188400,0
29016640,236398200,236398200,236058900,236153300,270,339300,339300,94400
29016641,236150000,236373100,236048400,236048400,277,101600,324700,0
29016642,236039600,236199000,235939700,236107100,244,99900,259300,167400
29016643,236101600,236259200,236071500,236200200,213,30100,187700,128700
29016644,236201900,236328100,236010000,236328100,269,191900,318100,318100
29016645,236329500,236331100,235651700,235651700,299,677800,679400,0
29016646,235620000,235786400,235199000,235464300,277,421000,587400,265300
29016647,235471300,235568700,235322900,235566200,275,148400,245800,243300
29016648,235565600,235755800,235504000,235578600,258,61600,251800,74600
29016649,235571500,235800000,235571500,235795400,259,0,228500,223900
29016650,235795400,235795400,235418900,235455200,253,376500,376500,36300
29016651,235457100,235498200,235362700,235398900,194,94400,135500,36200
29016652,235394200,235514400,235356200,235495700,220,38000,158200,139500
29016653,235497700,235809600,235497700,235674400,201,0,311900,176700
29016654,235677800,235790000,235672700,235756800,161,5100,117300,84100
29016655,235755300,235792000,235585600,235604500,204,169700,206400,18900
29016656,235596200,235751600,235535000,235712100,166,61200,216600,177100
29016657,235710200,236000400,235585900,235996400,186,124300,414500,410500
29016658,236000300,236156100,235896800,236113200,208,103500,259300,216400
29016659,236118100,236227600,236021000,236088000,209,97100,206600,67000
29016660,236084400,236084400,235644400,235782000,261,440000,440000,137600
29016661,235781500,236180600,235765000,236180600,268,16500,415600,415600
29016662,236173000,236173000,235749300,235807100,241,423700,423700,57800
29016663,235808800,235894200,235684600,235890000,225,124200,209600,205400
29016664,235886700,235914100,235672000,235804000,192,214700,242100,132000
29016665,235792600,235795300,235561200,235608000,252,231400,234100,46800
29016666,235607500,235747300,235571600,235747300,246,35900,175700,175700
29016667,235744300,236032800,235744300,236006600,227,0,288500,262300
29016668,236010500,236120000,235896700,236003200,246,113800,223300,106500
29016669,236001300,236224200,235963500,236200400,276,37800,260700,236900
29016670,236202900,236437000,236051200,236100400,301,151700,385800,49200
29016671,236096600,236096600,235890900,235921400,258,205700,205700,30500
29016672,235921600,235934200,235769000,235783500,179,152600,165200,14500
29016673,235785500,235895500,235624600,235732000,195,160900,270900,107400
29016674,235734200,235745000,235601900,235643300,166,132300,143100,41400
29016675,235645200,235715200,235155900,235361300,249,489300,559300,205400
29016676,235363300,235507600,235180900,235507600,276,182400,326700,326700
29016677,235528400,235593800,235332500,235419000,260,195900,261300,86500
29016678,235419900,235463700,234882500,234974300,256,537400,581200,91800
29016679,234967500,235030300,234634000,234987100,298,333500,396300,353100
29016680,234983700,235298700,234952500,235174700,291,31200,346200,222200
29016681,235183900,235375000,234730100,234835600,314,453800,644900,105500
29016682,234845400,235064400,234771700,234900100,280,73700,292700,128400
29016683,234899600,235050300,234696100,234916600,274,203500,354200,220500
29016684,235026400,235061700,234873000,234952500,267,153400,188700,79500
29016685,234962300,235176500,234761500,235176500,252,200800,415000,415000
29016686,235169900,235383800,235123500,235256200,235,46400,260300,132700
29016687,235256500,235480000,235147100,235478900,251,109400,332900,331800
29016688,235478300,235542700,235358200,235493800,266,120100,184500,135600
29016689,235485200,235818500,235483600,235556600,229,1600,334900,73000
29016690,235552700,235669900,235324600,235656200,269,228100,345300,331600
29016691,235658100,235854300,235602800,235834200,218,55300,251500,231400
29016692,235826700,235980700,235803300,235860600,230,23400,177400,57300
29016693,235862500,235891200,235340000,235438100,238,522500,551200,98100
29016694,235445000,235657400,235421900,235625800,251,23100,235500,203900
29016695,235626400,235839500,235625800,235839400,176,600,213700,213600
29016696,235837800,235837800,235416600,235468300,165,421200,421200,51700
29016697,235464400,235793400,235464400,235711600,207,0,329000,247200
29016698,235711700,235822200,235641300,235782100,212,70400,180900,140800
29016699,235781600,235781600,235606000,235629900,193,175600,175600,23900
29016700,235622600,235750400,235567900,235712800,143,54700,182500,144900
29016701,235713000,235795300,235690700,235712800,189,22300,104600,22100
29016702,235704700,235868400,235438900,235868400,198,265800,429500,429500
29016703,235869700,235883700,235699400,235833100,198,170300,184300,133700
29016704,235832500,235920100,235787200,235837500,173,45300,132900,50300
29016705,235846300,235856900,235492600,235814500,210,353700,364300,321900
29016706,235810600,236026500,235810300,235898500,196,300,216200,88200
29016707,235896600,236016200,235756100,235952700,208,140500,260100,196600
29016708,235947200,235947200,235802700,235944500,184,144500,144500,141800
29016709,235944400,235952500,235562600,235563100,176,381800,389900,500
29016710,235562000,235595200,235289300,235432800,218,272700,305900,143500
29016711,235437400,235746400,235410100,235660400,241,27300,336300,250300
29016712,235656800,235656800,235401500,235424900,203,255300,255300,23400
29016713,235424300,235495500,235273100,235415900,145,151200,222400,142800
29016714,235417800,235430700,235290000,235358600,173,127800,140700,68600
29016715,235355500,235355500,235154600,235324300,125,200900,200900,169700
29016716,235321000,235338600,235318200,235338500,72,2800,20400,20300
29016717,235331600,235793400,235331600,235745700,172,0,461800,414100
29016718,235744100,235855700,235664500,235788100,205,79600,191200,123600
29016719,235789200,235806900,235715800,235766400,185,73400,91100,50600
29016720,235773100,235864400,235497100,235623500,288,276000,367300,126400
29016721,235624200,235823100,235562800,235812500,284,61400,260300,249700
29016722,235813000,236416800,235813000,236375000,294,0,603800,562000
29016723,236402100,237089100,236401500,237089100,306,600,687600,687600
29016724,237087100,237652100,236862100,237493100,308,225000,790000,631000
29016725,237476000,237568000,237062400,237062400,302,413600,505600,0
29016726,237061200,237271200,236925100,236928800,272,136100,346100,3700
29016727,236927000,237779200,236927000,237610200,306,0,852200,683200
29016728,237615700,237789800,237375300,237442000,301,240400,414500,66700
29016729,237420500,237420500,237038700,237102900,315,381800,381800,64200
29016730,237101000,237101000,236700200,236700200,289,400800,400800,0
29016731,236698300,236799600,236482700,236488100,283,215600,316900,5400
29016732,236487500,236551200,236406500,236521700,287,81000,144700,115200
29016733,236520500,236546000,236387700,236488600,257,132800,158300,100900
29016734,236491800,236613000,236327700,236605700,268,164100,285300,278000
29016735,236604000,236759200,236435700,236532600,268,168300,323500,96900
29016736,236537000,236564300,236329800,236347600,253,207200,234500,17800
29016737,236348100,236527500,235931000,235949600,274,417100,596500,18600
29016738,235945000,235945000,235412200,235527000,283,532800,532800,114800
29016739,235527900,235628500,235437300,235613300,265,90600,191200,176000
29016740,235594600,236018200,235587100,235827500,298,7500,431100,240400
29016741,235845500,236044100,235829900,235924600,273,15600,214200,94700
29016742,235925200,236269800,235887900,236157600,266,37300,381900,269700
29016743,236169400,236354300,236161500,236295400,245,7900,192800,133900
29016744,236292800,236339000,236189400,236308200,246,103400,149600,118800
29016745,236307000,236369300,236056600,236356100,241,250400,312700,299500
29016746,236355600,236355700,236118100,236334000,241,237500,237600,215900
29016747,236338600,236353300,236080500,236331400,239,258100,272800,250900
29016748,236331900,236331900,236131300,236144600,185,200600,200600,13300
29016749,236138000,236242300,236047700,236047700,132,90300,194600,0
29016750,236047800,236328200,236016300,236310800,252,31500,311900,294500
29016751,236325600,236459500,235729500,235766500,261,596100,730000,37000
29016752,235760200,235957300,235578000,235931800,292,182200,379300,353800
29016753,235940800,235968900,235592000,235767800,272,348800,376900,175800
29016754,235742900,236548400,235705700,236396600,326,37200,842700,690900
29016755,236388800,236748800,236293100,236539200,308,95700,455700,246100
29016756,236543700,236545400,236188000,236210500,292,355700,357400,22500
29016757,236212800,236466700,235997200,236374100,270,215600,469500,376900
29016758,236388400,236539900,235982800,235986600,251,405600,557100,3800
29016759,236091900,236373000,236072200,236366900,236,19700,300800,294700
29016760,236366400,236659800,236356400,236543900,276,10000,303400,187500
29016761,236543400,236884700,236543400,236824600,242,0,341300,281200
29016762,236832500,237193700,236832500,237119300,260,0,361200,286800
29016763,237114900,237321900,237080400,237212100,238,34500,241500,131700
29016764,237211500,237380900,237019300,237040700,264,192200,361600,21400
29016765,237042700,237134600,236807900,237046900,300,234800,326700,239000
29016766,237037400,237309500,236946400,236946600,278,91000,363100,200
29016767,236946000,237075800,236753300,237075800,258,192700,322500,322500
29016768,237074100,237457900,236969800,237450300,296,104300,488100,480500
29016769,237448600,237566500,237333900,237444700,264,114700,232600,110800
29016770,237444100,237444100,237175300,237387700,244,268800,268800,212400
29016771,237387600,237530500,237219900,237402400,295,167700,310600,182500
29016772,237400200,237409100,237031700,237065000,235,368500,377400,33300
29016773,237070300,237074100,236712600,236827700,206,357700,361500,115100
29016774,236827800,236945900,236733100,236864600,281,94700,212800,131500
29016775,236869000,236897400,236544500,236610400,261,324500,352900,65900
29016776,236609300,236636500,236547200,236634300,233,62100,89300,87100
29016777,236628300,236842800,236628300,236695200,214,0,214500,66900
29016778,236695700,236954300,236695700,236820500,254,0,258600,124800
29016779,236820800,236900700,236793200,236900700,176,27600,107500,107500
29016780,236901200,237057900,236634600,237020600,280,266600,423300,386000
29016781,237021500,237437700,236982900,237433900,302,38600,454800,451000
29016782,237432800,237640800,237311800,237566300,293,121000,329000,254500
29016783,237563200,237563200,237326600,237455300,304,236600,236600,128700
29016784,237453400,237721300,237363200,237670700,292,90200,358100,307500
29016785,237672800,237745100,237115800,237501700,294,557000,629300,385900
29016786,237511800,237579800,237173100,237310700,292,338700,406700,137600
29016787,237311000,237787200,237253400,237661200,296,57600,533800,407800
29016788,237653200,237763900,237463100,237573300,296,190100,300800,110200
29016789,237604600,237609900,237400100,237546500,225,204500,209800,146400
29016790,237549900,237575300,237251700,237251700,273,298200,323600,0
29016791,237245100,237245100,236802100,236844800,272,443000,443000,42700
29016792,236862600,236862600,236624500,236812200,268,238100,238100,187700
29016793,236811200,236818500,236451900,236606300,266,359300,366600,154400
29016794,236605800,236635900,236420700,236483800,237,185100,215200,63100
29016795,236495300,236792400,236275400,236428700,300,219900,517000,153300
29016796,236440400,236776100,236440400,236513100,265,0,335700,72700
29016797,236515700,236643000,236370600,236643000,282,145100,272400,272400
29016798,236657900,236907300,236652300,236846000,256,5600,255000,193700
29016799,236848000,236855000,236665500,236800600,254,182500,189500,135100
29016800,236798900,236816600,236635300,236808900,241,163600,181300,173600
29016801,236815000,237128100,236815000,237018200,246,0,313100,203200
29016802,237021700,237167500,236745900,237027500,264,275800,421600,281600
29016803,237026100,237288700,236813400,237123900,247,212700,475300,310500
29016804,237234000,237478800,237113800,237355000,266,120200,365000,241200
29016805,237343300,237424400,237255900,237358500,252,87400,168500,102600
29016806,237357900,237357900,237123300,237142300,233,234600,234600,19000
29016807,237140800,237209500,236979300,237104400,260,161500,230200,125100
29016808,237098500,237098500,236777200,236948900,216,321300,321300,171700
29016809,236945200,237070300,236680800,236814200,259,264400,389500,133400
29016810,236810800,236901000,236636600,236876400,230,174200,264400,239800
29016811,236870000,237125900,236705700,237039600,284,164300,420200,333900
29016812,237044200,237300800,236986700,237128100,280,57500,314100,141400
29016813,237132500,237356600,236999400,237356600,283,133100,357200,357200
29016814,237350200,237498700,237295900,237467000,274,54300,202800,171100
29016815,237462500,237462500,237130000,237287800,304,332500,332500,157800
29016816,237289400,237391400,237175500,237381300,294,113900,215900,205800
29016817,237382900,237382900,237108000,237313600,265,274900,274900,205600
29016818,237307400,237496700,237187200,237496700,290,120200,309500,309500
29016819,237494500,237645100,237409100,237429900,278,85400,236000,20800
29016820,237430000,237831300,237414600,237766300,290,15400,416700,351700
29016821,237765800,238763700,237765800,238724900,326,0,997900,959100
29016822,238747800,238942900,238424400,238460400,310,323400,518500,36000
29016823,238460300,238755600,238456000,238456000,311,4300,299600,0
29016824,238465800,238817100,238406700,238745400,304,59100,410400,338700
29016825,238752400,238787400,238096400,238106900,318,656000,691000,10500
29016826,238102600,238102600,237769100,237842500,314,333500,333500,73400
29016827,237843100,238028700,237714100,237964500,314,129000,314600,250400
29016828,237954000,237957300,237766100,237955700,276,187900,191200,189600
29016829,237957800,238319200,237955200,238181100,264,2600,364000,225900
29016830,238179500,238184400,237878600,238020200,230,300900,305800,141600
29016831,238015200,238015200,237274500,237284900,295,740700,740700,10400
29016832,237284400,237578800,237175300,237334300,293,109100,403500,159000
29016833,237333800,237605400,237241600,237355100,308,92200,363800,113500
29016834,237462000,237601700,237370500,237601200,296,91500,231200,230700
29016835,237599300,237695500,237484000,237693500,273,115300,211500,209500
29016836,237696100,237751300,237404600,237649100,261,291500,346700,244500
29016837,237654100,237661400,237496900,237506100,270,157200,164500,9200
29016838,237508500,237709000,237492500,237646700,281,16000,216500,154200
29016839,237645000,237851400,237645000,237835100,246,0,206400,190100
29016840,237821300,237885800,237577500,237613600,257,243800,308300,36100
29016841,237614100,237762300,237474800,237539900,288,139300,287500,65100
29016842,237537800,237635400,237248000,237618400,300,289800,387400,370400
29016843,237618500,238084200,237597600,238059600,307,20900,486600,462000
29016844,238060100,238228600,238060100,238202600,290,0,168500,142500
29016845,238200100,238200100,237878000,238112000,298,322100,322100,234000
29016846,238098000,238098000,237702800,237734200,306,395200,395200,31400
29016847,237734000,237834500,237559400,237770200,290,174600,275100,210800
29016848,237833100,238053600,237784600,238006400,294,48500,269000,221800
29016849,238003000,238076300,237757100,237836300,292,245900,319200,79200
29016850,237834300,237972400,237668100,237883900,298,166200,304300,215800
29016851,237884100,238063900,237880600,237897100,292,3500,183300,16500
29016852,237905100,238091000,237623700,237661200,296,281400,467300,37500
29016853,237660900,237684700,237344600,237449500,270,316300,340100,104900
29016854,237442600,237797600,237354100,237766800,271,88500,443500,412700
29016855,237775300,237777500,237409300,237470500,318,366000,368200,61200
29016856,237466000,237517500,236923200,237013400,316,542800,594300,90200
29016857,237019300,237123100,236499300,236782300,322,520000,623800,283000
29016858,236791200,236797500,236310900,236418100,333,480300,486600,107200
29016859,236417700,236490400,236036600,236249700,320,381100,453800,213100
29016860,236247800,236282500,235921000,236027500,326,326800,361500,106500
29016861,236053000,236325600,236052000,236105700,298,1000,273600,53700
29016862,236091500,236167000,235708200,235826700,314,383300,458800,118500
29016863,235826700,235826700,235012000,235122200,317,814700,814700,110200
29016864,235124600,235725400,234943000,235693300,313,181600,782400,750300
29016865,235689100,236111700,235650600,235788200,317,38500,461100,137600
29016866,235788200,236138500,235786500,235899100,327,1700,352000,112600
29016867,235890200,236147100,235889400,236088900,318,800,257700,199500
29016868,236107000,236158300,235901100,236042900,294,205900,257200,141800
29016869,236045400,236260500,236009500,236222100,290,35900,251000,212600
29016870,236223400,236507600,235384500,235403500,327,838900,1123100,19000
29016871,235386700,235958000,234994200,235921600,336,392500,963800,927400
29016872,235935300,236433700,235706100,236358300,332,229200,727600,652200
29016873,236369600,237061000,236263800,236410400,333,105800,797200,146600
29016874,236412400,236682100,235848700,236106800,332,563700,833400,258100
29016875,236125200,236125200,235115000,235159500,328,1010200,1010200,44500
29016876,235166800,235336800,234715900,235237400,336,450900,620900,521500
29016877,235248600,235249900,234398800,234423400,324,849800,851100,24600
29016878,234400600,234522800,233403700,233719200,336,996900,1119100,315500
29016879,233733300,233876600,233024800,233024800,328,708500,851800,0
29016880,233031000,234056800,233031000,233723500,332,0,1025800,692500
29016881,233717700,234136500,233683500,233916800,326,34200,453000,233300
29016882,233899000,234028700,233115700,233122800,324,783300,913000,7100
29016883,233123700,233245800,231763000,232004100,328,1360700,1482800,241100
29016884,232028900,232750700,232005300,232609400,326,23600,745400,604100
29016885,232629000,232639900,231527200,232229100,333,1101800,1112700,701900
29016886,232202400,232835000,232094000,232812900,326,108400,741000,718900
29016887,232847100,233393900,232510300,233323600,325,336800,883600,813300
29016888,233331200,233531900,233043200,233268700,330,288000,488700,225500
29016889,233246700,233448000,232675200,232746400,324,571500,772800,71200
29016890,232747200,233014900,232239400,232375200,330,507800,775500,135800
29016891,232415500,232881600,231987800,232718200,334,427700,893800,730400
29016892,232714100,232714100,231667800,231785400,332,1046300,1046300,117600
29016893,231742200,231820600,230667300,230798300,328,1074900,1153300,131000
29016894,230814800,231212500,230339900,230393000,330,474900,872600,53100
29016895,230407500,230993200,229998700,230127000,328,408800,994500,128300
29016896,230173000,230580100,227937700,228455000,328,2235300,2642400,517300
29016897,228581500,229058800,227801500,227972300,334,780000,1257300,170800
29016898,228047400,229392800,227949900,228899200,332,97500,1442900,949300
29016899,228934900,229202600,226995200,227329100,330,1939700,2207400,333900
29016900,227332700,228852900,227329100,228785700,338,3600,1523800,1456600
29016901,228778300,229704700,228739300,229332800,328,39000,965400,593500
29016902,229302600,229396100,228475400,228943300,334,827200,920700,467900
29016903,228919600,229477000,228687800,229419700,330,231800,789200,731900
29016904,229399800,229619900,229104000,229464200,334,295800,515900,360200
29016905,229470200,229544600,228349500,228436300,330,1120700,1195100,86800
29016906,228451500,229075500,228278500,228543200,328,173000,797000,264700
29016907,228555600,229283700,228555600,228878100,334,0,728100,322500
29016908,228875900,229181400,228386100,228483800,322,489800,795300,97700
29016909,228482900,228757000,228387500,228453300,330,95400,369500,65800
29016910,228446900,228947000,228362200,228898600,332,84700,584800,536400
29016911,228906000,229196500,228840800,229057900,334,65200,355700,217100
29016912,229046100,229567600,228882600,229567600,320,163500,685000,685000
29016913,229583600,230256700,229583600,230072400,320,0,673100,488800
29016914,230097400,230185400,229599200,229648600,328,498200,586200,49400
29016915,229665600,229675300,228506700,228524200,332,1158900,1168600,17500
29016916,228516500,228657100,228375400,228435600,324,141100,281700,60200
29016917,228463500,228606200,228329400,228422000,320,134100,276800,92600
29016918,228411700,228918400,228318000,228397500,326,93700,600400,79500
29016919,228420700,228528700,228017100,228229400,324,403600,511600,212300
29016920,228231100,229130800,228174200,228982700,316,56900,956600,808500
29016921,228980100,230058200,228899300,229987000,322,80800,1158900,1087700
29016922,229992500,230226200,229890900,230067200,326,101600,335300,176300
29016923,230069500,231004200,229741900,230726900,327,327600,1262300,985000
29016924,230712300,230974600,230308800,230308800,326,403500,665800,0
29016925,230307200,230581300,229952400,230160400,314,354800,628900,208000
29016926,230162400,230248200,229795500,229884400,322,366900,452700,88900
29016927,229884900,230455800,229884900,230451800,313,0,570900,566900
29016928,230449900,230742600,230182400,230314300,320,267500,560200,131900
29016929,230309800,230627800,230153400,230616900,319,156400,474400,463500
29016930,230615700,230948200,230032100,230042900,326,583600,916100,10800
29016931,230087100,230124700,229606300,229750500,324,480800,518400,144200
29016932,229748500,229835400,229149800,229171500,311,598700,685600,21700
29016933,229171000,229171000,228678300,229021600,317,492700,492700,343300
29016934,228973200,229219100,228686000,229184900,316,287200,533100,498900
29016935,229185400,229272600,228622800,228981200,309,562600,649800,358400
29016936,228987200,229382900,228737500,229290700,316,249700,645400,553200
29016937,229290800,229311900,228764700,228956200,271,526100,547200,191500
29016938,228953400,229399100,228953400,229291600,301,0,445700,338200
29016939,229291600,229785800,229291600,229504400,296,0,494200,212800
29016940,229512500,229647900,229216300,229604200,312,296200,431600,387900
29016941,229603200,229717700,229391000,229670300,309,212200,326700,279300
29016942,229657800,230115400,229512600,229968400,316,145200,602800,455800
29016943,229947700,230283400,229867000,230102400,299,80700,416400,235400
29016944,230273800,230387600,230079100,230242400,305,194700,308500,163300
29016945,230248700,230254900,229884500,230145400,309,364200,370400,260900
29016946,230145800,230145800,229668700,229668700,313,477100,477100,0
29016947,229667800,230014500,229610400,229987500,309,57400,404100,377100
29016948,229974800,230023500,229262600,229262600,293,712200,760900,0
29016949,229262600,229687200,229262600,229681900,305,0,424600,419300
29016950,229676000,229927800,229411600,229619000,282,264400,516200,207400
29016951,229614700,230123600,229607800,230052300,287,6900,515800,444500
29016952,230049900,230142700,229662500,229975700,292,387400,480200,313200
29016953,229976700,230317600,229929600,230072400,240,47100,388000,142800
29016954,230228300,230300900,230082900,230228800,281,145400,218000,145900
29016955,230230800,230285200,230006200,230029400,289,224600,279000,23200
29016956,230020100,230051500,229866200,229957200,269,153900,185300,91000
29016957,229957600,229957600,229350800,229366100,299,606800,606800,15300
29016958,229364700,229364700,228733800,228946300,310,630900,630900,212500
29016959,228946400,229186600,228790600,228857700,310,155800,396000,67100
29016960,228859500,229179400,228859500,229088000,318,0,319900,228500
29016961,229090400,229341400,228716300,228905700,322,374100,625100,189400
29016962,228909600,229291600,228874700,229064000,315,34900,416900,189300
29016963,229066500,229400600,229004000,229122700,296,62500,396600,118700
29016964,229239100,229293700,228874000,229261800,312,365100,419700,387800
29016965,229289100,229488700,229203700,229477100,289,85400,285000,273400
29016966,229474200,229522200,228999100,228999100,297,475100,523100,0
29016967,228994400,229148000,228706800,229012500,312,287600,441200,305700
29016968,228982900,228982900,228092900,228092900,267,890000,890000,0
29016969,228092900,228354500,227816100,228351100,306,276800,538400,535000
29016970,228351000,228464300,227499100,227651500,311,851900,965200,152400
29016971,227659300,227748100,226296500,226608900,323,1362800,1451600,312400
29016972,226600100,227088600,226564800,227050700,314,35300,523800,485900
29016973,227058800,227536300,227058800,227536300,330,0,477500,477500
29016974,227518000,227671800,227340600,227490300,293,177400,331200,149700
29016975,227490300,227571400,226838100,226921700,319,652200,733300,83600
29016976,226929900,227773600,226924400,227770100,305,5500,849200,845700
29016977,227818600,227993900,227649000,227825000,314,169600,344900,176000
29016978,227806100,228377200,227760200,228062900,323,45900,617000,302700
29016979,228160000,228490000,228122600,228490000,320,37400,367400,367400
29016980,228490000,228759900,228381500,228747100,320,108500,378400,365600
29016981,228753300,229545000,228753300,229461100,322,0,791700,707800
29016982,229453100,229781900,229339600,229656700,319,113500,442300,317100
29016983,229713700,229713700,229186600,229192600,309,527100,527100,6000
29016984,229162600,229301700,229076300,229224800,321,86300,225400,148500
29016985,229228300,229321200,228826800,228826800,305,401500,494400,0
29016986,228816600,229286200,228722200,229204400,311,94400,564000,482200
29016987,229207100,229491700,229080400,229103500,307,126700,411300,23100
29016988,229101500,229131700,228629500,228775500,320,472000,502200,146000
29016989,228788500,228920800,228682200,228806500,294,106300,238600,124300
29016990,228804400,228948100,228482800,228890500,322,321600,465300,407700
29016991,228894900,228959600,228421500,228599000,299,473400,538100,177500
29016992,228626300,228626300,227969400,228152000,317,656900,656900,182600
29016993,228155300,228155300,227831100,227843000,315,324200,324200,11900
29016994,227823000,228053200,227631900,227743200,317,191100,421300,111300
29016995,227744200,228468100,227652400,228303200,313,91800,815700,650800
29016996,228336600,228423800,227768400,227918200,322,568200,655400,149800
29016997,227916800,228120100,227626800,227899900,327,290000,493300,273100
29016998,227894000,228121900,227437800,227652100,318,456200,684100,214300
29016999,227650100,227786400,227383100,227786400,319,267000,403300,403300
29017000,227791100,228011400,227656300,228011400,322,134800,355100,355100
29017001,228010900,228296000,227824200,228281200,334,186700,471800,457000
29017002,228280500,228596400,228106900,228594000,309,173600,489500,487100
29017003,228594600,228594600,227964400,227964400,284,630200,630200,0
29017004,228043700,228126600,227815300,228121700,318,228400,311300,306400
29017005,228123700,228453900,228038900,228182500,317,84800,415000,143600
29017006,228145800,228443500,227985000,228239800,311,160800,458500,254800
29017007,228241800,228290800,228017600,228199700,309,224200,273200,182100
29017008,228210400,228673800,228210400,228612800,305,0,463400,402400
29017009,228572800,228715600,228353900,228506600,309,218900,361700,152700
29017010,228508500,228733300,228222900,228608200,308,285600,510400,385300
29017011,228671400,228922000,228654800,228660500,313,16600,267200,5700
29017012,228655600,228775400,228372800,228670900,321,282800,402600,298100
29017013,228666900,228936900,228572800,228592800,297,94100,364100,20000
29017014,228582800,228787300,228245400,228245400,288,337400,541900,0
29017015,228245500,228333100,228012900,228202000,279,232600,320200,189100
29017016,228201500,228716700,228201500,228665600,295,0,515200,464100
29017017,228664000,228672800,228365000,228409200,280,299000,307800,44200
29017018,228402900,228506200,227863000,227979400,294,539900,643200,116400
29017019,227980400,228224000,227822600,227823900,303,157800,401400,1300
29017020,227819900,227896500,227383100,227639200,285,436800,513400,256100
29017021,227622300,227809200,227279200,227279200,305,343100,530000,0
29017022,227271400,227551700,226849200,227516300,319,422200,702500,667100
29017023,227551000,227613700,227206900,227447300,302,344100,406800,240400
29017024,227441300,227733100,227441300,227709600,292,0,291800,268300
29017025,227708100,228173100,227492400,228166200,318,215700,680700,673800
29017026,228172000,228393000,227953600,228055300,306,218400,439400,101700
29017027,228053500,228398300,228036700,228294000,317,16800,361600,257300
29017028,228296000,228315300,227893000,227893000,303,403000,422300,0
29017029,227893000,228056500,227521700,227521700,298,371300,534800,0
29017030,227519600,227734200,227423100,227468300,284,96500,311100,45200
29017031,227463700,227463700,227074000,227275900,321,389700,389700,201900
29017032,227281100,227581000,227114500,227116300,295,166600,466500,1800
29017033,227112100,227112100,226712500,226932700,309,399600,399600,220200
29017034,226933000,227367400,226933000,227277500,276,0,434400,344500
29017035,227278000,227336200,226723300,226946900,294,554700,612900,223600
29017036,226922300,227619000,226922300,227593400,308,0,696700,671100
29017037,227593900,228019400,227483100,227929100,305,110800,536300,446000
29017038,227929800,228054900,227513100,227513100,306,416700,541800,0
29017039,227654400,228130900,227638700,228090400,307,15700,492200,451700
29017040,228085100,228114500,227883000,228094100,306,202100,231500,211100
29017041,228093300,228248900,227964100,228213500,283,129200,284800,249400
29017042,228213100,228815700,228131400,228442600,290,81700,684300,311200
29017043,228438800,228543100,228292100,228342900,285,146700,251000,50800
29017044,228332900,228460400,228039100,228039900,275,293800,421300,800
29017045,228041800,228133500,227813000,227897300,274,228800,320500,84300
29017046,227897200,227916700,227331900,227493300,305,565300,584800,161400
29017047,227500800,227610700,227391100,227517500,283,109700,219600,126400
29017048,227517500,227971500,227517500,227891900,284,0,454000,374400
29017049,227889700,227986800,227657800,227927300,262,231900,329000,269500
29017050,227933800,228154200,227766600,228150900,306,167200,387600,384300
29017051,228151800,228642500,228150300,228401700,292,1500,492200,251400
29017052,228448000,228686100,228432800,228655400,275,15200,253300,222600
29017053,228668300,228721400,228432800,228442800,241,235500,288600,10000
29017054,228588900,228734800,228374200,228417900,286,214700,360600,43700
29017055,228418700,228499600,228131900,228490300,284,286800,367700,358400
29017056,228489400,228972800,228489400,228972300,284,0,483400,482900
29017057,228974700,229041900,228725100,228736800,299,249600,316800,11700
29017058,228729300,228899300,228582800,228582800,296,146500,316500,0
29017059,228750800,229103600,228702300,229005800,292,48500,401300,303500
29017060,229006700,229105700,228837700,229104700,283,169000,268000,267000
29017061,229137900,229360000,229113500,229306700,235,24400,246500,193200
29017062,229308500,229665600,229022700,229646600,270,285800,642900,623900
29017063,229647100,229783500,229462600,229462600,294,184500,320900,0
29017064,229462600,229599100,229359100,229564900,263,103500,240000,205800
29017065,229560900,229560900,229065900,229220300,293,495000,495000,154400
29017066,229205400,229205400,228720200,228722900,286,485200,485200,2700
29017067,228729300,228874100,228498100,228743200,301,231200,376000,245100
29017068,228741200,228742200,228282900,228452300,295,458300,459300,169400
29017069,228479400,228529900,228286400,228286400,307,193000,243500,0
29017070,228269300,228269300,227564600,227763400,311,704700,704700,198800
29017071,227764500,228199700,227764500,228191300,312,0,435200,426800
29017072,228190700,228649300,228185500,228535000,307,5200,463800,349500
29017073,228533500,228572900,228192900,228324200,305,340600,380000,131300
29017074,228305000,228481000,228181200,228333000,298,123800,299800,151800
29017075,228333900,228352800,227943000,228068900,286,390900,409800,125900
29017076,228071800,228162200,227970000,227982400,287,101800,192200,12400
29017077,227982000,228096900,227608900,227608900,291,373100,488000,0
29017078,227607800,227884300,227474000,227773000,301,133800,410300,299000
29017079,227894800,227998100,227853600,227853600,267,41200,144500,0
29017080,227857000,228153000,227698000,228146600,306,159000,455000,448600
29017081,228142400,228167000,227626900,227626900,279,515500,540100,0
29017082,227621500,227621500,227069300,227153100,273,552200,552200,83800
29017083,227210300,227296700,226898200,227057700,303,312100,398500,159500
29017084,227059900,227124600,226798700,226960300,294,261200,325900,161600
29017085,226957400,226957400,226170200,226460400,322,787200,787200,290200
29017086,226449400,226567300,226032500,226547400,326,416900,534800,514900
29017087,226559600,226683000,225534200,225766400,318,1025400,1148800,232200
29017088,225794300,225904500,225607400,225647200,332,186900,297100,39800
29017089,225604500,226514200,225604500,226224400,324,0,909700,619900
29017090,226228000,226228000,225600400,225864400,322,627600,627600,264000
29017091,225806100,226228400,225616400,226212500,322,189700,612000,596100
29017092,226209600,226209600,225667500,225863300,313,542100,542100,195800
29017093,225862400,226279900,225748800,225758800,308,113600,531100,10000
29017094,225766200,225941800,225527700,225887300,323,238500,414100,359600
29017095,225834400,226285900,225644100,226238900,318,190300,641800,594800
29017096,226220200,226220200,225738200,225824200,319,482000,482000,86000
29017097,225817300,225817300,225217600,225368600,327,599700,599700,151000
29017098,225369000,225447700,224260600,224508500,332,1108400,1187100,247900
29017099,224491700,224491700,223833200,223972200,332,658500,658500,139000
29017100,223989700,224540200,223986400,224526600,323,3300,553800,540200
29017101,224543700,224656900,223984900,224193900,335,558800,672000,209000
29017102,224195400,224579400,223983900,224010000,327,211500,595500,26100
29017103,224005500,224071500,223182800,223319800,325,822700,888700,137000
29017104,223329300,223954900,223184600,223950200,329,144700,770300,765600
29017105,223952700,224146400,223351700,223403500,316,601000,794700,51800
29017106,223402600,223431600,222386900,222423600,326,1015700,1044700,36700
29017107,222383500,222690300,221222800,221535100,332,1160700,1467500,312300
29017108,221542400,221952900,220557100,220794500,334,985300,1395800,237400
29017109,220783700,221766300,220727600,221351200,330,56100,1038700,623600
29017110,221374500,222298500,221080600,222158800,330,293900,1217900,1078200
29017111,222167400,222895300,221978000,222382500,331,189400,917300,404500
29017112,222369500,222457400,220743500,220852600,336,1626000,1713900,109100
29017113,220911400,221845900,220706400,221669100,324,205000,1139500,962700
29017114,221625500,221685000,220593200,220838600,324,1032300,1091800,245400
29017115,220847300,221686500,220827500,221686500,330,19800,859000,859000
29017116,221687100,221922900,221328600,221564800,330,358500,594300,236200
29017117,221589100,221840800,220914600,221065400,330,674500,926200,150800
29017118,221042300,221090500,219631200,220055400,338,1411100,1459300,424200
29017119,220075400,220129700,218683500,218709500,328,1391900,1446200,26000
29017120,218759000,220116400,218759000,219966000,330,0,1357400,1207000
29017121,219936400,220443600,219814900,219870300,332,121500,628700,55400
29017122,219855600,220353200,219540900,220177700,328,314700,812300,636800
29017123,220142800,220265000,219604400,220031900,332,538400,660600,427500
29017124,220049400,220246700,219525200,219574700,326,524200,721500,49500
29017125,219569700,220580000,219431400,220577100,331,138300,1148600,1145700
29017126,220563100,220925400,219784500,219789300,321,778600,1140900,4800
29017127,219793200,219808500,218180500,218280500,326,1612700,1628000,100000
29017128,218346000,220560000,218346000,220424600,329,0,2214000,2078600
29017129,220367700,220516300,219276900,219316500,328,1090800,1239400,39600
29017130,219314000,220174500,219072200,220174500,328,241800,1102300,1102300
29017131,220180400,220469200,219573700,219657600,334,606700,895500,83900
29017132,219673700,220051200,219001300,219408100,338,672400,1049900,406800
29017133,219405300,219909600,219340200,219696700,330,65100,569400,356500
29017134,219694400,219694400,219007100,219241500,327,687300,687300,234400
29017135,219341900,219626300,218854100,219514300,336,487800,772200,660200
29017136,219489500,219555400,218737500,218783000,324,752000,817900,45500
29017137,218793700,219653600,218786100,219597200,332,7600,867500,811100
29017138,219621700,219953000,219231200,219674900,332,390500,721800,443700
29017139,219696300,219826700,219494600,219546000,334,201700,332100,51400
29017140,219528500,220249800,219308800,220084700,328,219700,941000,775900
29017141,220085300,220485700,219859500,219920300,334,225800,626200,60800
29017142,219937100,220552900,219937100,220225900,332,0,615800,288800
29017143,220217800,220836700,219962000,219963200,330,255800,874700,1200
29017144,219936000,220189900,219245400,219337700,332,690600,944500,92300
29017145,219351100,219720600,219241000,219264300,330,110100,479600,23300
29017146,219242400,219791700,219187500,219515600,334,54900,604200,328100
29017147,219484600,219609400,218806100,218902300,324,678500,803300,96200
29017148,218935700,219610000,218792300,219581300,334,143400,817700,789000
29017149,219608300,219913300,219400100,219514700,334,208200,513200,114600
29017150,219513100,219518400,218800000,218821900,334,713100,718400,21900
29017151,218821100,219053900,217853400,218416800,328,967700,1200500,563400
29017152,218422800,218967200,218285100,218364400,332,137700,682100,79300
29017153,218409900,218496600,217437500,217516800,324,972400,1059100,79300
29017154,217483900,218103200,217393100,217774600,328,90800,710100,381500
29017155,217777500,218186600,216741800,216930100,331,1035700,1444800,188300
29017156,216948900,217502400,216883800,216976900,328,65100,618600,93100
29017157,216973800,216973800,215754100,216403200,328,1219700,1219700,649100
29017158,216337800,216411800,215326200,216071200,330,1011600,1085600,745000
29017159,216035000,216471100,215590400,215887200,323,444600,880700,296800
29017160,215907200,216732900,215870900,216641300,328,36300,862000,770400
29017161,216612000,217449700,216319200,217449700,332,292800,1130500,1130500
29017162,217450500,217489100,216822000,217121600,337,628500,667100,299600
29017163,217102900,217708400,217102900,217704700,330,0,605500,601800
29017164,217704100,218016100,217288700,217985200,324,415400,727400,696500
29017165,217995100,218063100,217726000,217726000,328,269100,337100,0
29017166,217703800,217703800,217043500,217337500,327,660300,660300,294000
29017167,217334200,217588400,217152800,217581500,322,181400,435600,428700
29017168,217593900,217929400,217341500,217727800,326,252400,587900,386300
29017169,217736100,217785100,217362600,217773800,320,373500,422500,411200
29017170,217804700,218039200,217498100,217939000,328,306600,541100,440900
29017171,217938500,219152400,217774500,219094400,328,164000,1377900,1319900
29017172,219166600,219407800,218699700,218699700,326,466900,708100,0
29017173,218706100,219016900,218437000,218452900,330,269100,579900,15900
29017174,218449700,218601500,218128000,218138500,332,321700,473500,10500
29017175,218138700,218154700,217639000,217639000,330,499700,515700,0
29017176,217638900,217654000,217295900,217611000,321,343000,358100,315100
29017177,217584100,218067000,217503400,217796600,323,80700,563600,293200
29017178,217823000,218289900,217614700,218216300,326,208300,675200,601600
29017179,218224600,218763800,218224600,218720400,328,0,539200,495800
29017180,218739700,219216100,218739700,219031400,320,0,476400,291700
29017181,219026600,219121300,218822800,218822800,324,203800,298500,0
29017182,218814200,218814200,218193400,218335500,325,620800,620800,142100
29017183,218339700,218405600,218026700,218209300,318,313000,378900,182600
29017184,218192300,218735100,218100100,218699000,319,92200,635000,598900
29017185,218703300,218721000,218032500,218342100,324,670800,688500,309600
29017186,218345300,218627100,217865600,218608600,322,479700,761500,743000
29017187,218620400,218802500,218255900,218334900,326,364500,546600,79000
29017188,218313500,218349000,217802600,218349000,328,510900,546400,546400
29017189,218365700,218597500,218156000,218303300,332,209700,441500,147300
29017190,218302400,218692900,218134200,218434100,332,168200,558700,299900
29017191,218406200,218723700,217611400,217617300,329,794800,1112300,5900
29017192,217620600,217892300,216035500,216301500,332,1585100,1856800,266000
29017193,216307000,216563000,215909600,216107300,334,397400,653400,197700
29017194,216048400,216048400,213947800,214088700,320,2100600,2100600,140900
29017195,214024300,214168900,211338800,212212200,328,2685500,2830100,873400
29017196,212174800,212577500,210397100,211533200,326,1777700,2180400,1136100
29017197,211543900,212217600,210438600,211911300,324,1105300,1779000,1472700
29017198,211865900,212679600,211328100,211552200,336,537800,1351500,224100
29017199,211506400,211506400,210763000,211005800,332,743400,743400,242800
29017200,211032000,212529500,210655200,212307700,332,376800,1874300,1652500
29017201,212413800,212640500,211096500,211650500,332,1317300,1544000,554000
29017202,211730200,212610300,211730200,212116000,331,0,880100,385800
29017203,212110300,212547900,211806400,212224500,332,303900,741500,418100
29017204,212204500,213555100,212204500,213224700,330,0,1350600,1020200
29017205,213181300,213638900,212728300,212825100,330,453000,910600,96800
29017206,212791400,213481600,212619600,213283600,336,171800,862000,664000
29017207,213282300,213530600,212992800,213395600,336,289500,537800,402800
29017208,213360700,213659900,212820500,212824700,334,540200,839400,4200
29017209,212832700,213324000,212832700,213238800,336,0,491300,406100
29017210,213256300,213620600,213048400,213254600,329,207900,572200,206200
29017211,213214300,213613900,212856700,213586500,333,357600,757200,729800
29017212,213548600,213548600,212722200,213252200,324,826400,826400,530000
29017213,213243400,213889600,212866400,213799900,332,377000,1023200,933500
29017214,213753800,213955300,213180100,213365400,326,573700,775200,185300
29017215,213328100,213681900,213213300,213593100,332,114800,468600,379800
29017216,213585100,213697700,213251700,213490600,332,333400,446000,238900
29017217,213492400,213925700,213321100,213417100,320,171300,604600,96000
29017218,213413600,213872600,213161200,213223800,330,252400,711400,62600
29017219,213220000,213365200,212767800,212846700,332,452200,597400,78900
29017220,212831700,213307800,212519100,213216100,322,312600,788700,697000
29017221,213208600,213511500,212657800,212907300,331,550800,853700,249500
29017222,212917100,213154000,212595800,212625500,322,321300,558200,29700
29017223,212627400,213187300,212566200,213024800,332,61200,621100,458600
29017224,213020900,213239400,212729600,212803100,326,291300,509800,73500
29017225,212821800,213420800,212821800,213342200,326,0,599000,520400
29017226,213321000,213641200,213030400,213376500,325,290600,610800,346100
29017227,213395100,213633500,213135300,213157200,329,259800,498200,21900
29017228,213157500,213157500,212474800,212621200,324,682700,682700,146400
29017229,212607400,212800500,212029000,212401700,320,578400,771500,372700
29017230,212407600,212737400,212238000,212426400,326,169600,499400,188400
29017231,212408000,212999700,212235400,212961200,336,172600,764300,725800
29017232,212981500,213206400,212534900,212583200,328,446600,671500,48300
29017233,212594200,212744800,212245800,212570000,334,348400,499000,324200
29017234,212582400,212669000,211739400,211739400,321,843000,929600,0
29017235,211729900,211765000,211007900,211280700,330,722000,757100,272800
29017236,211277200,211671200,211157200,211370700,328,120000,514000,213500
29017237,211405100,211498100,210743200,210847000,328,661900,754900,103800
29017238,210811600,211418800,210794900,211220100,328,16700,623900,425200
29017239,211242800,211327600,210449400,210526800,326,793400,878200,77400
29017240,210555200,210967800,210351200,210371100,328,204000,616600,19900
29017241,210373100,210778800,210069300,210194700,332,303800,709500,125400
29017242,210167600,210328000,209941300,210296900,329,226300,386700,355600
29017243,210307900,210550000,210129200,210378800,331,178700,420800,249600
29017244,210378000,210756300,210200900,210706600,313,177100,555400,505700
29017245,210684300,211993400,210652700,211782600,323,31600,1340700,1129900
29017246,211783100,212134100,211543500,212134100,322,239600,590600,590600
29017247,212218200,212395300,212046900,212106800,328,171300,348400,59900
29017248,212078500,212457000,211937000,212447600,334,141500,520000,510600
29017249,212452700,212505300,211808400,211848000,323,644300,696900,39600
29017250,211871400,212436600,211801300,212340400,325,70100,635300,539100
29017251,212343800,212415300,211899500,212272400,325,444300,515800,372900
29017252,212274400,212613400,212056100,212497600,313,218300,557300,441500
29017253,212512200,212657700,212183600,212611300,318,328600,474100,427700
29017254,212629500,212865200,212273800,212844500,325,355700,591400,570700
29017255,212818100,213102200,212583400,213034300,318,234700,518800,450900
29017256,213040800,213240100,212757700,213101900,309,283100,482400,344200
29017257,213134800,213394000,212930000,213282500,297,204800,464000,352500
29017258,213299500,213301600,212936300,213218700,319,363200,365300,282400
29017259,213233900,213277800,212767700,213020100,326,466200,510100,252400
29017260,213027000,213250200,212723200,213085400,306,303800,527000,362200
29017261,213098500,213855500,212736800,213850200,318,361700,1118700,1113400
29017262,213845800,213845800,213146700,213430500,302,699100,699100,283800
29017263,213436300,213518900,213011900,213042200,302,424400,507000,30300
29017264,213029100,213131700,212713800,212985600,311,315300,417900,271800
29017265,212996200,212996200,212460900,212828400,330,535300,535300,367500
29017266,212796900,213426200,212758700,213419800,307,38200,667500,661100
29017267,213435000,213781300,213358900,213584500,287,76100,422400,225600
29017268,213569900,213653200,213238200,213252000,310,331700,415000,13800
29017269,213258600,213519100,213089100,213459400,296,169500,430000,370300
29017270,213452500,213788600,213288200,213713000,306,164300,500400,424800
29017271,213665600,213665600,213347600,213389900,285,318000,318000,42300
29017272,213385500,213665100,213276600,213585400,307,108900,388500,308800
29017273,213584300,213944800,213464100,213902700,289,120200,480700,438600
29017274,213897700,214003300,213555500,213993800,269,342200,447800,438300
29017275,213987200,214350000,213787100,214350000,320,200100,562900,562900
29017276,214388900,214494900,214190600,214250700,306,198300,304300,60100
29017277,214273400,214280400,214056400,214095900,285,217000,224000,39500
29017278,214122000,214122000,213742900,213901300,314,379100,379100,158400
29017279,213900900,214225200,213883100,214110900,291,17800,342100,227800
29017280,214111300,214111300,213846400,213941800,280,264900,264900,95400
29017281,213941700,214215300,213743300,214105300,270,198400,472000,362000
29017282,214106200,214213000,213892700,214032200,278,213500,320300,139500
29017283,214031400,214049200,213793000,213793000,275,238400,256200,0
29017284,213792600,213809900,213170600,213470000,304,622000,639300,299400
29017285,213448900,213567300,213156200,213554700,294,292700,411100,398500
29017286,213532600,213789200,213445600,213726900,251,87000,343600,281300
29017287,213721000,213792300,213444300,213495400,303,276700,348000,51100
29017288,213483800,213719400,213456100,213559100,259,27700,263300,103000
29017289,213528000,213528000,213146700,213231000,279,381300,381300,84300
29017290,213237500,213439600,213161100,213400900,314,76400,278500,239800
29017291,213346800,213736900,213267600,213706400,296,79200,469300,438800
29017292,213702400,213727200,213397600,213649000,262,304800,329600,251400
29017293,213641700,213733800,213545600,213596700,260,96100,188200,51100
29017294,213595800,213862100,213475600,213862100,264,120200,386500,386500
29017295,213862600,213931200,213767300,213929700,244,95300,163900,162400
29017296,213929300,214439400,213706500,214216900,267,222800,732900,510400
29017297,214242700,214430600,214167400,214323900,263,75300,263200,156500
29017298,214321800,214381100,214096300,214100000,226,225500,284800,3700
29017299,214100900,214592100,214100900,214552200,260,0,491200,451300
29017300,214552600,214605200,214342200,214416800,213,210400,263000,74600
29017301,214408000,214726800,214206400,214493300,255,201600,520400,286900
29017302,214489700,214489700,214036400,214097300,243,453300,453300,60900
29017303,214096800,214166700,213971200,214036000,231,125600,195500,64800
29017304,214036500,214067400,213797500,213985100,265,239000,269900,187600
29017305,213978500,213978500,213483900,213533600,311,494600,494600,49700
29017306,213537800,213716900,213260300,213282700,284,277500,456600,22400
29017307,213225900,213277800,212932500,213244200,318,293400,345300,311700
29017308,213217600,213494400,213217600,213494400,297,0,276800,276800
29017309,213497500,213535100,213044700,213188200,277,452800,490400,143500
29017310,213187900,213270800,211978600,211978600,320,1209300,1292200,0
29017311,212017000,212618500,212017000,212591600,324,0,601500,574600
29017312,212577800,212640500,212235300,212511400,300,342500,405200,276100
29017313,212520500,212653300,212336400,212363500,318,184100,316900,27100
29017314,212356900,212401400,211730400,211868500,327,626500,671000,138100
29017315,211866100,212205900,211865400,212205900,316,700,340500,340500
29017316,212214400,212297400,211461200,211461200,304,753200,836200,0
29017317,211420300,211617500,210509500,210624800,319,910800,1108000,115300
29017318,210633100,211026400,210626200,210626200,334,6900,400200,0
29017319,210623000,211278900,210623000,211183000,290,0,655900,560000
29017320,211233600,212278700,211224700,212260500,331,8900,1054000,1035800
29017321,212274600,213022100,212150900,212983200,332,123700,871200,832300
29017322,212990300,213153900,212823400,213057900,317,166900,330500,234500
29017323,213090700,213360600,212816700,213032100,324,274000,543900,215400
29017324,213058000,213475900,213020700,213056000,322,37300,455200,35300
29017325,213056500,213666500,213051300,213268600,328,5200,615200,217300
29017326,213272800,213761500,213233100,213514200,324,39700,528400,281100
29017327,213511500,213547500,212741900,212741900,319,769600,805600,0
29017328,212729500,213318800,212724400,213270400,332,5100,594400,546000
29017329,213272500,213502000,212925100,212990300,307,347400,576900,65200
29017330,212980000,213114300,212547600,212664900,324,432400,566700,117300
29017331,212686400,213156500,212686400,213092200,325,0,470100,405800
29017332,213101400,213412900,212883700,212930800,308,217700,529200,47100
29017333,212932800,213040000,212871400,212978400,312,61400,168600,107000
29017334,212977500,213328600,212961900,213183600,291,15600,366700,221700
29017335,213179700,213316100,212982400,213316100,322,197300,333700,333700
29017336,213317500,213611500,213086700,213591700,323,230800,524800,505000
29017337,213583400,214023600,213421600,214010500,297,161800,602000,588900
29017338,214025000,214043900,213400500,213533700,310,624500,643400,133200
29017339,213531300,214055700,213462200,213969400,305,69100,593500,507200
29017340,213971400,213976800,213668000,213722300,271,303400,308800,54300
29017341,213724800,213976500,213612100,213801000,263,112700,364400,188900
29017342,213803000,214052500,213580000,213790500,281,223000,472500,210500
29017343,213813600,214141300,213640800,214141300,288,172800,500500,500500
29017344,214159600,214316800,213958400,214246700,283,201200,358400,288300
29017345,214242300,214242300,213908000,213989000,254,334300,334300,81000
29017346,213995600,214274000,213894500,214232900,243,101100,379500,338400
29017347,214233000,214233000,213686000,213686000,272,547000,547000,0
29017348,213682700,213970100,213648000,213865700,282,34700,322100,217700
29017349,213863800,214387400,213854300,213944000,259,9500,533100,89700
29017350,213938400,214340900,213916600,214020800,293,21800,424300,104200
29017351,214019300,214460600,214019300,214455000,254,0,441300,435700
29017352,214456400,214478100,214141700,214267100,284,314700,336400,125400
29017353,214249900,214501000,214065600,214215000,297,184300,435400,149400
29017354,214247800,214941900,214181300,214654300,315,66500,760600,473000
29017355,214636300,214649400,214376000,214475700,295,260300,273400,99700
29017356,214474600,214782600,214328800,214782600,314,145800,453800,453800
29017357,214794100,214875700,214519300,214717800,305,274800,356400,198500
29017358,214707800,214727500,214523000,214523000,278,184800,204500,0
29017359,214522900,214721400,214384700,214657900,280,138200,336700,273200
29017360,214664500,214780400,214636800,214721000,271,27700,143600,84200
29017361,214720500,215137300,214664500,215010700,292,56000,472800,346200
29017362,215011200,215070900,214767300,214965000,296,243900,303600,197700
29017363,214904700,215296500,214904700,215296500,234,0,391800,391800
29017364,215293300,215447400,215197300,215438100,249,96000,250100,240800
29017365,215436100,215436100,215215200,215245400,229,220900,220900,30200
29017366,215245000,215524800,214984200,215283700,232,260800,540600,299500
29017367,215272800,215768700,215244900,215749700,257,27900,523800,504800
29017368,215736900,215736900,215463100,215463100,252,273800,273800,0
29017369,215459100,215828000,215453600,215760900,231,5500,374400,307300
29017370,215761200,215906500,215716400,215892700,205,44800,190100,176300
29017371,215892200,216252500,215713000,216252500,220,179200,539500,539500
29017372,216260600,216581500,216255500,216466900,262,5100,326000,211400
29017373,216464900,216658400,216427200,216627900,206,37700,231200,200700
29017374,216608200,216955300,216578800,216937800,272,29400,376500,359000
29017375,216947100,217002700,216670200,216769400,221,276900,332500,99200
29017376,216769700,216873600,216279800,216873600,279,489900,593800,593800
29017377,216892200,216982300,216566800,216745100,309,325400,415500,178300
29017378,216723800,217393700,216710400,217315200,295,13400,683300,604800
29017379,217332700,217446600,216741400,216741400,281,591300,705200,0
29017380,216743800,216743800,216003800,216003800,310,740000,740000,0
29017381,215978300,216209100,215893400,216090200,292,84900,315700,196800
29017382,216076300,216188200,215549700,215549700,320,526600,638500,0
29017383,215550100,215736600,215350100,215710200,318,200000,386500,360100
29017384,215716800,215814800,215492100,215805000,301,224700,322700,312900
29017385,215798100,215799800,215231200,215351300,321,566900,568600,120100
29017386,215324400,215907700,215247100,215868200,315,77300,660600,621100
29017387,215860400,215974100,215618200,215744300,271,242200,355900,126100
29017388,215744400,215835500,215604800,215604800,293,139600,230700,0
29017389,215641900,215755900,215454100,215534600,243,187800,301800,80500
29017390,215533300,215696000,215504700,215635600,238,28600,191300,130900
29017391,215642300,215642400,215240300,215501300,232,402000,402100,261000
29017392,215514400,215791300,215443400,215749500,237,71000,347900,306100
29017393,215752600,215782100,215292200,215352100,192,460400,489900,59900
29017394,215352200,215395900,214988200,215395900,243,364000,407700,407700
29017395,215408100,215412000,214778400,215205600,288,629700,633600,427200
29017396,215192000,215389600,214890200,215381000,287,301800,499400,490800
29017397,215396300,215776900,215323500,215742100,299,72800,453400,418600
29017398,215744300,215776900,215580500,215706700,292,163800,196400,126200
29017399,215702900,215784800,215448100,215772700,235,254800,336700,324600
29017400,215772200,216055500,215669000,216055500,246,103200,386500,386500
29017401,216062400,216086200,215775000,215969500,286,287400,311200,194500
29017402,216015800,216176700,215889200,216091400,277,126600,287500,202200
29017403,216097400,216480400,216028700,216408600,298,68700,451700,379900
29017404,216421200,216570400,216328900,216563200,246,92300,241500,234300
29017405,216562700,216582800,216331000,216553100,262,231700,251800,222100
29017406,216541800,216625100,216416300,216588500,280,125500,208800,172200
29017407,216587600,216587600,215929000,216219700,270,658600,658600,290700
29017408,216217900,216217900,215749600,215763000,287,468300,468300,13400
29017409,215762400,215838600,215566000,215576000,155,196400,272600,10000
29017410,215576000,215576000,215312100,215484200,165,263900,263900,172100
29017411,215484300,215607100,215206100,215580700,266,278200,401000,374600
29017412,215587300,215742600,215467000,215624600,244,120300,275600,157600
29017413,215624700,215832600,215539600,215815000,264,85100,293000,275400
29017414,215810000,216426900,215808400,216410300,300,1600,618500,601900
29017415,216413500,216452300,216291000,216337600,266,122500,161300,46600
29017416,216339700,216378400,216069300,216069300,220,270400,309100,0
29017417,216067300,216374800,215906200,216299000,246,161100,468600,392800
29017418,216297100,216376400,216168700,216352300,266,128400,207700,183600
29017419,216354300,216498400,216224900,216326500,240,129400,273500,101600
29017420,216327000,216377100,216174900,216176600,192,152100,202200,1700
29017421,216174600,216401900,215879200,216401900,280,295400,522700,522700
29017422,216396300,216452200,216164900,216356200,260,231400,287300,191300
29017423,216351200,216601900,216216000,216445600,220,135200,385900,229600
29017424,216445400,216457300,216160300,216204800,296,285100,297000,44500
29017425,216202300,216225600,215853600,215891500,320,348700,372000,37900
29017426,215898100,215898100,215340100,215607400,316,558000,558000,267300
29017427,215649900,215847400,215608100,215847400,305,41800,239300,239300
29017428,215848700,215917200,215738000,215867400,278,110700,179200,129400
29017429,215865900,215906400,215558400,215588100,281,307500,348000,29700
29017430,215616700,215846600,215584700,215731000,289,32000,261900,146300
29017431,215721900,215753100,215207000,215207000,305,514900,546100,0
29017432,215220200,215311000,214892200,215114300,283,328000,418800,222100
29017433,215108900,215194800,214972100,215172100,287,136800,222700,200000
29017434,215153300,215374900,215001200,215318300,234,152100,373700,317100
29017435,215317800,215331700,214778500,214917700,280,539300,553200,139200
29017436,214906400,214960200,214576900,214744000,267,329500,383300,167100
29017437,214744900,214804700,214437300,214449300,284,307600,367400,12000
29017438,214449400,214920000,214419800,214851100,307,29600,500200,431300
29017439,214837400,215117000,214776900,215031000,264,60500,340100,254100
29017440,215039300,215039400,214672700,214775500,303,366600,366700,102800
29017441,214793700,214808600,214187800,214231700,322,605900,620800,43900
29017442,214229700,214738100,214227500,214625500,313,2200,510600,398000
29017443,214623300,214733800,214244400,214250900,313,378900,489400,6500
29017444,214261400,215006400,214257400,215006400,307,4000,749000,749000
29017445,215007800,215546500,214998200,215546500,320,9600,548300,548300
29017446,215566600,216445200,215526100,216438700,317,40500,919100,912600
29017447,216495400,216790300,216252100,216454800,320,243300,538200,202700
29017448,216450800,216785800,215979300,215984100,318,471500,806500,4800
29017449,215998300,216043900,215387200,215445000,315,611100,656700,57800
29017450,215442600,215770600,215376700,215688700,312,65900,393900,312000
29017451,215677500,216120400,215677500,215923300,301,0,442900,245800
29017452,215917700,216226100,215801000,215824600,263,116700,425100,23600
29017453,215823300,216113700,215697100,215853700,310,126200,416600,156600
29017454,215846100,215938400,215604900,215607800,293,241200,333500,2900
29017455,215608700,215809500,215419300,215807900,297,189400,390200,388600
29017456,215793300,215849400,215172400,215219800,317,620900,677000,47400
29017457,215212900,215713100,215212900,215697000,317,0,500200,484100
29017458,215706600,215832700,215484000,215643800,320,222600,348700,159800
29017459,215641000,216134000,215638900,216129100,316,2100,495100,490200
29017460,216134600,216515500,215822500,216515500,294,312100,693000,693000
29017461,216514100,216557400,215787100,216195800,328,727000,770300,408700
29017462,216164800,216462400,215869100,215879900,327,295700,593300,10800
29017463,215879400,215879400,215572500,215626900,323,306900,306900,54400
29017464,215613500,215802100,215478500,215732000,311,135000,323600,253500
29017465,215732500,215732500,214900300,214935000,318,832200,832200,34700
29017466,214934200,215063700,214488100,214673000,321,446100,575600,184900
29017467,214700200,214865000,214546300,214679400,309,153900,318700,133100
29017468,214712900,214943100,214632900,214687700,313,80000,310200,54800
29017469,214677100,215034000,214625600,214894600,287,51500,408400,269000
29017470,214900400,215141600,214745400,214864500,318,155000,396200,119100
29017471,214865600,215202800,214275200,214378800,320,590400,927600,103600
29017472,214346700,214631700,213913500,214281200,324,433200,718200,367700
29017473,214294300,214647900,214286000,214286000,316,8300,361900,0
29017474,214264900,214264900,213752500,213948300,330,512400,512400,195800
29017475,213946800,214189300,213745000,214189300,321,201800,444300,444300
29017476,214194700,214391600,213859100,214295900,320,335600,532500,436800
29017477,214308200,214621400,214226400,214410200,320,81800,395000,183800
29017478,214405900,214415800,214068600,214221200,316,337300,347200,152600
29017479,214234800,214582900,214102800,214146500,315,132000,480100,43700
29017480,214147800,214299800,213864800,213963200,326,283000,435000,98400
29017481,213963600,214152200,213440300,213619400,321,523300,711900,179100
29017482,213628700,213843700,213534600,213655900,330,94100,309100,121300
29017483,213641800,213834900,213467400,213586300,318,174400,367500,118900
29017484,213597600,213618700,212841700,213249900,312,755900,777000,408200
29017485,213249500,213651200,213232800,213611900,320,16700,418400,379100
29017486,213599000,213657800,213114300,213399600,324,484700,543500,285300
29017487,213413000,213826400,213244300,213543600,316,168700,582100,299300
29017488,213416800,213607300,213193600,213567100,313,223200,413700,373500
29017489,213568000,213746100,213234300,213276100,313,333700,511800,41800
29017490,213276600,213292400,212657100,212723700,300,619500,635300,66600
29017491,212721700,213059300,212609100,212782300,318,112600,450200,173200
29017492,212812900,213106900,212812900,212962300,313,0,294000,149400
29017493,212901800,213023400,212700400,213020500,298,201400,323000,320100
29017494,213022500,213532900,213022500,213532900,308,0,510400,510400
29017495,213549900,213683700,213306800,213385900,305,243100,376900,79100
29017496,213380900,213570200,213171000,213249100,310,209900,399200,78100
29017497,213248100,213384500,213106700,213313100,292,141400,277800,206400
29017498,213312300,213312300,212792500,212812900,290,519800,519800,20400
29017499,212796100,212892900,212522800,212676100,291,273300,370100,153300
29017500,212630300,213128900,212553900,213090000,315,76400,575000,536100
29017501,213092800,213420000,212892700,213309600,321,200100,527300,416900
29017502,213308600,213329600,212656800,212838800,317,651800,672800,182000
29017503,212839900,213176700,212837800,212936500,325,2100,338900,98700
29017504,212930300,212980500,212401500,212451100,312,528800,579000,49600
29017505,212453600,212841800,212453600,212753100,324,0,388200,299500
29017506,212734200,213153900,212466700,213153900,325,267500,687200,687200
29017507,213168700,213531000,213035700,213329800,325,133000,495300,294100
29017508,213319400,213319400,212430500,212513500,329,888900,888900,83000
29017509,212469900,212583300,211892100,212016800,330,577800,691200,124700
29017510,211970800,212017100,211462900,211619300,330,507900,554200,156400
29017511,211609000,212061400,211609000,211704900,332,0,452400,95900
29017512,211721300,212220200,211703400,211706300,319,17900,516800,2900
29017513,211734400,211907600,211419100,211684500,326,315300,488500,265400
29017514,211688300,212247700,211492500,212219500,317,195800,755200,727000
29017515,212208700,212596300,212172400,212583800,321,36300,423900,411400
29017516,212587300,212854200,212391300,212679800,326,196000,462900,288500
29017517,212651800,212659900,212006900,212369800,322,644900,653000,362900
29017518,212362400,212511200,211634700,211770200,328,727700,876500,135500
29017519,211774100,211774100,211084400,211489500,330,689700,689700,405100
29017520,211623400,212048100,211530200,211727300,319,93200,517900,197100
29017521,211730200,212046900,211714100,212027500,326,16100,332800,313400
29017522,212040300,212089300,211504900,211723800,315,535400,584400,218900
29017523,211728900,211812100,211474500,211523600,314,254400,337600,49100
29017524,211526100,211672900,210684800,210684800,316,841300,988100,0
29017525,210642300,210780900,210373300,210534400,328,269000,407600,161100
29017526,210537700,211042900,210522700,210867500,330,15000,520200,344800
29017527,210808600,211297700,210768000,211004100,331,40600,529700,236100
29017528,211021000,212130500,211006300,212067300,328,14700,1124200,1061000
29017529,212066800,212278000,211956500,212255500,316,110300,321500,299000
29017530,212237300,212682100,212237300,212482000,332,0,444800,244700
29017531,212445200,212463300,211909400,211911000,328,535800,553900,1600
29017532,211907200,211946800,211482300,211557900,328,424900,464500,75600
29017533,211562300,211637000,211170000,211335900,326,392300,467000,165900
29017534,211374800,211425500,209933100,210477700,322,1441700,1492400,544600
29017535,210477400,210891200,210118800,210298900,330,358600,772400,180100
29017536,210281800,211005800,210278000,210290000,326,3800,727800,12000
29017537,210291000,210507000,209935700,210070300,324,355300,571300,134600
29017538,210070500,210235500,209396300,210050300,330,674200,839200,654000
29017539,210031900,210056500,207018000,207476000,326,3013900,3038500,458000
29017540,207479600,207927800,205633200,206671200,336,1846400,2294600,1038000
29017541,206633900,207133900,204017000,204487300,330,2616900,3116900,470300
29017542,204513500,205854700,204427100,205623700,328,86400,1427600,1196600
29017543,205636900,206159800,204797300,204918700,332,839600,1362500,121400
29017544,204911900,206236000,204570500,205411800,322,341400,1665500,841300
29017545,205409300,205541600,203198300,203631500,329,2211000,2343300,433200
29017546,203490200,204556000,203046900,204208900,326,443300,1509100,1162000
29017547,204188100,205204800,204091800,204302400,332,96300,1113000,210600
29017548,204346600,204940200,203967700,204940200,336,378900,972500,972500
29017549,204955200,205185200,204468000,204683600,330,487200,717200,215600
29017550,204742600,206271800,204659200,206215600,326,83400,1612600,1556400
29017551,206210600,207236400,205680900,206909800,332,529700,1555500,1228900
29017552,206902200,207383300,206449900,207002700,326,452300,933400,552800
29017553,206946100,207151800,206336300,206388600,326,609800,815500,52300
29017554,206441700,206991200,206248400,206939400,332,193300,742800,691000
29017555,206944400,207487300,206833300,206932900,332,111100,654000,99600
29017556,206960500,207199700,206601600,206601600,328,358900,598100,0
29017557,206593500,206664200,205696100,205719500,321,897400,968100,23400
29017558,205668700,206115600,205624800,206013500,327,43900,490800,388700
29017559,206005000,206032600,205535700,205693500,326,469300,496900,157800
29017560,205700400,205741900,205266300,205639700,327,434100,475600,373400
29017561,205641600,206089500,205306000,206075600,326,335600,783500,769600
29017562,206030900,207015000,206030900,206914600,322,0,984100,883700
29017563,206925600,207023900,206338100,206385100,324,587500,685800,47000
29017564,206375600,206375600,205420500,205553000,326,955100,955100,132500
29017565,205543200,205718100,203612500,203612500,330,1930700,2105600,0
29017566,203616300,203616300,201217400,201306700,330,2398900,2398900,89300
29017567,201282800,202167200,201110600,201750500,335,172200,1056600,639900
29017568,201822300,202997900,201564800,202644500,328,257500,1433100,1079700
29017569,202690100,203375300,202501600,203296400,330,188500,873700,794800
29017570,203316800,203484200,202174700,202322800,336,1142100,1309500,148100
29017571,202341100,203429600,202251100,203202200,328,90000,1178500,951100
29017572,203230900,204671400,203052400,204660300,330,178500,1619000,1607900
29017573,204681600,205168000,204414900,205143600,334,266700,753100,728700
29017574,205113400,205453500,204813000,205392300,328,300400,640500,579300
29017575,205371700,205390500,204255900,204255900,332,1115800,1134600,0
29017576,204264500,204460300,203673800,203912600,328,590700,786500,238800
29017577,203965600,204248500,203631400,203660400,331,334200,617100,29000
29017578,203685300,204164600,203332600,203951500,330,352700,832000,618900
29017579,203936300,204174600,203539700,203756400,328,396600,634900,216700
29017580,203773700,203894100,203056300,203344300,328,717400,837800,288000
29017581,203341500,203641700,202769000,203342700,332,572500,872700,573700
29017582,203370200,204307400,203325200,204190000,325,45000,982200,864800
29017583,204197600,204929500,204001300,204740200,331,196300,928200,738900
29017584,204766900,205107100,204376900,204619000,331,390000,730200,242100
29017585,204624500,205464300,204518000,205384900,332,106500,946300,866900
29017586,205389100,206093800,204916600,205738200,333,472500,1177200,821600
29017587,205749000,205749000,204711300,205111200,327,1037700,1037700,399900
29017588,205124800,205547200,205037700,205182500,324,87100,509500,144800
29017589,205172300,205739400,205172300,205676300,321,0,567100,504000
29017590,205678400,206329100,205547100,206290100,332,131300,782000,743000
29017591,206264100,206478800,205956000,206077400,328,308100,522800,121400
29017592,206069800,206304800,205878200,206252700,326,191600,426600,374500
29017593,206257700,206557900,206257700,206372100,331,0,300200,114400
29017594,206378300,206498800,206126300,206327700,334,252000,372500,201400
29017595,206305200,206726400,206233900,206374100,331,71300,492500,140200
29017596,206359500,207169200,206034900,207164000,330,324600,1134300,1129100
29017597,207173000,207542300,206963600,206963600,329,209400,578700,0
29017598,206964000,207047500,206705900,206900900,316,258100,341600,195000
29017599,206886500,207146800,206677300,206948600,317,209200,469500,271300
29017600,206921700,207165700,206364700,206381200,334,557000,801000,16500
29017601,206375200,206483700,206132600,206335000,320,242600,351100,202400
29017602,206321300,206470400,206040500,206326700,330,280800,429900,286200
29017603,206315000,206315000,205790800,206168300,318,524200,524200,377500
29017604,206151700,206448600,206061300,206091200,323,90400,387300,29900
29017605,206077900,206580900,205889800,206518200,325,188100,691100,628400
29017606,206523900,206844900,206523900,206613100,329,0,321000,89200
29017607,206617100,207198300,206459900,207189300,319,157200,738400,729400
29017608,207188000,207188000,206702500,206803100,326,485500,485500,100600
29017609,206788900,207080800,206682600,206753700,319,106300,398200,71100
29017610,206755700,206889500,206351300,206488700,324,404400,538200,137400
29017611,206441000,206526300,206252400,206333700,303,188600,273900,81300
29017612,206331400,206737000,206206200,206661900,308,125200,530800,455700
29017613,206665000,207190500,206548400,207167100,311,116600,642100,618700
29017614,207157600,207794900,207088200,207790200,313,69400,706700,702000
29017615,207789600,208161400,207521300,207549400,328,268300,640100,28100
29017616,207570200,207715700,207274100,207445700,318,296100,441600,171600
29017617,207445200,207445200,207083200,207246400,300,362000,362000,163200
29017618,207238400,207267800,206952700,207068900,321,285700,315100,116200
29017619,207046800,207046800,206697300,206888200,290,349500,349500,190900
29017620,206889900,207144900,206709000,207109900,320,180900,435900,400900
29017621,207130600,207658400,207130600,207600700,323,0,527800,470100
29017622,207583800,207583800,207083200,207301700,308,500600,500600,218500
29017623,207313200,207425400,206968300,207169600,318,344900,457100,201300
29017624,207176300,207620100,207124600,207560400,307,51700,495500,435800
29017625,207598400,207653700,207057000,207286600,306,541400,596700,229600
29017626,207279600,207963700,207105200,207710700,322,174400,858500,605500
29017627,207675700,207900800,207347100,207507800,311,328600,553700,160700
29017628,207512700,207525400,207158900,207218000,312,353800,366500,59100
29017629,207218900,207519500,207108200,207425400,301,110700,411300,317200
29017630,207427400,207427400,206793600,206846500,316,633800,633800,52900
29017631,206842500,206990400,206536500,206721700,300,306000,453900,185200
29017632,206692500,206779100,206529300,206681100,285,163200,249800,151800
29017633,206680100,206708100,206298600,206361100,290,381500,409500,62500
29017634,206321100,206488800,206197400,206485100,283,123700,291400,287700
29017635,206503900,206569100,206262800,206278600,302,241100,306300,15800
29017636,206284600,206285100,205661500,205924100,314,623100,623600,262600
29017637,205926700,206162800,205866500,206103900,310,60200,296300,237400
29017638,206095200,206189500,205952100,206184600,316,143100,237400,232500
29017639,206191100,206460400,206126500,206163800,307,64600,333900,37300
29017640,206161100,206296800,205930800,206198400,324,230300,366000,267600
29017641,206208200,206635000,205980000,206635000,318,228200,655000,655000
29017642,206642000,206882500,206607500,206828700,284,34500,275000,221200
29017643,206822500,207321400,206740000,207202400,304,82500,581400,462400
29017644,207196800,207196800,206480300,206855700,300,716500,716500,375400
29017645,206858000,207272700,206695600,206695600,298,162400,577100,0
29017646,206686300,206987700,206412300,206951800,313,274000,575400,539500
29017647,206944000,207129700,206797200,207098700,311,146800,332500,301500
29017648,207057200,207203400,206872500,207073200,277,184700,330900,200700
29017649,207087500,207170500,206837200,207143600,278,250300,333300,306400
29017650,207150400,207526800,207006900,207463400,306,143500,519900,456500
29017651,207469700,207654000,207252100,207471000,298,217600,401900,218900
29017652,207472300,207483600,207178100,207247300,295,294200,305500,69200
29017653,207257700,207639600,207220000,207600700,297,37700,419600,380700
29017654,207586400,207695600,207157700,207157800,278,428700,537900,100
29017655,207157700,207449300,207003900,207239300,314,153800,445400,235400
29017656,207239700,207493000,207042800,207042800,292,196900,450200,0
29017657,207054700,207193900,206808200,206971300,309,246500,385700,163100
29017658,206958500,207157900,206878500,206922700,290,80000,279400,44200
29017659,206925900,207067800,206768200,206837400,303,157700,299600,69200
29017660,206839100,206870900,206672400,206698400,291,166700,198500,26000
29017661,206699500,206951100,206608300,206668300,305,91200,342800,60000
29017662,206646200,206858300,206479100,206539900,295,167100,379200,60800
29017663,206538800,206559900,206152900,206226600,314,385900,407000,73700
29017664,206226000,206539800,206222400,206380900,279,3600,317400,158500
29017665,206380500,206436200,206176500,206402000,313,204000,259700,225500
29017666,206392600,206450000,206123300,206308300,304,269300,326700,185000
29017667,206316500,206917200,206316500,206891300,313,0,600700,574800
29017668,206893500,206975100,206704500,206866600,273,189000,270600,162100
29017669,206866200,207076900,206717300,207050500,279,148900,359600,333200
29017670,207064400,207870300,207037100,207866800,318,27300,833200,829700
29017671,207846100,208674700,207726000,208629300,317,120100,948700,903300
29017672,208621200,209204300,208409300,208916800,332,211900,795000,507500
29017673,208919900,208919900,208442700,208442700,320,477200,477200,0
29017674,208444600,208521100,208178400,208488900,311,266200,342700,310500
29017675,208487200,208666400,207956600,207977400,312,530600,709800,20800
29017676,208009000,208168700,207837000,208109800,306,172000,331700,272800
29017677,208107800,208338800,208084100,208280300,278,23700,254700,196200
29017678,208268800,208281200,207761000,207761000,277,507800,520200,0
29017679,207753300,207809500,207548100,207599400,271,205200,261400,51300
29017680,207611900,207789500,207344200,207771700,326,267700,445300,427500
29017681,207793900,208013800,207583000,207665400,319,210900,430800,82400
29017682,207664400,207904300,207185500,207855000,310,478900,718800,669500
29017683,207858500,207889900,207461100,207689600,320,397400,428800,228500
29017684,207687200,208272700,207687200,208223900,306,0,585500,536700
29017685,208224000,208351600,207678100,207793800,305,545900,673500,115700
29017686,207790200,207806700,207476100,207768100,306,314100,330600,292000
29017687,207690500,207890100,207415600,207665400,302,274900,474500,249800
29017688,207667400,207982300,207542000,207920600,314,125400,440300,378600
29017689,207923000,208394000,207923000,208304700,304,0,471000,381700
29017690,208305100,208477200,208195600,208446600,287,109500,281600,251000
29017691,208514500,208623300,208063900,208556800,300,450600,559400,492900
29017692,208561900,208697100,208247900,208581100,299,314000,449200,333200
29017693,208587300,208632900,208133800,208208900,303,453500,499100,75100
29017694,208208500,208582100,208200000,208551300,288,8500,382100,351300
29017695,208552200,208802800,208514600,208644100,302,37600,288200,129500
29017696,208644200,209216600,208446900,209174700,316,197300,769700,727800
29017697,209142300,209210900,208749700,208800900,317,392600,461200,51200
29017698,208776100,208889600,208519500,208665200,303,256600,370100,145700
29017699,208653800,208821900,208234100,208261700,302,419700,587800,27600
29017700,208263700,208303800,208089900,208220800,294,173800,213900,130900
29017701,208208900,208548000,207997900,208309400,317,211000,550100,311500
29017702,208308400,208672100,208219500,208452300,305,88900,452600,232800
29017703,208450000,208904100,208378100,208902600,306,71900,526000,524500
29017704,208901700,209378400,208871400,209053300,318,30300,507000,181900
29017705,209053200,209066500,208739200,208787000,315,314000,327300,47800
29017706,208798700,208992800,208543300,208916200,304,255400,449500,372900
29017707,208920800,209057300,208590500,208598200,290,330300,466800,7700
29017708,208599000,208911500,208530400,208786700,298,68600,381100,256300
29017709,208791100,208791100,208576000,208675500,282,215100,215100,99500
29017710,208677500,208693300,208134400,208188900,320,543100,558900,54500
29017711,208190900,208463300,208167900,208375100,303,23000,295400,207200
29017712,208369800,208586200,208137900,208329600,314,231900,448300,191700
29017713,208336000,208771800,208332000,208637300,327,4000,439800,305300
29017714,208646100,208714500,208253900,208401700,301,392200,460600,147800
29017715,208411500,208592600,208315300,208516700,318,96200,277300,201400
29017716,208526000,208812500,208317900,208812500,328,208100,494600,494600
29017717,208814500,208846500,208288900,208455800,313,525600,557600,166900
29017718,208456700,208456700,207770900,208230000,324,685800,685800,459100
29017719,208227500,208401700,207889000,208401700,302,338500,512700,512700
29017720,208409300,208919100,208397700,208830000,318,11600,521400,432300
29017721,208829600,208923300,208587800,208660100,311,241800,335500,72300
29017722,208643500,208866900,208459500,208842200,306,184000,407400,382700
29017723,208841400,209023200,208716500,208983900,308,124900,306700,267400
29017724,208975000,209119700,208791700,209032200,283,183300,328000,240500
29017725,209029300,209057300,208537900,208539200,309,491400,519400,1300
29017726,208540100,208799700,208335900,208799700,301,204200,463800,463800
29017727,208801300,208907100,208375000,208604700,307,426300,532100,229700
29017728,208594100,208787800,208586600,208662200,295,7500,201200,75600
29017729,208658700,208836800,208327900,208770600,290,330800,508900,442700
29017730,208770900,208850500,208624300,208840400,304,146600,226200,216100
29017731,208857300,209192900,208647800,209032300,314,209500,545100,384500
29017732,209034300,209371400,208868000,209334000,286,166300,503400,466000
29017733,209333600,209361300,209120700,209120700,301,212900,240600,0
29017734,209117800,209117800,208751600,208807200,303,366200,366200,55600
29017735,208806800,208918600,208725400,208847200,269,81400,193200,121800
29017736,208849700,209012400,208763700,208927000,251,86000,248700,163300
29017737,208931000,209080300,208522800,208542000,272,408200,557500,19200
29017738,208510700,208567200,208199100,208202000,309,311600,368100,2900
29017739,208188600,208309900,207893000,208309200,276,295600,416900,416200
29017740,208312000,208529700,208084900,208427400,319,227100,444800,342500
29017741,208455000,208487700,207998300,208291300,330,456700,489400,293000
29017742,208342600,208560300,208137900,208394400,316,204700,422400,256500
29017743,208394800,209515000,208271000,209476500,326,123800,1244000,1205500
29017744,209523900,209907600,209272000,209774400,322,251900,635600,502400
29017745,209786000,210588700,209416600,210568600,323,369400,1172100,1152000
29017746,210580900,211975400,210491800,211948800,334,89100,1483600,1457000
29017747,211963700,212060200,211230300,211230300,330,733400,829900,0
29017748,211202300,211413400,210683000,210690800,330,519300,730400,7800
29017749,210687300,210808900,210235100,210402400,326,452200,573800,167300
29017750,210397100,210463400,209930500,210218200,326,466600,532900,287700
29017751,210211700,210436600,209882900,210357900,325,328800,553700,475000
29017752,210378200,210424100,209820500,209958400,318,557700,603600,137900
29017753,209946200,210083000,209590700,209664500,316,355500,492300,73800
29017754,209661500,209830100,209257800,209517100,328,403700,572300,259300
29017755,209516100,209614400,209155800,209305800,329,360300,458600,150000
29017756,209297800,209605400,209217600,209599900,333,80200,387800,382300
29017757,209600500,209706600,209305600,209557000,317,294900,401000,251400
29017758,209600000,209703400,209191900,209329400,322,408100,511500,137500
29017759,209338600,209614400,209086700,209614400,316,251900,527700,527700
29017760,209598900,209617800,209145600,209311700,316,453300,472200,166100
29017761,209309500,209821000,209307000,209600000,321,2500,514000,293000
29017762,209603900,210096500,209602500,209932700,311,1400,494000,330200
29017763,209904700,210135200,209893800,210115600,311,10900,241400,221800
29017764,210115000,210361600,210052400,210156500,304,62600,309200,104100
29017765,210151800,210317500,210075300,210231300,314,76500,242200,156000
29017766,210232200,210624300,209979400,210584800,310,252800,644900,605400
29017767,210565900,210646100,210438300,210569100,300,127600,207800,130800
29017768,210566600,210770800,210421400,210659900,310,145200,349400,238500
29017769,210659400,210764000,210526800,210549600,250,132600,237200,22800
29017770,210554100,210569700,210225600,210238800,308,328500,344100,13200
29017771,210227100,210357200,210079400,210130800,308,147700,277800,51400
29017772,210126400,210194400,209920500,210107300,293,205900,273900,186800
29017773,210101800,210412900,209975300,210392200,314,126500,437600,416900
29017774,210387300,210639300,209997400,210639300,306,389900,641900,641900
29017775,210641200,211097500,210641200,210829200,320,0,456300,188000
29017776,210765000,210765000,209958500,210067000,302,806500,806500,108500
29017777,210075200,210875300,210063400,210720000,309,11800,811900,656600
29017778,210713400,211036900,210550400,210926000,310,163000,486500,375600
29017779,210902100,210945300,210667300,210780200,288,234800,278000,112900
29017780,210777600,210777600,210491300,210612500,284,286300,286300,121200
29017781,210580800,210657100,210383200,210633700,307,197600,273900,250500
29017782,210633200,210720200,210399300,210624700,289,233900,320900,225400
29017783,210626700,210813900,210567800,210661400,283,58900,246100,93600
29017784,210666600,210813000,210317400,210461100,284,349200,495600,143700
29017785,210461000,210461000,210225600,210388500,309,235400,235400,162900
29017786,210375200,210462300,210157500,210159200,270,217700,304800,1700
29017787,210158300,210464900,210093600,210408400,275,64700,371300,314800
29017788,210402300,210402300,210128600,210258700,286,273700,273700,130100
29017789,210249300,210297900,209975400,210195900,279,273900,322500,220500
29017790,210194300,210241500,210070300,210184100,282,124000,171200,113800
29017791,210189100,210563900,210146400,210514100,309,42700,417500,367700
29017792,210530100,210601100,210286400,210442700,292,243700,314700,156300
29017793,210442900,210798900,210442900,210741300,288,0,356000,298400
29017794,210747500,211138200,210741300,210984600,297,6200,396900,243300
29017795,210979500,211229600,210972300,211207600,268,7200,257300,235300
29017796,211208000,211208000,210847200,211065600,263,360800,360800,218400
29017797,211066500,211204000,210967200,211113700,250,99300,236800,146500
29017798,211118100,211118100,210819500,210974800,265,298600,298600,155300
29017799,210985000,211003600,210751400,210842200,238,233600,252200,90800
29017800,210841700,210850000,210582600,210620700,299,259100,267400,38100
29017801,210619700,210656200,210358200,210469700,295,261500,298000,111500
29017802,210480100,210949800,210455900,210930500,309,24200,493900,474600
29017803,210932900,211311200,210920600,211248200,293,12300,390600,327600
29017804,211249500,211279500,210806100,210940900,304,443400,473400,134800
29017805,210938100,210950000,210528600,210916000,306,409500,421400,387400
29017806,210920400,211138900,210648300,210727600,308,272100,490600,79300
29017807,210731400,210811500,210526900,210799800,275,204500,284600,272900
29017808,210753200,210753200,210529700,210529700,280,223500,223500,0
29017809,210529700,210602800,210397300,210536800,283,132400,205500,139500
29017810,210517200,210801800,210419900,210801800,270,97300,381900,381900
29017811,210802300,210939500,210515400,210584500,249,286900,424100,69100
29017812,210590800,210605500,210139400,210348700,299,451400,466100,209300
29017813,210330200,210332600,209895600,210027200,300,434600,437000,131600
29017814,210025600,210145400,209869500,210014800,250,156100,275900,145300
29017815,210021500,210167600,209930400,210146800,287,91100,237200,216400
29017816,210148900,210330800,209866500,209891300,298,282400,464300,24800
29017817,209877700,209929500,209588500,209627500,285,289200,341000,39000
29017818,209629100,209793300,209555100,209683900,302,74000,238200,128800
29017819,209684900,209880400,209570500,209869800,303,114400,309900,299300
29017820,209870200,209984100,209636100,209644000,298,234100,348000,7900
29017821,209643600,209813600,209380600,209803400,256,263000,433000,422800
29017822,209806600,210143000,209677500,210108800,226,129100,465500,431300
29017823,210112100,210339700,210105400,210260700,278,6700,234300,155300
29017824,210248700,210559700,210238100,210366200,251,10600,321600,128100
29017825,210354200,210384800,210043900,210101900,288,310300,340900,58000
29017826,210105600,210278100,210077400,210137400,264,28200,200700,60000
29017827,210138700,210647700,210136900,210555700,293,1800,510800,418800
29017828,210555200,210916200,210523100,210892700,266,32100,393100,369600
29017829,210896500,211009500,210724400,210809900,273,172100,285100,85500
29017830,210809600,211017400,210617400,210808700,290,192200,400000,191300
29017831,210806500,210964900,210587300,210646700,275,219200,377600,59400
29017832,210638900,210696800,210207400,210324900,285,431500,489400,117500
29017833,210323100,210544200,210224700,210426900,308,98400,319500,202200
29017834,210424900,210673400,210197400,210568100,267,227500,476000,370700
29017835,210558200,210558200,210083700,210191400,290,474500,474500,107700
29017836,210178900,210178900,209898500,209989700,290,280400,280400,91200
29017837,209987400,209994300,209681500,209917500,277,305900,312800,236000
29017838,209919500,209919500,209709500,209783500,276,210000,210000,74000
29017839,209772600,209982600,209531600,209938200,294,241000,451000,406600
29017840,209923300,210134600,209923300,210111700,277,0,211300,188400
29017841,210107700,210107700,209729500,209956600,263,378200,378200,227100
29017842,209961100,209977100,209486600,209719100,245,474500,490500,232500
29017843,209687600,209761900,209620600,209761500,248,67000,141300,140900
29017844,209761000,209777800,209577500,209686300,232,183500,200300,108800
29017845,209691600,209702400,209455000,209512000,297,236600,247400,57000
29017846,209515500,209603600,209210800,209274500,256,304700,392800,63700
29017847,209271400,209592100,209231800,209569900,268,39600,360300,338100
29017848,209569500,209644600,209349200,209593200,275,220300,295400,244000
29017849,209593600,209606700,209326600,209515200,268,267000,280100,188600
29017850,209515600,209618400,209355600,209613700,280,160000,262800,258100
29017851,209615100,209774000,209467600,209726800,243,147500,306400,259200
29017852,209724800,209833600,209577500,209713400,254,147300,256100,135900
29017853,209712900,210161700,209676600,209973400,288,36300,485100,296800
29017854,209973700,210004400,209693100,209758400,262,280600,311300,65300
29017855,209760400,209823400,209472400,209494300,295,288000,351000,21900
29017856,209493400,209743400,209493400,209646300,256,0,250000,152900
29017857,209646400,209832500,209606700,209832500,266,39700,225800,225800
29017858,209807300,210234600,209806200,210162700,278,1100,428400,356500
29017859,210121300,210121300,209777500,209891400,277,343800,343800,113900
29017860,209893400,210214400,209803200,210214400,308,90200,411200,411200
29017861,210214900,210425600,210163700,210163700,296,51200,261900,0
29017862,210158400,210158400,209688500,209773000,261,469900,469900,84500
29017863,209775200,209880000,209521200,209569300,302,254000,358800,48100
29017864,209570000,209726900,209113700,209670500,299,456300,613200,556800
29017865,209667600,209700100,209335200,209413900,303,332400,364900,78700
29017866,209410100,209507300,209191600,209447700,294,218500,315700,256100
29017867,209449400,209449400,209231600,209424500,251,217800,217800,192900
29017868,209399300,209401100,208891900,208921100,298,507400,509200,29200
29017869,208934300,209074700,208455000,208462400,318,479300,619700,7400
29017870,208467300,208537500,208060300,208521400,310,407000,477200,461100
29017871,208523300,208547900,208093300,208271700,302,430000,454600,178400
29017872,208279400,208458600,208169100,208374400,286,110300,289500,205300
29017873,208374400,208374400,208007600,208093200,293,366800,366800,85600
29017874,208098900,208423100,208039400,208119900,267,59500,383700,80500
29017875,208119400,208119400,207373300,207985600,314,746100,746100,612300
29017876,207997800,208087100,207684500,208059200,306,313300,402600,374700
29017877,208063200,208127200,207548100,207876100,297,515100,579100,328000
29017878,207849400,207905600,207578600,207870500,307,270800,327000,291900
29017879,207875800,208148900,207698000,207861700,288,177800,450900,163700
29017880,207863700,207889600,207062600,207291600,308,801100,827000,229000
29017881,207306800,207698900,207235900,207569200,295,70900,463000,333300
29017882,207564900,207567200,207128200,207393200,302,436700,439000,265000
29017883,207401100,207565800,207401100,207546700,291,0,164700,145600
29017884,207549100,207958700,207544400,207803900,245,4700,414300,259500
29017885,207777500,207978400,207736400,207865200,277,41100,242000,128800
29017886,207867200,208359800,207679000,208308700,283,188200,680800,629700
29017887,208273900,208383000,208134900,208292900,251,139000,248100,158000
29017888,208279600,208308600,208023500,208286400,242,256100,285100,262900
29017889,208284400,208288300,208023300,208023300,216,261100,265000,0
29017890,208026800,208364400,207857900,208362000,277,168900,506500,504100
29017891,208364000,208836500,208268900,208776400,294,95100,567600,507500
29017892,208783100,208783100,208339900,208508000,273,443200,443200,168100
29017893,208501300,208793200,208392400,208437200,301,108900,400800,44800
29017894,208437700,208708100,208282900,208518700,287,154800,425200,235800
29017895,208533700,208607900,208404000,208412400,289,129700,203900,8400
29017896,208406300,208417500,208103700,208296700,272,302600,313800,193000
29017897,208291400,208538600,208263600,208511900,297,27800,275000,248300
29017898,208478900,208640400,208260900,208640400,266,218000,379500,379500
29017899,208637600,208810300,208167500,208174400,280,470100,642800,6900
29017900,208182200,208244700,207854800,207958800,312,327400,389900,104000
29017901,207958100,208010400,207754900,207816600,272,203200,255500,61700
29017902,207845100,208069800,207800000,208008700,271,45100,269800,208700
29017903,208015500,208141900,207855000,208027100,242,160500,286900,172100
29017904,208026600,208048800,207636600,207829600,293,390000,412200,193000
29017905,207829100,207906000,207589600,207872900,284,239500,316400,283300
29017906,207901500,208054000,207613000,208054000,316,288500,441000,441000
29017907,208089500,208207800,207971900,208187700,274,117600,235900,215800
29017908,208189800,208253300,208038300,208108700,307,151500,215000,70400
29017909,208115700,208245000,208006900,208062500,269,108800,238100,55600
29017910,208042600,208144600,207859500,208144600,288,183100,285100,285100
29017911,208146900,208359100,208068900,208304300,264,78000,290200,235400
29017912,208306300,208328700,207971500,208274600,294,334800,357200,303100
29017913,208257200,208498600,208257200,208358000,250,0,241400,100800
29017914,208374100,208380100,208019900,208097900,262,354200,360200,78000
29017915,208093100,208093100,207843500,207995200,294,249600,249600,151700
29017916,207995400,208210300,207995400,208177600,268,0,214900,182200
29017917,208193700,208231200,207913000,207918500,282,280700,318200,5500
29017918,207918400,208126900,207906900,207912600,264,11500,220000,5700
29017919,207910700,208175400,207833000,208172900,270,77700,342400,339900
29017920,208173200,208580900,208002600,208534600,323,170600,578300,532000
29017921,208541000,208936200,208270300,208761300,315,270700,665900,491000
29017922,208763300,208821100,208190900,208202500,313,572400,630200,11600
29017923,208202100,208764000,208200800,208649700,317,1300,563200,448900
29017924,208659800,209058700,208549600,208992500,320,110200,509100,442900
29017925,208994200,209057500,208396700,208396700,312,597500,660800,0
29017926,208398100,208456000,207905600,208089400,301,492500,550400,183800
29017927,208089900,208199100,207706000,207751100,310,383900,493100,45100
29017928,207757800,207757800,207491000,207494300,315,266800,266800,3300
29017929,207492000,207631800,207243300,207355000,326,248700,388500,111700
29017930,207331200,207427200,207273300,207423400,314,57900,153900,150100
29017931,207424400,207812400,207238100,207749900,311,186300,574300,511800
29017932,207749400,207987900,207723600,207903900,293,25800,264300,180300
29017933,207881600,208141200,207862000,208122800,245,19600,279200,260800
29017934,208145100,208434800,207981000,208393200,289,164100,453800,412200
29017935,208393300,208671000,208277600,208355100,277,115700,393400,77500
29017936,208361200,208831200,208312600,208823900,285,48600,518600,511300
29017937,208802000,209353100,208686200,209231400,292,115800,666900,545200
29017938,209229900,209243200,208962300,209099500,304,267600,280900,137200
29017939,209102300,209286800,209085600,209158300,262,16700,201200,72700
29017940,209158400,209191700,208614700,208766000,316,543700,577000,151300
29017941,208766500,209129100,208659100,209110300,296,107400,470000,451200
29017942,209111800,209493400,208985500,209354200,295,126300,507900,368700
29017943,209347300,209555700,209246000,209395700,288,101300,309700,149700
29017944,209393200,209415600,209137700,209268900,272,255500,277900,131200
29017945,209259000,209768700,209204500,209663200,274,54500,564200,458700
29017946,209664500,210585600,209577500,210297400,320,87000,1008100,719900
29017947,210290400,210337700,209627500,209897000,319,662900,710200,269500
29017948,209894300,209939700,209734200,209753800,263,160100,205500,19600
29017949,209746400,209853600,209487600,209516600,219,258800,366000,29000
29017950,209511000,209754200,209480200,209670900,284,30800,274000,190700
29017951,209711900,210441300,209675400,210232900,309,36500,765900,557500
29017952,210211900,210520700,210161200,210363200,325,50700,359500,202000
29017953,210352500,210507900,210062700,210160200,330,289800,445200,97500
29017954,210177300,210316500,210087400,210106600,305,89900,229100,19200
29017955,210106200,210281400,209830200,209838100,285,276000,451200,7900
29017956,209831900,209876500,209627500,209782700,304,204400,249000,155200
29017957,209765600,209975200,209648500,209898700,284,117100,326700,250200
29017958,209899000,209970600,209541700,209708900,284,357300,428900,167200
29017959,209709400,209997600,209577500,209960200,270,131900,420100,382700
29017960,209961700,210026000,209702500,209865000,282,259200,323500,162500
29017961,209880600,209880600,209583300,209675300,263,297300,297300,92000
29017962,209676200,209745700,209457600,209518600,253,218600,288100,61000
29017963,209524800,209583700,209510800,209510800,158,14000,72900,0
29017964,209512800,209619200,209186000,209234400,244,326800,433200,48400
29017965,209232800,209418100,208981400,209012500,300,251400,436700,31100
29017966,209012000,209019000,208738100,208910100,302,273900,280900,172000
29017967,208914700,209037600,208767700,208973900,316,147000,269900,206200
29017968,209018600,209045900,208790200,208972500,284,228400,255700,182300
29017969,208973400,208977100,208647800,208677300,305,325600,329300,29500
29017970,208676800,208745900,208553400,208675200,258,123400,192500,121800
29017971,208680600,208931000,208497800,208811700,290,182800,433200,313900
29017972,208815700,209011000,208804100,208962600,259,11600,206900,158500
29017973,208980100,209142100,208915300,208994300,274,64800,226800,79000
29017974,208993900,209121300,208907700,208997800,241,86200,213600,90100
29017975,208995100,209196700,208988500,209196200,262,6600,208200,207700
29017976,209198700,209388000,208947700,209388000,222,251000,440300,440300
29017977,209390200,209846800,209382200,209814900,288,8000,464600,432700
29017978,209790100,210004500,209693700,209973300,281,96400,310800,279600
29017979,209979700,210067100,209847500,210054200,258,132200,219600,206700
29017980,210048200,210180600,209957100,210029900,300,91100,223500,72800
29017981,210026300,210112200,209717500,209745700,263,308800,394700,28200
29017982,209747300,209973200,209616700,209864900,292,130600,356500,248200
29017983,209867400,210196900,209775500,209778500,286,91900,421400,3000
29017984,209782000,210033200,209533200,209533200,301,248800,500000,0
29017985,209532700,209589000,209405300,209547000,301,127400,183700,141700
29017986,209530500,209626800,209287600,209561000,290,242900,339200,273400
29017987,209560900,209744700,209510800,209744700,282,50100,233900,233900
29017988,209730800,209809100,209692100,209787700,249,38700,117000,95600
29017989,209788200,209797300,209497600,209796900,239,290600,299700,299300
29017990,209804900,210748900,209772900,210505300,308,32000,976000,732400
29017991,210502700,211138200,210297400,211138200,293,205300,840800,840800
29017992,211132300,211153200,210868700,210934700,312,263600,284500,66000
29017993,210939800,210939800,210558600,210621400,273,381200,381200,62800
29017994,210617000,210617000,210411500,210455600,267,205500,205500,44100
29017995,210454900,210536000,210115800,210115800,288,339100,420200,0
29017996,210116700,210269500,209852800,209857800,301,263900,416700,5000
29017997,209864000,209905700,209604800,209810500,270,259200,300900,205700
29017998,209809100,209985900,209576300,209887200,290,232800,409600,310900
29017999,209886700,209890700,209517600,209621400,239,369100,373100,103800
29018000,209624400,209696400,209420900,209454800,278,203500,275500,33900
29018001,209464700,209480100,209024800,209187800,291,439900,455300,163000
29018002,209192400,209283900,208668000,208812800,309,524400,615900,144800
29018003,208816900,209149400,208816900,209080500,310,0,332500,263600
29018004,209081700,209130700,208807700,208915000,291,274000,323000,107300
29018005,208918900,208936600,208646700,208785300,303,272200,289900,138600
29018006,208784900,209021500,208627800,208994500,274,157100,393700,366700
29018007,208994300,209261300,208967900,209240600,275,26400,293400,272700
29018008,209241200,209291100,208968200,209208300,270,273000,322900,240100
29018009,209208800,209400000,209017700,209393900,237,191100,382300,376200
29018010,209379300,209475500,209261800,209470900,283,117500,213700,209100
29018011,209471300,209493800,209129400,209266500,274,341900,364400,137100
29018012,209262300,209320900,208941300,209300200,299,321000,379600,358900
29018013,209302700,209312800,209167600,209214400,295,135100,145200,46800
29018014,209213200,209344100,209037700,209234200,276,175500,306400,196500
29018015,209230200,209506000,209081300,209503000,306,148900,424700,421700
29018016,209503300,209922200,209367600,209901700,298,135700,554600,534100
29018017,209904300,209998000,209537600,209763800,284,366700,460400,226200
29018018,209763400,209977500,209692200,209899100,291,71200,285300,206900
29018019,209895100,210081900,209757500,210047800,294,137600,324400,290300
29018020,210021400,210122700,209980000,210010500,270,41400,142700,30500
29018021,210011000,210113500,209777500,210096300,246,233500,336000,318800
29018022,210095900,210106900,209917500,210104500,260,178400,189400,187000
29018023,210106500,210259400,210079600,210251200,260,26900,179800,171600
29018024,210253600,210547200,210241000,210440000,233,12600,306200,199000
29018025,210441900,210583600,210280300,210282300,297,161600,303300,2000
29018026,210284200,210291900,210127400,210199800,237,156800,164500,72400
29018027,210193900,210260800,210077400,210173600,227,116500,183400,96200
29018028,210168700,210168700,209881200,209980200,298,287500,287500,99000
29018029,209986100,210024100,209777500,209952800,282,208600,246600,175300
29018030,209950800,209950800,209660700,209660700,262,290100,290100,0
29018031,209647000,209647000,209314500,209530000,285,332500,332500,215500
29018032,209530900,209618600,209292600,209443200,265,238300,326000,150600
29018033,209444100,209541600,209261500,209525600,296,182600,280100,264100
29018034,209513600,209541400,209359800,209377500,249,153800,181600,17700
29018035,209379500,209402900,209242600,209299500,251,136900,160300,56900
29018036,209303000,209381000,209097000,209309300,272,206000,284000,212300
29018037,209313300,209354500,209037700,209185200,202,275600,316800,147500
29018038,209180200,209223200,209085900,209102700,241,94300,137300,16800
29018039,209106600,209219100,208874900,208900400,233,231700,344200,25500
29018040,208903600,208943600,208556400,208761800,285,347200,387200,205400
29018041,208762300,209028900,208577800,208976100,280,184500,451100,398300
29018042,208977500,209185000,208737800,208966000,280,239700,447200,228200
29018043,208965100,208970400,208766100,208917200,287,199000,204300,151100
29018044,208918400,209499500,208918400,209461600,277,0,581100,543200
29018045,209453800,209557600,209373200,209509800,268,80600,184400,136600
29018046,209516900,209632600,209189300,209291600,275,327600,443300,102300
29018047,209290500,209557300,209151900,209543800,255,138600,405400,391900
29018048,209542200,209577900,209255200,209263800,243,287000,322700,8600
29018049,209269700,209359300,209137700,209301900,253,132000,221600,164200
29018050,209301500,209301500,208982600,209009200,296,318900,318900,26600
29018051,209009600,209085300,208777700,209072400,261,231900,307600,294700
29018052,209065500,209282700,209065500,209280000,244,0,217200,214500
29018053,209275600,209311700,209125100,209205100,239,150500,186600,80000
29018054,209196300,209446600,209133000,209423700,194,63300,313600,290700
29018055,209421700,209442600,209272100,209376700,258,149600,170500,104600
29018056,209351600,209699000,209137700,209684600,280,213900,561300,546900
29018057,209684200,209797200,209277600,209296900,287,406600,519600,19300
29018058,209286100,209307300,208640200,208672600,288,645900,667100,32400
29018059,208674600,208944700,208503500,208579000,274,171100,441200,75500
29018060,208600700,208600700,208037600,208469100,320,563100,563100,431500
29018061,208473000,208653900,208227900,208380600,289,245100,426000,152700
29018062,208380100,208821800,208367800,208806600,286,12300,454000,438800
29018063,208813300,208989900,208725300,208729000,245,88000,264600,3700
29018064,208727100,208892600,208576700,208576700,280,150400,315900,0
29018065,208573300,208781000,208517000,208772600,296,56300,264000,255600
29018066,208770500,209179800,208646800,209121000,285,123700,533000,474200
29018067,209121400,209289700,209025700,209161600,277,95700,264000,135900
29018068,209160300,209430200,209129000,209428200,277,31300,301200,299200
29018069,209429800,209429800,209073500,209089500,261,356300,356300,16000
29018070,209087400,209204200,208876900,209171100,279,210500,327300,294200
29018071,209168700,209669200,209077700,209617600,302,91000,591500,539900
29018072,209618000,209880400,209251600,209391200,293,366400,628800,139600
29018073,209389200,209449500,209134000,209245200,301,255200,315500,111200
29018074,209247200,209750300,209213700,209617000,317,33500,536600,403300
29018075,209598400,209763100,209487300,209497200,299,111100,275800,9900
29018076,209494500,209774200,209274600,209749100,316,219900,499600,474500
29018077,209751500,209990600,209601500,209867700,302,150000,389100,266200
29018078,209869500,210231700,209781100,210113800,294,88400,450600,332700
29018079,210113300,210146700,209697500,209807800,269,415800,449200,110300
29018080,209811600,210207200,209736700,210207200,292,74900,470500,470500
29018081,210209100,210411500,210007400,210300200,302,201700,404100,292800
29018082,210285200,210391500,210047400,210114500,291,237800,344100,67100
29018083,210110700,210125300,209824900,209903900,231,285800,300400,79000
29018084,209887800,210016000,209757500,209894000,289,130300,258500,136500
29018085,209893100,210009800,209801900,209970500,277,91200,207900,168600
29018086,209968600,210304900,209968600,210190300,280,0,336300,221700
29018087,210189800,210901900,210109900,210858500,303,79900,792000,748600
29018088,210855400,210855400,210413600,210535500,310,441800,441800,121900
29018089,210569400,210573100,210347400,210505100,256,222000,225700,157700
29018090,210503600,210536400,210362400,210465500,266,141200,174000,103100
29018091,210465600,210465600,210190300,210200000,271,275300,275300,9700
29018092,210195500,210380900,210097400,210219400,249,98100,283500,122000
29018093,210217600,210305200,210085600,210142800,238,132000,219600,57200
29018094,210137100,210491300,210056900,210491300,232,80200,434400,434400
29018095,210494200,210631900,210413300,210523700,258,80900,218600,110400
29018096,210523100,210538800,210188200,210252400,267,334900,350600,64200
29018097,210249500,210378900,209967400,210155400,274,282100,411500,188000
29018098,210149900,210283500,210016700,210231600,288,133200,266800,214900
29018099,210227000,210266700,210117400,210177600,210,109600,149300,60200
29018100,210173700,210183000,209994700,210008900,270,179000,188300,14200
29018101,209998000,210038200,209847500,209882600,268,150500,190700,35100
29018102,209883100,210022300,209817500,209873400,255,65600,204800,55900
29018103,209872900,210193000,209708200,210175300,263,164700,484800,467100
29018104,210174800,210174800,209815500,209850400,250,359300,359300,34900
29018105,209837900,210135200,209784300,209784300,298,53600,350900,0
29018106,209781800,210222700,209757500,210158100,261,24300,465200,400600
29018107,210183000,210510000,210120600,210510000,290,62400,389400,389400
29018108,210502200,210660200,210417000,210533500,254,85200,243200,116500
29018109,210529600,210529600,210207400,210435100,268,322200,322200,227700
29018110,210434600,210830900,210380400,210794500,295,54200,450500,414100
29018111,210804600,211462300,210687300,211411600,311,117300,775000,724300
29018112,211448500,211856700,211265700,211569800,314,182800,591000,304100
29018113,211568800,211593200,211162200,211209300,311,406600,431000,47100
29018114,211193100,211205100,210667300,210943900,304,525800,537800,276600
29018115,210940000,210954500,210653200,210726800,312,286800,301300,73600
29018116,210731200,210836800,210607300,210711600,305,123900,229500,104300
29018117,210711900,210993300,210585700,210985100,300,126200,407600,399400
29018118,210981900,211181600,210947100,211030500,311,34800,234500,83400
29018119,211032500,211167600,210753000,210753000,272,279500,414600,0
29018120,210755000,210856200,210503800,210514200,293,251200,352400,10400
29018121,210510200,210678700,210367300,210486500,297,142900,311400,119200
29018122,210489900,210495100,210234700,210362000,289,255200,260400,127300
29018123,210344200,210403500,210059700,210164400,284,284500,343800,104700
29018124,210165600,210442900,210045500,210408000,284,120100,397400,362500
29018125,210412000,210551000,210346200,210351800,257,65800,204800,5600
29018126,210350500,210506900,210311000,210429600,246,39500,195900,118600
29018127,210431700,210669300,210417300,210654700,286,14400,252000,237400
29018128,210660100,210740100,210619200,210713500,243,40900,120900,94300
29018129,210721500,210989200,210713100,210989200,229,8400,276100,276100
29018130,210991200,211044400,210786300,210809000,282,204900,258100,22700
29018131,210795400,210954100,210707300,210860500,263,88100,246800,153200
29018132,210860900,210873900,210597300,210715100,269,263600,276600,117800
29018133,210714600,211253100,210689200,211192400,286,25400,563900,503200
29018134,211183800,211429500,211053400,211397100,254,130400,376100,343700
29018135,211398200,211426600,211081900,211095600,296,316300,344700,13700
29018136,211094700,211319500,210977200,211155900,294,117500,342300,178700
29018137,211156800,211574900,211089400,211318000,292,67400,485500,228600
29018138,211318900,211467500,211110500,211126300,288,208400,357000,15800
29018139,211125200,211137800,210827200,210951500,300,298000,310600,124300
29018140,210951500,211125200,210941700,211033900,299,9800,183500,92200
29018141,211024700,211116700,210757200,211079200,282,267500,359500,322000
29018142,211072600,211077500,210587300,210729800,294,485300,490200,142500
29018143,210705300,210986200,210699300,210947800,290,6000,286900,248500
29018144,210946200,210946200,210567300,210734200,247,378900,378900,166900
29018145,210731800,210918500,210704800,210731600,296,27000,213700,26800
29018146,210731200,210789000,210567300,210783700,258,163900,221700,216400
29018147,210784100,210784100,210377300,210474800,276,406800,406800,97500
29018148,210472800,210529200,210431800,210484100,260,41000,97400,52300
29018149,210493300,210735600,210417300,210735600,251,76000,318300,318300
29018150,210771300,210861800,210618200,210861600,247,153100,243600,243400
29018151,210881100,211237200,210881100,211087400,274,0,356100,206300
29018152,211117700,211282300,211115800,211280500,269,1900,166500,164700
29018153,211272500,211272500,210864600,210864600,252,407900,407900,0
29018154,210868600,210916900,210637300,210806200,238,231300,279600,168900
29018155,210805700,210840600,210660700,210662700,212,145000,179900,2000
29018156,210659400,210659400,210052200,210352500,287,607200,607200,300300
29018157,210364400,210498400,210207400,210373400,208,157000,291000,166000
29018158,210368000,210586200,210295800,210440200,199,72200,290400,144400
29018159,210438800,210438800,210237400,210266600,157,201400,201400,29200
29018160,210272500,210306300,210116600,210172900,310,155900,189700,56300
29018161,210170900,210176600,209816900,209962100,282,354000,359700,145200
29018162,209955700,210142100,209768800,209928000,275,186900,373300,159200
29018163,209932000,210249400,209907100,210210200,281,24900,342300,303100
29018164,210209300,210256900,210037400,210206100,274,171900,219500,168700
29018165,210205600,210208900,209882900,209882900,290,322700,326000,0
29018166,209876000,209876000,209610500,209674800,286,265500,265500,64300
29018167,209673500,209857700,209577500,209581700,297,96000,280200,4200
29018168,209571900,209741800,209527400,209664900,270,44500,214400,137500
29018169,209662000,209663100,209319800,209485500,285,342200,343300,165700
29018170,209484400,209791600,209474400,209671400,277,10000,317200,197000
29018171,209667400,209743600,209457600,209559300,259,209800,286000,101700
29018172,209554400,209588700,209317600,209412700,273,236800,271100,95100
29018173,209415200,209415200,209076700,209212900,264,338500,338500,136200
29018174,209208200,209556200,209084000,209543400,288,124200,472200,459400
29018175,209526100,209526100,209277000,209310400,299,249100,249100,33400
29018176,209312900,209337100,208943100,209100100,293,369800,394000,157000
29018177,209098700,209401200,209012100,209401200,289,86600,389100,389100
29018178,209404300,209431600,209089600,209103600,293,314700,342000,14000
29018179,209105200,209320000,208967700,209116700,303,137500,352300,149000
29018180,209120500,209359200,209109400,209341300,296,11100,249800,231900
29018181,209347300,209631600,209247600,209629100,274,99700,384000,381500
29018182,209626100,209626100,209097700,209129300,272,528400,528400,31600
29018183,209130000,209286700,208975000,209228800,294,155000,311700,253800
29018184,209224800,209224800,208602500,208678400,302,622300,622300,75900
29018185,208671400,208839200,208422400,208839200,335,249000,416800,416800
29018186,208837100,209161300,208557800,209114900,305,279300,603500,557100
29018187,209127600,209199800,208727800,208929000,316,399800,472000,201200
29018188,208877000,208938500,208613000,208770400,313,264000,325500,157400
29018189,208769600,208961000,208717900,208844900,299,51700,243100,127000
29018190,208835900,209074300,208659900,208905500,310,176000,414400,245600
29018191,208900200,209310100,208866700,209282800,294,33500,443400,416100
29018192,209282300,209434800,209167600,209262800,267,114700,267200,95200
29018193,209227200,209510700,209111600,209414500,289,115600,399100,302900
29018194,209420900,209502100,209251800,209415000,287,169100,250300,163200
29018195,209419600,209786000,209345000,209786000,294,74600,441000,441000
29018196,209785500,209879200,209588700,209656700,289,196800,290500,68000
29018197,209656900,209770400,209417600,209565000,257,239300,352800,147400
29018198,209562500,209772400,209339800,209612300,307,222700,432600,272500
29018199,209612700,209712900,209547600,209710500,269,65100,165300,162900
29018200,209709100,210188900,209703400,210188900,297,5700,485500,485500
29018201,210191700,210416000,210057400,210180100,284,134300,358600,122700
29018202,210167300,210428600,210167300,210294300,297,0,261300,127000
29018203,210251400,210559100,210098600,210437600,296,152800,460500,339000
29018204,210438100,210778400,210307600,210684500,267,130500,470800,376900
29018205,210679900,210926600,210613700,210796200,304,66200,312900,182500
29018206,210804400,211297700,210804400,211180600,294,0,493300,376200
29018207,211183000,211330300,210979200,211315800,302,203800,351100,336600
29018208,211316700,211414800,210693400,210697200,307,623300,721400,3800
29018209,210668000,210847400,210462500,210592500,311,205500,384900,130000
29018210,210601000,210966100,210590200,210945300,304,10800,375900,355100
29018211,210947300,211095100,210567300,210642100,295,380000,527800,74800
29018212,210642800,210733800,210497300,210627000,308,145500,236500,129700
29018213,210620600,210679200,210342700,210372500,292,277900,336500,29800
29018214,210375100,210421100,210157400,210347400,296,217700,263700,190000
29018215,210349200,210408600,210248400,210270700,296,100800,160200,22300
29018216,210262900,210644100,210007400,210551600,296,255500,636700,544200
29018217,210551100,210768100,210487300,210668600,257,63800,280800,181300
29018218,210668000,210698300,210525200,210569400,263,142800,173100,44200
29018219,210563300,210596200,210325500,210490400,250,237800,270700,164900
29018220,210492700,210516800,210186900,210246500,268,305800,329900,59600
29018221,210243800,210419400,209763500,209834500,280,480300,655900,71000
29018222,209836400,209850400,209270600,209568600,305,565800,579800,298000
29018223,209577700,209775100,209480900,209524700,313,96800,294200,43800
29018224,209494200,209823400,209434500,209519900,301,59700,388900,85400
29018225,209550900,209906100,209542000,209906100,294,8900,364100,364100
29018226,209911000,210076100,209597500,210052000,297,313500,478600,454500
29018227,210039300,210039300,209567500,209662100,271,471800,471800,94600
29018228,209642600,209642600,209349100,209489900,303,293500,293500,140800
29018229,209485100,209485100,209071400,209095000,274,413700,413700,23600
29018230,209095500,209095500,208555600,208696400,312,539900,539900,140800
29018231,208699300,208948600,208617800,208900000,313,81500,330800,282200
29018232,208900900,208917500,208577500,208600700,309,323400,340000,23200
29018233,208592700,208648700,208101000,208443400,314,491700,547700,342400
29018234,208424200,208509100,208128500,208509100,323,295700,380600,380600
29018235,208507700,208968300,208371200,208893000,316,136500,597100,521800
29018236,208890200,209184200,208657800,208992300,308,232400,526400,334500
29018237,209021600,209052800,208757700,208882700,307,263900,295100,125000
29018238,208861300,208868800,208392000,208392000,306,469300,476800,0
29018239,208385900,208437000,208057900,208121000,323,328000,379100,63100
29018240,208111700,208278600,207352800,207414800,322,758900,925800,62000
29018241,207408300,207486800,207005900,207296300,330,402400,480900,290400
29018242,207297300,207555700,207139200,207297900,325,158100,416500,158700
29018243,207326100,207880300,207314400,207596600,327,11700,565900,282200
29018244,207609300,207951800,207588000,207761900,328,21300,363800,173900
29018245,207763800,207763800,207440400,207577700,328,323400,323400,137300
29018246,207569800,207643900,207182600,207631800,320,387200,461300,449200
29018247,207634500,207911700,207409500,207434300,314,225000,502200,24800
29018248,207438200,207475000,205964500,206170500,307,1473700,1510500,206000
29018249,206165500,206328300,206053100,206120400,320,112400,275200,67300
29018250,206119400,206950600,205643600,206880200,332,475800,1307000,1236600
29018251,206864200,207313700,206721100,206909100,332,143100,592600,188000
29018252,206927800,207108300,206675900,206902700,328,251900,432400,226800
29018253,206903400,207087000,206658200,207038200,322,245200,428800,380000
29018254,207033500,207190100,206856900,207007300,320,176600,333200,150400
29018255,207020300,207190900,206776200,206805500,330,244100,414700,29300
29018256,206812400,207109500,206748300,207109500,292,64100,361200,361200
29018257,207122600,207154800,206888200,207114400,311,234400,266600,226200
29018258,207105200,207817600,207033800,207731000,318,71400,783800,697200
29018259,207697900,207888200,207375600,207375600,311,322300,512600,0
29018260,207372700,207502900,207186200,207264900,298,186500,316700,78700
29018261,207265300,207569700,206988200,207552900,312,277100,581500,564700
29018262,207580300,208494600,207550900,208404300,330,29400,943700,853400
29018263,208401100,208411100,208086800,208135300,308,314300,324300,48500
29018264,208137200,208160000,207807400,207811000,303,329800,352600,3600
29018265,207814500,208537400,207790200,208537400,317,24300,747200,747200
29018266,208542200,208581300,208172800,208218000,311,369400,408500,45200
29018267,208207500,208207500,207797600,207870600,300,409900,409900,73000
29018268,207875500,208292700,207872100,207947300,309,3400,420600,75200
29018269,207951200,208019000,207678000,207811900,297,273200,341000,133900
29018270,207813400,207867200,207232800,207392500,320,580600,634400,159700
29018271,207395000,207408500,206656200,206687000,317,738800,752300,30800
29018272,206689500,206959900,206105400,206402300,337,584100,854500,296900
29018273,206417100,206936600,206417100,206843500,312,0,519500,426400
29018274,206845800,206991400,206429900,206456700,322,415900,561500,26800
29018275,206455900,206537100,205631800,206059200,316,824100,905300,427400
29018276,206073100,206259600,205857100,206202200,332,216000,402500,345100
29018277,206207900,206319200,206013200,206115900,322,194700,306000,102700
29018278,206095900,206421500,205965900,206273400,312,130000,455600,307500
29018279,206268100,206523500,206210200,206523500,280,57900,313300,313300
29018280,206522500,206689700,206369700,206490000,328,152800,320000,120300
29018281,206491900,207131800,206486500,206975600,319,5400,645300,489100
29018282,206976100,207023900,206636200,206729000,316,339900,387700,92800
29018283,206720900,206843500,206381800,206394300,314,339100,461700,12500
29018284,206351900,206660900,206148700,206660900,302,203200,512200,512200
29018285,206673800,207029400,206628100,206936200,293,45700,401300,308100
29018286,206940100,207738700,206921100,207738700,313,19000,817600,817600
29018287,207740500,208362200,207740500,208244600,326,0,621700,504100
29018288,208245600,208288000,207689700,207775900,326,555900,598300,86200
29018289,207775200,207999600,207617900,207802700,318,157300,381700,184800
29018290,207803700,207947000,207586800,207650400,306,216900,360200,63600
29018291,207636300,207681200,207216800,207324400,295,419500,464400,107600
29018292,207324500,207547300,207169400,207530800,312,155100,377900,361400
29018293,207528200,207750800,207291000,207672600,280,237200,459800,381600
29018294,207673100,207803000,207509800,207562500,271,163300,293200,52700
29018295,207564000,207663300,207307100,207663300,318,256900,356200,356200
29018296,207701700,207795300,206814300,206840000,301,887400,981000,25700
29018297,206829700,206829700,206258400,206418100,323,571300,571300,159700
29018298,206416100,206777000,206155300,206155300,314,260800,621700,0
29018299,206144500,206299200,206058400,206252900,314,86100,240800,194500
29018300,206224800,206717300,205921000,206622000,316,303800,796300,701000
29018301,206614300,206840800,206332400,206792200,314,281900,508400,459800
29018302,206787800,207380900,206618000,207353500,317,169800,762900,735500
29018303,207353200,207657700,207132300,207631600,289,220900,525400,499300
29018304,207632900,207634400,207100600,207116200,293,532300,533800,15600
29018305,207108300,207145000,206689100,206713200,317,419200,455900,24100
29018306,206709300,207473700,206646100,207383700,324,63200,827600,737600
29018307,207339400,207360200,206802900,206828000,318,536500,557300,25100
29018308,206850300,206924000,206500400,206510800,314,349900,423600,10400
29018309,206506100,206721100,206418300,206647300,319,87800,302800,229000
29018310,206664400,207969500,206460600,207583100,333,203800,1508900,1122500
29018311,207573100,207662600,206285200,206285200,328,1287900,1377400,0
29018312,206295900,206661600,204756600,205090100,330,1539300,1905000,333500
29018313,205045200,205678300,204989900,205378400,332,55300,688400,388500
29018314,205380800,207070900,205333100,206778000,329,47700,1737800,1444900
29018315,206768600,209418700,206579800,208967000,332,188800,2838900,2387200
29018316,209087100,212702600,209018400,212177800,334,68700,3684200,3159400
29018317,212179500,214584400,211720800,214060000,332,458700,2863600,2339200
29018318,214096300,215572600,214086400,214097000,322,9900,1486200,10600
29018319,214054800,214743000,213388300,214085900,336,666500,1354700,697600
29018320,214090300,214963600,213518500,214332600,332,571800,1445100,814100
29018321,214281800,214281800,212853800,213506900,328,1428000,1428000,653100
29018322,213545700,213545700,211606500,211698200,328,1939200,1939200,91700
29018323,211718100,211765200,210764500,211521900,332,953600,1000700,757400
29018324,211503700,211995500,210747800,211554300,328,755900,1247700,806500
29018325,211637200,212140700,210904100,211419700,332,733100,1236600,515600
29018326,211448100,213064900,211429800,212560300,322,18300,1635100,1130500
29018327,212564700,213273800,212307500,212455500,331,257200,966300,148000
29018328,212420700,213141300,212153800,212440400,334,266900,987500,286600
29018329,212386800,212386800,211045300,211431300,332,1341500,1341500,386000
29018330,211473900,211675100,210899100,211472400,332,574800,776000,573300
29018331,211474200,211828300,210919900,211033100,332,554300,908400,113200
29018332,211022700,211512500,210825200,210976200,321,197500,687300,151000
29018333,210943200,211138600,209687600,209996700,330,1255600,1451000,309100
29018334,209986600,210384200,209687400,209991400,334,299200,696800,304000
29018335,209957000,210649500,209957000,210215900,332,0,692500,258900
29018336,210205000,210649800,209941700,210252300,332,263300,708100,310600
29018337,210267700,210329800,209938200,210206600,334,329500,391600,268400
29018338,210244800,210270500,209333400,209337400,332,911400,937100,4000
29018339,209331200,209331200,207715800,207963900,334,1615400,1615400,248100
29018340,207949600,207972800,206516100,207255200,334,1433500,1456700,739100
29018341,207377100,208352500,207377100,208182800,330,0,975400,805700
29018342,208249900,208618300,207483800,207718100,323,766100,1134500,234300
29018343,207742800,207751900,206740800,207173600,326,1002000,1011100,432800
29018344,207170900,207472900,206965800,207012700,328,205100,507100,46900
29018345,206992900,207453000,206825900,207311800,324,167000,627100,485900
29018346,207305700,207514400,206693300,207178100,328,612400,821100,484800
29018347,207150000,207150000,206598600,206849000,324,551400,551400,250400
29018348,206829600,206979900,206158000,206547600,330,671600,821900,389600
29018349,206538400,206579900,205930800,206304700,328,607600,649100,373900
29018350,206314500,206971900,206103700,206656000,332,210800,868200,552300
29018351,206621100,207174400,206604700,207042700,326,16400,569700,438000
29018352,206994600,207721500,206969600,207481000,326,25000,751900,511400
29018353,207470200,207661400,206893400,207096500,326,576800,768000,203100
29018354,207109100,207431700,206995200,207245100,326,113900,436500,249900
29018355,207237500,207319700,206761700,207299800,330,475800,558000,538100
29018356,207308600,207518800,206440700,206691900,328,867900,1078100,251200
29018357,206691500,206735200,206108300,206317100,332,583200,626900,208800
29018358,206321800,206321800,204925600,205320100,327,1396200,1396200,394500
29018359,205322500,205638100,204735900,204929100,334,586600,902200,193200
29018360,204933200,205386600,204188700,204495000,325,744500,1197900,306300
29018361,204468800,204792000,203106400,203693000,330,1362400,1685600,586600
29018362,203703700,204373600,203549400,204202200,326,154300,824200,652800
29018363,204180100,204753500,204100000,204271700,326,80100,653500,171700
29018364,204260000,204666200,203912200,204581500,322,347800,754000,669300
29018365,204578600,204929100,204316900,204787800,336,261700,612200,470900
29018366,204768700,205363600,204448800,205190000,329,319900,914800,741200
29018367,205181500,206042600,205167900,205409400,330,13600,874700,241500
29018368,205470500,205896500,205339500,205624100,322,131000,557000,284600
29018369,205605900,205862800,205205700,205485900,322,400200,657100,280200
29018370,205482900,206070100,205023500,205926500,328,459400,1046600,903000
29018371,205947800,206538400,205890200,206262700,326,57600,648200,372500
29018372,206228500,206263400,205840800,206201100,326,387700,422600,360300
29018373,206195500,206544400,205817100,206496300,329,378400,727300,679200
29018374,206489000,206641400,205998000,206485000,333,491000,643400,487000
29018375,206456300,206595800,206271900,206459500,326,184400,323900,187600
29018376,206454400,206454400,205956500,206303300,330,497900,497900,346800
29018377,206335300,206651900,206297000,206578100,334,38300,354900,281100
29018378,206560800,206584200,205896100,206449700,338,664700,688100,553600
29018379,206452000,206518700,205707700,206025500,327,744300,811000,317800
29018380,205995900,206103300,205784500,206014900,326,211400,318800,230400
29018381,206012300,208054500,205945900,208054500,331,66400,2108600,2108600
29018382,208051100,208111100,207103800,207597900,328,947300,1007300,494100
29018383,207666200,207667000,206728300,206801200,326,937900,938700,72900
29018384,206791300,207662600,206726700,207579800,328,64600,935900,853100
29018385,207553300,208360300,207278500,208299400,329,274800,1081800,1020900
29018386,208281600,208528500,207751500,207810000,316,530100,777000,58500
29018387,207795700,207939300,207325200,207697900,322,470500,614100,372700
29018388,207732900,208252800,207715800,208252800,334,17100,537000,537000
29018389,208198600,208351400,207948600,208173800,324,250000,402800,225200
29018390,208151500,208275700,207889700,208009400,334,261800,386000,119700
29018391,207979100,208155900,207585300,207924100,331,393800,570600,338800
29018392,207956000,208296100,207782000,208052800,320,174000,514100,270800
29018393,208056400,208063000,207448400,207660700,319,608000,614600,212300
29018394,207649600,207689500,207338100,207385100,325,311500,351400,47000
29018395,207383200,207736900,207255200,207681100,318,128000,481700,425900
29018396,207652100,208079700,207528100,208079700,325,124000,551600,551600
29018397,208082200,208082200,207653200,207921700,317,429000,429000,268500
29018398,207906800,207906800,207169200,207320300,324,737600,737600,151100
29018399,207309500,207587000,207218100,207545000,325,91400,368900,326900
29018400,207548900,207775200,207219400,207764000,321,329500,555800,544600
29018401,207759300,207771200,206720600,206720600,330,1038700,1050600,0
29018402,206722200,207069000,206401200,207069000,336,321000,667800,667800
29018403,207052100,207611600,207038100,207220100,336,14000,573500,182000
29018404,207232500,207305200,206678300,206810200,327,554200,626900,131900
29018405,206802800,206802800,206477000,206606600,328,325800,325800,129600
29018406,206605500,206760200,206082200,206659900,322,523300,678000,577700
29018407,206658300,206893700,206232700,206298500,322,425600,661000,65800
29018408,206321500,206334500,205513900,205749800,327,807600,820600,235900
29018409,205750800,205856000,205496900,205836200,324,253900,359100,339300
29018410,205853800,206136000,205489000,205709200,325,364800,647000,220200
29018411,205704800,206659800,205704800,206466500,321,0,955000,761700
29018412,206466700,207061400,206323000,207016000,324,143700,738400,693000
29018413,207037700,207085300,206685800,207085300,326,351900,399500,399500
29018414,207080500,207455200,206901400,207198400,324,179100,553800,297000
29018415,207156700,207734600,207047300,207496300,331,109400,687300,449000
29018416,207510800,207659100,206817900,206836900,328,692900,841200,19000
29018417,206815300,206996400,206572500,206572500,330,242800,423900,0
29018418,206525700,206588000,206050300,206143400,316,475400,537700,93100
29018419,206139400,206177100,205728500,206155900,281,410900,448600,427400
29018420,206152600,206756400,206011700,206578300,317,140900,744700,566600
29018421,206576100,206789200,206396800,206467200,322,179300,392400,70400
29018422,206479700,206561100,205870000,206537500,334,609700,691100,667500
29018423,206556200,206732200,205955900,205975800,328,600300,776300,19900
29018424,205965500,205965500,205591100,205708600,328,374400,374400,117500
29018425,205715800,205801700,205284500,205618200,332,431300,517200,333700
29018426,205620800,205856600,205286100,205623500,327,334700,570500,337400
29018427,205658400,205746200,204267200,204335100,329,1391200,1479000,67900
29018428,204341300,204618200,204036300,204217500,326,305000,581900,181200
29018429,204214900,204244600,201871800,202511000,332,2343100,2372800,639200
29018430,202488000,203497700,202404000,203173000,330,84000,1093700,769000
29018431,203217200,203465700,202388300,202665700,326,828900,1077400,277400
29018432,202689300,203497300,202168600,203117800,332,520700,1328700,949200
29018433,203146400,203233200,202615600,203077500,336,530800,617600,461900
29018434,203085600,203175700,202565500,202753500,329,520100,610200,188000
29018435,202727400,202801500,200083100,201005000,334,2644300,2718400,921900
29018436,201048700,202566000,200104000,201772000,334,944700,2462000,1668000
29018437,201823600,202318200,201559900,202318200,336,263700,758300,758300
29018438,202215200,202739100,202215200,202566400,328,0,523900,351200
29018439,202557900,202557900,202095800,202214000,328,462100,462100,118200
29018440,202253400,202708100,202013800,202411800,334,239600,694300,398000
29018441,202385600,202595600,202307200,202369000,326,78400,288400,61800
29018442,202363600,202533300,202259400,202413800,338,104200,273900,154400
29018443,202416900,203304000,202320700,203178000,330,96200,983300,857300
29018444,203192100,204100300,203103900,204071100,336,88200,996400,967200
29018445,204086000,204982300,203887800,204629500,340,198200,1094500,741700
29018446,204618800,204805100,204243500,204573300,328,375300,561600,329800
29018447,204564900,204878600,204470800,204841400,328,94100,407800,370600
29018448,204855200,205111400,204296400,204444900,328,558800,815000,148500
29018449,204429300,205397900,204413500,205360500,325,15800,984400,947000
29018450,205396300,206093400,205163100,205971200,336,233200,930300,808100
29018451,205980800,206274500,205593700,205593700,326,387100,680800,0
29018452,205599700,205628900,205222300,205458600,324,377400,406600,236300
29018453,205495300,206651600,205448500,206063100,328,46800,1203100,614600
29018454,206065600,206473100,206065600,206169400,324,0,407500,103800
29018455,206135600,206665400,205842800,206549100,334,292800,822600,706300
29018456,206523900,206786300,206443500,206702100,331,80400,342800,258600
29018457,206718200,206813200,206453900,206682000,331,264300,359300,228100
29018458,206699600,206861300,206366100,206808600,327,333500,495200,442500
29018459,206794500,206794500,206180400,206366400,319,614100,614100,186000
29018460,206348000,206580100,206242400,206318200,328,105600,337700,75800
29018461,206317300,206550400,206047400,206437000,326,269900,503000,389600
29018462,206434900,207703300,206276000,207595700,332,158900,1427300,1319700
29018463,207614900,208210800,207345700,208041100,319,269200,865100,695400
29018464,208058600,208672600,207882500,207882500,332,176100,790100,0
29018465,207881600,208290000,207849200,207858700,326,32400,440800,9500
29018466,207840700,208025800,207624600,207844000,322,216100,401200,219400
29018467,207843000,208126400,207536000,207712700,316,307000,590400,176700
29018468,207703600,207703600,207319700,207642300,336,383900,383900,322600
29018469,207641800,208233900,207641800,208141100,334,0,592100,499300
29018470,208081900,208571400,207949600,208344600,330,132300,621800,395000
29018471,208348600,208566500,208042600,208166000,334,306000,523900,123400
29018472,208178400,208315700,208010900,208162900,324,167500,304800,152000
29018473,208185500,208213000,207671100,207681700,318,514400,541900,10600
29018474,207681700,208059700,207578000,208059700,311,103700,481700,481700
29018475,208060000,208536000,207762100,208531700,319,297900,773900,769600
29018476,208534700,209286300,208225900,209102900,325,308800,1060400,877000
29018477,209075000,209491300,208895800,209073300,324,179200,595500,177500
29018478,209042500,209994200,208951900,209994200,332,90600,1042300,1042300
29018479,209987700,211127800,209676600,210840700,321,311100,1451200,1164100
29018480,210867200,211737400,210825500,211298600,336,41700,911900,473100
29018481,211563400,212436000,211150700,212044000,328,412700,1285300,893300
29018482,212074200,212364700,211494200,211510700,326,580000,870500,16500
29018483,211538000,211652000,211014200,211128400,328,523800,637800,114200
29018484,211133700,211277400,210847900,211128600,330,285800,429500,280700
29018485,211121500,211867200,211039700,211693700,326,81800,827500,654000
29018486,211699000,212177600,211678600,212172100,333,20400,499000,493500
29018487,212176100,212343500,211944400,212221500,334,231700,399100,277100
29018488,212239400,212411300,212005300,212069100,326,234100,406000,63800
29018489,212088700,212252000,211960800,212139600,330,127900,291200,178800
29018490,212149200,212677500,211942100,212095600,330,207100,735400,153500
29018491,212094100,212131800,211540500,211709700,328,553600,591300,169200
29018492,211705400,211862800,211381200,211735200,326,324200,481600,354000
29018493,211735400,211795600,211182500,211795600,332,552900,613100,613100
29018494,211776300,211907600,211333100,211720800,313,443200,574500,387700
29018495,211713200,211937800,211524700,211722800,330,188500,413100,198100
29018496,211782100,212419200,211782100,212219400,328,0,637100,437300
29018497,212215600,212580300,212170100,212338100,330,45500,410200,168000
29018498,212342200,212957400,212257800,212951400,315,84400,699600,693600
29018499,212945900,212945900,212404700,212459300,322,541200,541200,54600
29018500,212451400,213459700,212341500,212970100,332,109900,1118200,628600
29018501,212983500,212993400,211922600,212172000,332,1060900,1070800,249400
29018502,212179200,212219500,211429500,211584000,330,749700,790000,154500
29018503,211593800,212072900,211593800,211967900,328,0,479100,374100
29018504,211970700,212368400,211686400,212325200,330,284300,682000,638800
29018505,212340400,213100000,212215800,213028900,335,124600,884200,813100
29018506,213039700,213521200,212956600,213448800,330,83100,564600,492200
29018507,213429800,213434200,213007400,213045500,335,422400,426800,38100
29018508,213049500,213085900,212558800,212580300,325,490700,527100,21500
29018509,212566900,212734500,212377800,212525600,313,189100,356700,147800
29018510,212513700,212530100,212044900,212100200,326,468800,485200,55300
29018511,212154100,212347800,212075800,212139200,337,78300,272000,63400
29018512,212101000,212101000,211605100,211785300,328,495900,495900,180200
29018513,211784300,212224800,211614500,212180800,312,169800,610300,566300
29018514,212164800,212428600,212088900,212283600,315,75900,339700,194700
29018515,212270300,212745900,212242500,212465800,312,27800,503400,223300
29018516,212470000,212494300,212093200,212122100,310,376800,401100,28900
29018517,212117800,212117800,211844800,211848100,302,273000,273000,3300
29018518,211893700,211947100,211616900,211704600,285,276800,330200,87700
29018519,211695400,212016100,211535100,212016100,286,160300,481000,481000
29018520,212016600,212152000,211690300,211715600,308,326300,461700,25300
29018521,211713600,211729000,211199100,211499900,319,514500,529900,300800
29018522,211507300,211829600,211393200,211548700,326,114100,436400,155500
29018523,211577300,212141800,211517100,212141800,310,60200,624700,624700
29018524,212154100,212165100,211875900,212015500,283,278200,289200,139600
29018525,212011800,212401700,211806600,212330100,324,205200,595100,523500
29018526,212416600,212838800,212326300,212420400,334,90300,512500,94100
29018527,212438200,212755100,212354600,212418500,320,83600,400500,63900
29018528,212425600,213359100,212296900,213272100,320,128700,1062200,975200
29018529,213276200,213513600,212934400,213287400,307,341800,579200,353000
29018530,213277700,213763400,213180800,213763400,314,96900,582600,582600
29018531,213755200,213884900,213133700,213257400,318,621500,751200,123700
29018532,213282900,213908600,213259900,213874300,310,23000,648700,614400
29018533,213847600,214034800,213644500,213749400,316,203100,390300,104900
29018534,213748000,214409100,213717100,214329600,308,30900,692000,612500
29018535,214385200,214532200,213613400,213704900,312,771800,918800,91500
29018536,213694600,214077000,213609500,213636700,322,85100,467500,27200
29018537,213608100,213675000,213325400,213332600,308,282700,349600,7200
29018538,213323700,213526900,212866900,213511500,321,456800,660000,644600
29018539,213515500,213704900,213327600,213426400,306,187900,377300,98800
29018540,213426300,213459700,213109500,213230700,314,316800,350200,121200
29018541,213224800,213361800,213036700,213196700,304,188100,325100,160000
29018542,213178400,213321600,212863700,212866200,316,314700,457900,2500
29018543,212879600,213012900,212413200,212635600,317,466400,599700,222400
29018544,212632900,212645700,212397800,212592000,305,235100,247900,194200
29018545,212605300,212741100,212417400,212741100,310,187900,323700,323700
29018546,212740700,212946200,212643700,212870000,300,97000,302500,226300
29018547,212887800,212888500,212516100,212543000,316,371700,372400,26900
29018548,212539200,212598300,212376100,212390300,294,163100,222200,14200
29018549,212392300,212587400,212202300,212558700,294,190000,385100,356400
29018550,212557400,212559200,211961100,212038600,312,596300,598100,77500
29018551,212033500,212399200,211992000,212399200,304,41500,407200,407200
29018552,212433500,212778400,212424400,212718900,326,9100,354000,294500
29018553,212718300,213024300,212516800,212916700,309,201500,507500,399900
29018554,212929000,213227800,212876700,213102400,293,52300,351100,225700
29018555,213103300,213468200,212956000,213383500,306,147300,512200,427500
29018556,213389000,213420900,212866700,213150600,305,522300,554200,283900
29018557,213123200,213249200,212922900,213249200,298,200300,326300,326300
29018558,213273200,213496400,213072400,213330100,286,200800,424000,257700
29018559,213325400,213552500,213319500,213551600,278,5900,233000,232100
29018560,213553000,213861700,213486000,213753900,300,67000,375700,267900
29018561,213780300,213817600,213600100,213797300,279,180200,217500,197200
29018562,213801400,213874700,213727100,213727100,285,74300,147600,0
29018563,213728500,213767800,213497300,213576500,276,231200,270500,79200
29018564,213577400,213676000,213382000,213659400,283,195400,294000,277400
29018565,213652100,213772400,213454200,213702900,313,197900,318200,248700
29018566,213688700,213770900,213476600,213689100,296,212100,294300,212500
29018567,213689800,214116900,213661500,214062700,314,28300,455400,401200
29018568,214078900,214126700,213906500,214024800,298,172400,220200,118300
29018569,214018900,214287800,213974000,214006300,284,44900,313800,32300
29018570,214005600,214131900,213843000,213980100,286,162600,288900,137100
29018571,213985800,214696900,213967100,214677300,313,18700,729800,710200
29018572,214713800,214884700,214529000,214729200,306,184800,355700,200200
29018573,214733400,214910800,214556300,214880100,298,177100,354500,323800
29018574,214903400,214932600,214576300,214588000,266,327100,356300,11700
29018575,214564100,214778300,214516000,214751600,306,48100,262300,235600
29018576,214732100,215453700,214731900,215394900,283,200,721800,663000
29018577,215386600,215430500,215052000,215425400,284,334600,378500,373400
29018578,215416300,215474000,215230900,215255100,289,185400,243100,24200
29018579,215252400,215295600,214932700,215004900,271,319700,362900,72200
29018580,214966500,215005700,214566700,214620200,306,399800,439000,53500
29018581,214608400,214667400,214180300,214505500,323,428100,487100,325200
29018582,214500000,215704800,214497400,215704800,324,2600,1207400,1207400
29018583,215714100,216248200,215330100,216134300,324,384000,918100,804200
29018584,216141500,216325600,215726000,216185600,326,415500,599600,459600
29018585,216179900,216203200,215725500,215772400,324,454400,477700,46900
29018586,215771300,215877300,215296300,215838800,317,475000,581000,542500
29018587,215842000,216206200,215842000,216131700,328,0,364200,289700
29018588,216137900,216392900,216029000,216300500,326,108900,363900,271500
29018589,216300700,216517500,216154700,216343400,323,146000,362800,188700
29018590,216351600,216579200,215745500,215894200,330,606100,833700,148700
29018591,215917600,216060000,215607600,215641200,318,310000,452400,33600
29018592,215639300,216051400,215445400,216006500,322,193900,606000,561100
29018593,215996900,216445300,215924100,216301400,312,72800,521200,377300
29018594,216303400,216663100,216224000,216438800,318,79400,439100,214800
29018595,216495200,216644200,215703000,215791900,328,792200,941200,88900
29018596,215800900,216372200,215783600,216224800,316,17300,588600,441200
29018597,216244600,216364200,216131400,216290000,324,113200,232800,158600
29018598,216282600,216424300,216085700,216311800,322,196900,338600,226100
29018599,216343700,216575000,215890100,215890100,313,453600,684900,0
29018600,215902900,216104900,215506900,216104900,326,396000,598000,598000
29018601,216082800,216199900,215820500,215949100,314,262300,379400,128600
29018602,215919600,216151200,215798400,216083800,322,121200,352800,285400
29018603,216069300,216807900,216018900,216759900,324,50400,789000,741000
29018604,216756300,216853600,216497100,216736000,327,259200,356500,238900
29018605,216738800,216872700,216605900,216715100,316,132900,266800,109200
29018606,216718400,216732700,215853800,215853800,323,864600,878900,0
29018607,215849600,216017300,215634900,215693000,322,214700,382400,58100
29018608,215697000,215911200,215531700,215810900,315,165300,379500,279200
29018609,215806400,215806400,215251900,215295200,302,554500,554500,43300
29018610,215308500,215465400,215018600,215449500,322,289900,446800,430900
29018611,215435600,215494100,214720800,214783200,319,714800,773300,62400
29018612,214780100,215001000,214647900,214978900,332,132200,353100,331000
29018613,214997600,215063200,214317200,214374900,326,680400,746000,57700
29018614,214370200,214724400,214348900,214591000,315,21300,375500,242100
29018615,214557900,214852500,214534100,214784400,328,23800,318400,250300
29018616,214787500,215422600,214695900,215363700,307,91600,726700,667800
29018617,215379500,215726200,215314600,215502000,314,64900,411600,187400
29018618,215503900,215723000,215353400,215532700,316,150500,369600,179300
29018619,215535200,215969000,215535200,215938400,295,0,433800,403200
29018620,215955400,216563800,215955400,216338800,315,0,608400,383400
29018621,216324500,216912300,216324500,216818100,324,0,587800,493600
29018622,216808500,217166300,216695000,217122900,305,113500,471300,427900
29018623,217122100,217250900,217011100,217159200,301,111000,239800,148100
29018624,217155300,217402400,217081700,217087800,311,73600,320700,6100
29018625,217088900,217259800,216922000,217204300,310,166900,337800,282300
29018626,217193700,217566000,217150900,217154200,316,42800,415100,3300
29018627,217152000,217205500,216761400,216772300,317,390600,444100,10900
29018628,216767500,216898100,216661600,216832000,306,105900,236500,170400
29018629,216820300,216856200,216540300,216795600,297,280000,315900,255300
29018630,216796100,217321500,216795900,217308100,296,200,525600,512200
29018631,217315800,217569900,217180200,217569900,301,135600,389700,389700
29018632,217570900,217570900,217250200,217250200,286,320700,320700,0
29018633,217237500,217310200,217002200,217259300,290,235300,308000,257100
29018634,217256800,217349600,217019000,217025700,301,237800,330600,6700
29018635,217017100,217287600,217011700,217089100,289,5400,275900,77400
29018636,217072200,217303300,217072200,217289600,278,0,231100,217400
29018637,217290500,217394700,217144700,217155600,300,145800,250000,10900
29018638,217153100,217242500,216994400,217219100,282,158700,248100,224700
29018639,217216900,217408100,217216900,217396100,267,0,191200,179200
29018640,217395600,217402400,217044200,217255700,307,351400,358200,211500
29018641,217266100,217828700,217265600,217828700,317,500,563100,563100
29018642,217829400,217844100,217523800,217523800,292,305600,320300,0
29018643,217485900,217485900,216845600,216974800,315,640300,640300,129200
29018644,216961400,217027800,216765800,217025700,296,195600,262000,259900
29018645,217024600,217310200,216936600,217294700,286,88000,373600,358100
29018646,217292200,217467300,216965600,217440400,302,326600,501700,474800
29018647,217441400,217453500,217261700,217292900,278,179700,191800,31200
29018648,217299700,217504200,216918100,216963100,299,381600,586100,45000
29018649,216981700,216981700,216749300,216880200,282,232400,232400,130900
29018650,216896500,217214900,216893500,217214900,305,3000,321400,321400
29018651,217193700,217292600,216981500,217227800,286,212200,311100,246300
29018652,217229300,217268800,217026700,217223600,254,202600,242100,196900
29018653,217223100,217245100,216944400,216979000,258,278700,300700,34600
29018654,216988300,217211500,216855700,217163900,276,132600,355800,308200
29018655,217168800,217400000,216860200,216996300,298,308600,539800,136100
29018656,217026700,217207000,216775700,217204100,304,251000,431300,428400
29018657,217207400,217835100,217207400,217754400,324,0,627700,547000
29018658,217745000,217768200,217357800,217485200,302,387200,410400,127400
29018659,217493300,217618000,217336500,217593100,308,156800,281500,256600
29018660,217605800,218092700,217518600,217995800,309,87200,574100,477200
29018661,217975400,218394900,217930900,218365700,314,44500,464000,434800
29018662,218343000,218753300,218278100,218572000,320,64900,475200,293900
29018663,218565500,219271000,218421300,218859800,326,144200,849700,438500
29018664,218859600,219022300,218702000,218939300,322,157600,320300,237300
29018665,218927700,219196300,218751800,219108200,318,175900,444500,356400
29018666,219122000,219315500,218905200,219248000,316,216800,410300,342800
29018667,219246700,219423700,219031600,219323400,313,215100,392100,291800
29018668,219322500,219334700,218780300,218784500,316,542200,554400,4200
29018669,218780600,218882200,218508300,218756500,312,272300,373900,248200
29018670,218754000,218779200,217949200,217990200,301,804800,830000,41000
29018671,217975900,218054400,217689600,217785000,330,286300,364800,95400
29018672,217801000,217801000,217407500,217658800,327,393500,393500,251300
29018673,217708200,217766000,217222300,217292700,324,485900,543700,70400
29018674,217304400,217466700,217205600,217390400,315,98800,261100,184800
29018675,217393000,217582000,217200000,217441100,322,193000,382000,241100
29018676,217444300,217497800,217212200,217264400,319,232100,285600,52200
29018677,217257000,217292700,216894100,217033100,300,362900,398600,139000
29018678,217033600,217092400,216819800,216889000,316,213800,272600,69200
29018679,216889700,217053600,216715800,216806200,315,173900,337800,90400
29018680,216808100,216941800,216582300,216582300,294,225800,359500,0
29018681,216584700,216721000,216525800,216582900,311,58900,195200,57100
29018682,216578300,216708200,216324400,216708200,316,253900,383800,383800
29018683,216704400,216949600,216684200,216894500,302,20200,265400,210300
29018684,216884700,216988800,216670400,216757400,292,214300,318400,87000
29018685,216769800,216956700,216624300,216655800,301,145500,332400,31500
29018686,216657400,216683100,216220100,216305600,285,437300,463000,85500
29018687,216291400,216307100,216102000,216124200,284,189400,205100,22200
29018688,216119100,216145300,215925300,216072300,307,193800,220000,147000
29018689,216071900,216351900,216055100,216304800,288,16800,296800,249700
29018690,216340600,216340600,215392000,215492200,313,948600,948600,100200
29018691,215495100,215495100,214969200,215060300,323,525900,525900,91100
29018692,215056300,215172900,214576300,214608700,328,480000,596600,32400
29018693,214604100,215084000,214604100,214835700,324,0,479900,231600
29018694,214805300,215361800,214616200,215325600,322,189100,745600,709400
29018695,215332000,215718800,215140600,215142300,316,191400,578200,1700
29018696,215144300,215189400,214825300,214830800,317,319000,364100,5500
29018697,214833000,214926300,214448000,214468800,289,385000,478300,20800
29018698,214458900,214471900,213751800,213823100,310,707100,720100,71300
29018699,213824900,214464600,213773100,213993700,324,51800,691500,220600
29018700,214013700,214331100,213932000,214065800,330,81700,399100,133800
29018701,214046800,214208200,213549200,213732100,316,497600,659000,182900
29018702,213738300,213837300,213064600,213064600,306,673700,772700,0
29018703,213067600,213123700,212805700,212805700,312,261900,318000,0
29018704,212807100,213506300,212790300,213506300,310,16800,716000,716000
29018705,213509500,213882800,213505000,213882800,316,4500,377800,377800
29018706,213888200,214431300,213870000,214403700,290,18200,561300,533700
29018707,214423300,214603200,214167200,214167200,314,256100,436000,0
29018708,214162400,214375700,214016400,214342600,292,146000,359300,326200
29018709,214342100,214360300,214116400,214260700,283,225700,243900,144300
29018710,214241000,214595700,214088900,214399800,316,152100,506800,310900
29018711,214397300,215015700,214292300,215015600,305,105000,723400,723300
29018712,215014300,215014300,214745300,214745300,308,269000,269000,0
29018713,214743400,215225700,214626300,214847600,298,117100,599400,221300
29018714,214839800,214881700,214747700,214748300,236,92100,134000,600
29018715,214747800,215426100,214745900,215426100,315,1900,680200,680200
29018716,215432400,215544200,215286100,215345700,296,146300,258100,59600
29018717,215345700,215717600,215345700,215713700,288,0,371900,368000
29018718,215711200,216516100,215576000,216409000,318,135200,940100,833000
29018719,216382200,216382200,215676000,215724400,300,706200,706200,48400
29018720,215723100,215864800,215528800,215830300,290,194300,336000,301500
29018721,215810400,216309300,215810400,216231100,319,0,498900,420700
29018722,216230400,216895900,216183600,216870700,311,46800,712300,687100
29018723,216924200,218552300,216804100,218426400,326,120100,1748200,1622300
29018724,218424300,219882300,217997400,219755200,330,426900,1884900,1757800
29018725,219744300,220505200,219582300,220053500,338,162000,922900,471200
29018726,220047400,221668300,220028500,221383600,328,18900,1639800,1355100
29018727,221359000,221774400,220763100,221065000,320,595900,1011300,301900
29018728,221050900,222186600,220901500,222101400,334,149400,1285100,1199900
29018729,222147100,222167000,221427600,221846200,328,719500,739400,418600
29018730,221847000,221879800,220390700,220732900,326,1456300,1489100,342200
29018731,220751700,221372100,220569000,220652100,330,182700,803100,83100
29018732,220683100,220828300,220355400,220485100,328,327700,472900,129700
29018733,220515700,220518200,219962300,220085000,316,553400,555900,122700
29018734,220092500,220192500,219673000,219799300,329,419500,519500,126300
29018735,219789100,219893000,219129700,219554800,309,659400,763300,425100
29018736,219556400,219556400,219030400,219294200,320,526000,526000,263800
29018737,219284300,219751100,219273200,219690100,326,11100,477900,416900
29018738,219689200,219726600,219157000,219313600,319,532200,569600,156600
29018739,219314100,219349000,218486600,218574500,313,827500,862400,87900
29018740,218568000,218569400,217433800,218174300,320,1134200,1135600,740500
29018741,218186800,219127700,218160400,218900000,330,26400,967300,739600
29018742,218861700,218861700,218409600,218505200,328,452100,452100,95600
29018743,218497100,218883900,218305400,218870600,325,191700,578500,565200
29018744,218875900,218903200,218567300,218708900,293,308600,335900,141600
29018745,218745200,218966300,218329400,218329400,320,415800,636900,0
29018746,218294700,218528200,218080500,218294200,319,214200,447700,213700
29018747,218298900,218413600,217768800,217785200,314,530100,644800,16400
29018748,217782300,218262900,217755500,218085000,319,26800,507400,329500
29018749,218086000,218477700,217940400,218477700,306,145600,537300,537300
29018750,218494500,218752500,218411400,218457400,303,83100,341100,46000
29018751,218437300,218572100,218118800,218268900,305,318500,453300,150100
29018752,218284700,218338700,217942800,218142900,310,341900,395900,200100
29018753,218146000,218161100,217601400,218026600,323,544600,559700,425200
29018754,218028100,218180300,217844600,218101700,314,183500,335700,257100
29018755,218111700,218337800,218010000,218019900,322,101700,327800,9900
29018756,218011500,218187600,218007700,218072000,281,3800,179900,64300
29018757,218076200,218124300,217716800,217716800,296,359400,407500,0
29018758,217700400,217870700,217477900,217825600,292,222500,392800,347700
29018759,217831000,218089600,217765500,217885300,231,65500,324100,119800
29018760,217919700,217969700,217509700,217816300,295,410000,460000,306600
29018761,217811300,218335700,217665500,218299700,290,145800,670200,634200
29018762,218339200,218604100,218175900,218215400,301,163300,428200,39500
29018763,218217600,218543500,218175000,218312500,296,42600,368500,137500
29018764,218314500,218316400,217705500,217753700,305,609000,610900,48200
29018765,217757600,218106100,217711500,218106100,298,46100,394600,394600
29018766,218103600,218103600,217435400,217499700,296,668200,668200,64300
29018767,217534600,217750900,217438400,217442000,276,96200,312500,3600
29018768,217442100,217769200,217345600,217443400,284,96500,423600,97800
29018769,217438100,217568000,217137200,217567500,281,300900,430800,430300
29018770,217569500,217712300,217455000,217565100,290,114500,257300,110100
29018771,217557400,217779200,217383300,217745400,295,174100,395900,362100
29018772,217721600,217733400,217452100,217501400,292,269500,281300,49300
29018773,217502300,217627900,217350400,217380000,291,151900,277500,29600
29018774,217381000,217511800,217225600,217450100,245,155400,286200,224500
29018775,217449400,217709700,217398400,217623600,296,51000,311300,225200
29018776,217629700,217964600,217565500,217958700,293,64200,399100,393200
29018777,217957300,217957300,217429400,217582700,254,527900,527900,153300
29018778,217568400,217709300,217385600,217600700,289,182800,323700,215100
29018779,217581700,217848700,217515600,217655200,286,66100,333100,139600
29018780,217666600,217928200,217666600,217917300,204,0,261600,250700
29018781,217921200,218136500,217735500,217950400,207,185700,401000,214900
29018782,217951300,218193500,217951300,218042400,190,0,242200,91100
29018783,218040000,218057800,217927600,218026300,142,112400,130200,98700
29018784,218019700,218349700,218000300,218319900,161,19400,349400,319600
29018785,218337400,218855800,218337400,218434500,284,0,518400,97100
29018786,218434400,218832600,218316600,218692600,269,117800,516000,376000
29018787,218690900,218856000,218529000,218529000,244,161900,327000,0
29018788,218488600,218892700,218325400,218479300,254,163200,567300,153900
29018789,218462600,218701200,218265400,218322700,211,197200,435800,57300
29018790,218322200,218625900,218321800,218553500,226,400,304100,231700
29018791,218539900,218767700,218295400,218372500,235,244500,472300,77100
29018792,218357800,218740100,218357800,218535100,269,0,382300,177300
29018793,218507800,218573500,218285400,218367700,245,222400,288100,82300
29018794,218368100,218466600,217955400,218295400,226,412700,511200,340000
29018795,218300600,218376900,218127500,218306700,243,173100,249400,179200
29018796,218298200,218311700,217931100,218053400,255,367100,380600,122300
29018797,218053000,218215300,217922500,218052000,264,130500,292800,129500
29018798,218058500,218155700,217974400,218141700,216,84100,181300,167300
29018799,218140200,218218300,217995400,218116400,169,144800,222900,121000
29018800,218131000,218284000,218125200,218220600,154,5800,158800,95400
29018801,218203800,218502600,218170000,218262200,242,33800,332600,92200
29018802,218261100,218445700,218246400,218443700,193,14700,199300,197300
29018803,218457300,218570200,218325400,218550000,139,131900,244800,224600
29018804,218550500,218599100,218445300,218555700,167,105200,153800,110400
29018805,218553500,218553500,218326800,218349100,128,226700,226700,22300
29018806,218348500,218348500,218155400,218308800,127,193100,193100,153400
29018807,218307900,218307900,218104600,218156100,202,203300,203300,51500
29018808,218162000,218345800,218055400,218176800,195,106600,290400,121400
29018809,218177300,218330700,218073000,218163300,145,104300,257700,90300
29018810,218163900,218171600,217938400,217984300,170,225500,233200,45900
29018811,217983700,217983700,217545000,217656800,247,438700,438700,111800
29018812,217642900,217645800,217378300,217421500,212,264600,267500,43200
29018813,217421000,217776000,217335600,217762100,170,85400,440400,426500
29018814,217761600,217922800,217592800,217670700,192,168800,330000,77900
29018815,217671200,217776700,217592900,217592900,166,78300,183800,0
29018816,217586700,217796100,217558900,217558900,162,27800,237200,0
29018817,217575300,217634500,217214900,217272700,198,360400,419600,57800
29018818,217265200,217282900,216837900,216837900,180,427300,445000,0
29018819,216788200,217351300,216735800,216744700,262,52400,615500,8900
29018820,216748000,217355000,216685400,217335100,224,62600,669600,649700
29018821,217338400,217353500,216911800,216994400,283,426600,441700,82600
29018822,216990500,217124300,216715500,216988500,268,275000,408800,273000
29018823,217012400,217279000,216904300,217224900,245,108100,374700,320600
29018824,217223800,217479400,217125700,217162400,271,98100,353700,36700
29018825,217143700,217574400,217039800,217556000,237,103900,534600,516200
29018826,217558400,217729400,217424200,217603600,277,134200,305200,179400
29018827,217549200,217722700,217329000,217667300,285,220200,393700,338300
29018828,217662300,217848500,217585500,217799500,201,76800,263000,214000
29018829,217809100,217851400,217711200,217835500,219,97900,140200,124300
29018830,217835700,218061100,217835700,218061100,214,0,225400,225400
29018831,218046200,218105400,217892900,217971300,192,153300,212500,78400
29018832,217970300,218083600,217923400,217979500,186,46900,160200,56100
29018833,217965300,218102900,217892500,217914400,181,72800,210400,21900
29018834,217913900,217913900,217691900,217830000,194,222000,222000,138100
29018835,217829500,217860800,217600000,217630100,171,229500,260800,30100
29018836,217615300,217693300,217355200,217356900,188,260100,338100,1700
29018837,217367800,217520700,217333100,217396000,213,34700,187600,62900
29018838,217408100,217468800,216979000,216988200,224,429100,489800,9200
29018839,216988900,217126000,216950900,216950900,223,38000,175100,0
29018840,216917200,217061000,216517200,216525400,265,400000,543800,8200
29018841,216518200,216609700,216050800,216284800,303,467400,558900,234000
29018842,216278900,216370400,216182800,216286900,266,96100,187600,104100
29018843,216288800,216328200,216125200,216320200,275,163600,203000,195000
29018844,216321100,216567700,216319700,216446600,245,1400,248000,126900
29018845,216449700,216790400,216449700,216740100,246,0,340700,290400
29018846,216759400,216772500,216455800,216501000,195,303600,316700,45200
29018847,216501200,216513400,216397600,216478400,153,103600,115800,80800
29018848,216486000,216669000,216415800,216668000,214,70200,253200,252200
29018849,216668100,216853200,216593400,216848200,251,74700,259800,254800
29018850,216846300,217074500,216807300,216891600,237,39000,267200,84300
29018851,216894100,216895900,216743000,216840700,200,151100,152900,97700
29018852,216835300,217065200,216730800,217027500,256,104500,334400,296700
29018853,217025600,217158300,216945700,217103200,184,79900,212600,157500
29018854,217096000,217208100,216965700,217027000,212,130300,242400,61300
29018855,217031200,217191800,217020000,217108900,176,11200,171800,88900
29018856,217111300,217128500,216761500,216761500,260,349800,367000,0
29018857,216763400,216961400,216753300,216945600,250,10100,208100,192300
29018858,216943700,217192800,216875700,217064600,239,68000,317100,188900
29018859,217066600,217215600,217023700,217162100,214,42900,191900,138400
29018860,217160100,217335000,217159200,217258900,239,900,175800,99700
29018861,217267100,217382100,217195600,217280200,239,71500,186500,84600
29018862,217259600,217259600,217090200,217094700,185,169400,169400,4500
29018863,217090200,217101800,216935700,217063900,191,154500,166100,128200
29018864,217059500,217254300,217031800,217254300,161,27700,222500,222500
29018865,217262200,217384900,217148700,217348400,196,113500,236200,199700
29018866,217332300,217338100,217120300,217259200,212,212000,217800,138900
29018867,217255100,217299500,217099200,217110100,222,155900,200300,10900
29018868,217107600,217201100,217015700,217192300,189,91900,185400,176600
29018869,217194300,217467800,217194300,217426400,211,0,273500,232100
29018870,217427300,217697100,217423700,217697100,205,3600,273400,273400
29018871,217672700,217672700,217345600,217394200,210,327100,327100,48600
29018872,217394700,217518600,217381300,217484100,234,13400,137300,102800
29018873,217492100,217528200,217407600,217528200,195,84500,120600,120600
29018874,217527700,217670200,217475100,217494200,206,52600,195100,19100
29018875,217496200,217567000,217346900,217362000,186,149300,220100,15100
29018876,217364500,217501100,217049400,217280200,236,315100,451700,230800
29018877,217286200,217416200,217201300,217221700,218,84900,214900,20400
29018878,217217100,217224300,217071700,217144700,196,145400,152600,73000
29018879,217140300,217289800,217102700,217257000,182,37600,187100,154300
29018880,217258900,217258900,216881800,216917100,263,377100,377100,35300
29018881,216891100,217039400,216675800,217035500,280,215300,363600,359700
29018882,217038000,217380200,216952000,217307200,276,86000,428200,355200
29018883,217294400,217301400,216802000,216872000,270,492400,499400,70000
29018884,216903300,216905300,216572200,216851900,247,331100,333100,279700
29018885,216853900,217198200,216673200,216689100,312,180700,525000,15900
29018886,216686400,216889200,216624200,216874100,274,62200,265000,249900
29018887,216880700,217294500,216817400,217238500,273,63300,477100,421100
29018888,217230800,217279600,217033200,217078300,292,197600,246400,45100
29018889,217061800,217141500,216835000,217124200,287,226800,306500,289200
29018890,217133600,217539700,217133600,217535000,303,0,406100,401400
29018891,217516800,217720000,217198000,217354900,264,318800,522000,156900
29018892,217358000,217682900,217290800,217612100,300,67200,392100,321300
29018893,217614100,217660800,217348300,217363000,254,265800,312500,14700
29018894,217362200,217475800,217035700,217301700,288,326500,440100,266000
29018895,217301900,217641700,217270300,217285800,314,31600,371400,15500
29018896,217251500,217359300,216880400,216880400,302,371100,478900,0
29018897,216884300,217016700,216746500,216954300,315,137800,270200,207800
29018898,216962600,217232800,216784100,216784100,311,178500,448700,0
29018899,216770400,216891700,216585800,216767300,279,184600,305900,181500
29018900,216774200,217136800,216774200,217136800,298,0,362600,362600
29018901,217134300,217134300,216563900,216694500,301,570400,570400,130600
29018902,216687100,216806500,216150700,216564900,310,536400,655800,414200
29018903,216555900,216713200,216413600,216438900,300,142300,299600,25300
29018904,216440900,216563400,216254900,216331500,272,186000,308500,76600
29018905,216334800,216614200,216334800,216417300,291,0,279400,82500
29018906,216414300,216705400,216395900,216551300,292,18400,309500,155400
29018907,216550800,216658600,216348700,216551700,287,202100,309900,203000
29018908,216551800,216709900,216434300,216708000,257,117500,275600,273700
29018909,216690600,216850600,216640100,216845600,236,50500,210500,205500
29018910,216845200,217267300,216806000,217221200,260,39200,461300,415200
29018911,217221100,217230600,216822900,216900100,279,398200,407700,77200
29018912,216899600,216899600,216529400,216592200,284,370200,370200,62800
29018913,216594700,216620000,216215700,216215700,272,379000,404300,0
29018914,216213800,216307700,215777500,216306700,300,436300,530200,529200
29018915,216299200,216705300,216173600,216671200,303,125600,531700,497600
29018916,216673000,216810500,216429000,216563400,294,244000,381500,134400
29018917,216552800,216804500,216451700,216785700,284,101100,352800,334000
29018918,216779300,216780100,216338700,216366300,289,440600,441400,27600
29018919,216344100,216459300,216115900,216219000,298,228200,343400,103100
29018920,216224300,216525800,216224300,216483900,288,0,301500,259600
29018921,216449600,216536500,216244600,216304200,259,205000,291900,59600
29018922,216300300,216300300,215711700,215944600,322,588600,588600,232900
29018923,215942600,216203000,215696000,216145300,295,246600,507000,449300
29018924,216144600,216420300,216042300,216395300,293,102300,378000,353000
29018925,216395200,216601000,216298800,216573300,285,96400,302200,274500
29018926,216559400,216855300,216551300,216655200,293,8100,304000,103900
29018927,216659000,216705600,216073500,216087900,299,585500,632100,14400
29018928,216080900,216366000,215865700,215928500,291,215200,500300,62800
29018929,215922500,216220300,215816000,215958200,302,106500,404300,142200
29018930,215960900,216293600,215893100,215981000,292,67800,400500,87900
29018931,215987400,216216100,215931100,215962600,269,56300,285000,31500
29018932,215953500,216153600,215936500,216111800,270,17000,217100,175300
29018933,216118900,216290200,216030200,216224700,247,88700,260000,194500
29018934,216217500,216218000,215906000,215970000,244,311500,312000,64000
29018935,215970900,216107800,215970900,216095800,255,0,136900,124900
29018936,216092800,216265800,216015900,216186000,245,76900,249900,170100
29018937,216185800,216573700,216175100,216349900,261,10700,398600,174800
29018938,216345000,216507500,216195900,216504300,232,149100,311600,308400
29018939,216506800,216645300,216435800,216631400,250,71000,209500,195600
29018940,216631000,216791400,216486600,216552800,274,144400,304800,66200
29018941,216535600,216651100,216333100,216376700,246,202500,318000,43600
29018942,216378500,216593400,216267200,216267200,280,111300,326200,0
29018943,216231800,216418800,216005900,216286700,284,225900,412900,280800
29018944,216282800,216367900,215736000,215823700,258,546800,631900,87700
29018945,215824300,215996800,215676700,215762600,276,147600,320100,85900
29018946,215765000,216043000,215710900,216003500,285,54100,332100,292600
29018947,216006800,216185000,215756100,215887500,295,250700,428900,131400
29018948,215893500,216211900,215749700,216191000,293,143800,462200,441300
29018949,216190500,216471700,215985900,216072500,277,204600,485800,86600
29018950,216070500,216461700,216070500,216408200,282,0,391200,337700
29018951,216396600,216547400,216275900,216522400,284,120700,271500,246500
29018952,216523500,216523500,216271600,216458500,270,251900,251900,186900
29018953,216447700,216818000,216395800,216599100,276,51900,422200,203300
29018954,216606500,216816300,216475800,216616000,244,130700,340500,140200
29018955,216609500,217042900,216587800,217042900,296,21700,455100,455100
29018956,217044000,217114300,216625800,217109900,285,418200,488500,484100
29018957,217094800,217174300,216808500,216827900,280,286300,365800,19400
29018958,216831800,216857200,216612900,216612900,276,218900,244300,0
29018959,216610500,216771100,216405800,216519100,263,204700,365300,113300
29018960,216520700,216982600,216520700,216936100,278,0,461900,415400
29018961,216933600,217030200,216875700,216971100,281,57900,154500,95400
29018962,216972600,216972600,216654900,216777700,265,317700,317700,122800
29018963,216783400,216840300,216580500,216840300,271,202900,259800,259800
29018964,216880300,217296800,216877200,217061900,318,3100,419600,184700
29018965,217061400,217491000,217059900,217491000,269,1500,431100,431100
29018966,217491000,217667500,217255600,217665000,263,235400,411900,409400
29018967,217667000,217720400,217314200,217720400,280,352800,406200,406200
29018968,217718400,218031900,217494600,217560900,296,223800,537300,66300
29018969,217594100,217629300,217312100,217312100,262,282000,317200,0
29018970,217312600,217549800,217211900,217229600,298,100700,337900,17700
29018971,217217800,217217800,216700300,217104000,326,517500,517500,403700
29018972,217117800,217526200,217058400,217400200,313,59400,467800,341800
29018973,217397200,217709000,217215600,217605400,299,181600,493400,389800
29018974,217600800,217903000,217489800,217886300,282,111000,413200,396500
29018975,217881800,218479700,217870300,218110100,322,11500,609400,239800
29018976,218091100,218184300,217967900,218072400,316,123200,216400,104500
29018977,218074400,218206600,217972900,217988400,300,101500,233700,15500
29018978,217989300,218132600,217908600,217919300,281,80700,224000,10700
29018979,217921300,218120300,217823800,217951500,302,97500,296500,127700
29018980,217950400,218026000,217896600,217942600,248,53800,129400,46000
29018981,217914700,217914700,217585500,217777100,258,329200,329200,191600
29018982,217778000,217891900,217635400,217835300,274,142600,256500,199900
29018983,217863400,218075900,217775500,218059900,274,87900,300400,284400
29018984,218054500,218151500,217885500,218137900,248,169000,266000,252400
29018985,218147200,218280500,217930700,217986100,288,216500,349800,55400
29018986,218009500,218068300,217715500,218068300,262,294000,352800,352800
29018987,218080200,218428100,218037800,218341600,261,42400,390300,303800
29018988,218375300,218817800,218295400,218817800,233,79900,522400,522400
29018989,218819800,218971700,218558400,218884600,314,261400,413300,326200
29018990,218886600,218999000,218744400,218893200,306,142200,254600,148800
29018991,218893700,219184300,218893700,219028600,298,0,290600,134900
29018992,218988000,219351100,218964700,219024800,296,23300,386400,60100
29018993,219022900,219160400,218972400,219160400,292,50500,188000,188000
29018994,219159500,219229800,218905200,219137000,264,254300,324600,231800
29018995,219145400,219215000,219033100,219155400,278,112300,181900,122300
29018996,219155400,219310700,218985200,219236400,265,170200,325500,251200
29018997,219246900,219269700,218765000,218765000,262,481900,504700,0
29018998,218761000,218865500,218625300,218839800,274,135700,240200,214500
29018999,218839200,219091500,218839200,219088900,233,0,252300,249700
29019000,219118100,219154800,218622800,218796600,289,495300,532000,173800
29019001,218817200,218817200,218326300,218380300,300,490900,490900,54000
29019002,218373400,218644600,218306200,218585200,308,67200,338400,279000
29019003,218582800,218616000,218131100,218256000,303,451700,484900,124900
29019004,218254900,218428100,218135400,218275600,277,119500,292700,140200
29019005,218264700,218399800,218217800,218399800,277,46900,182000,182000
29019006,218402300,218453300,218135400,218324900,279,266900,317900,189500
29019007,218329200,218355300,217890600,218018100,292,438600,464700,127500
29019008,218012700,218071100,217695500,218022600,270,317200,375600,327100
29019009,218024600,218118900,217685500,218117000,267,339100,433400,431500
29019010,218121400,218133900,217909600,218028200,300,211800,224300,118600
29019011,218025200,218051100,217612800,217645600,290,412400,438300,32800
29019012,217651600,217692800,217463500,217615400,276,188100,229300,151900
29019013,217597100,217668100,217365600,217506000,295,231500,302500,140400
29019014,217510300,217788100,217510300,217717000,243,0,277800,206700
29019015,217718000,217818300,217311600,217320600,257,406400,506700,9000
29019016,217327500,217632300,217284700,217470400,283,42800,347600,185700
29019017,217469900,217655600,217427600,217540700,303,42300,228000,113100
29019018,217527800,217563900,217266600,217285600,273,261200,297300,19000
29019019,217287600,217586200,217150600,217505900,303,137000,435600,355300
29019020,217509800,218409100,217473000,218409100,318,36800,936100,936100
29019021,218429500,218834500,218378200,218802200,320,51300,456300,424000
29019022,218802300,218802300,218321300,218408000,319,481000,481000,86700
29019023,218398400,218595200,218276900,218483400,310,121500,318300,206500
29019024,218520700,218532000,218113600,218119900,296,407100,418400,6300
29019025,218117900,218326300,218053800,218210800,303,64100,272500,157000
29019026,218234000,218234000,217835500,218078800,304,398500,398500,243300
29019027,218071600,218071600,217471000,217774400,310,600600,600600,303400
29019028,217764200,217784100,217467200,217487200,300,297000,316900,20000
29019029,217484100,217749900,217435600,217670500,292,48500,314300,234900
29019030,217674900,217838900,217522200,217838900,299,152700,316700,316700
29019031,217867000,218012700,217585500,217856700,312,281500,427200,271200
29019032,217857200,218101700,217669800,217754300,309,187400,431900,84500
29019033,217758800,217758800,217431100,217619800,288,327700,327700,188700
29019034,217613200,217620900,216905700,217129400,295,707500,715200,223700
29019035,217137200,217141600,216832900,217005400,310,304300,308700,172500
29019036,217005000,217138900,216805700,217116400,313,199300,333200,310700
29019037,217124600,217376500,217015800,217049600,299,108800,360700,33800
29019038,217048600,217530800,216875700,217478400,310,172900,655100,602700
29019039,217474400,217533700,217255600,217332900,288,218800,278100,77300
29019040,217327900,217660000,217277400,217608100,314,50500,382600,330700
29019041,217618400,217963000,217599500,217771700,292,18900,363500,172200
29019042,217775500,218122700,217685900,218058400,312,89600,436800,372500
29019043,218059400,218541800,218059400,218301000,308,0,482400,241600
29019044,218296000,218350400,218028200,218078700,307,267800,322200,50500
29019045,218077800,218300400,217874600,218210700,319,203200,425800,336100
29019046,218220500,218391300,217935500,218364100,300,285000,455800,428600
29019047,218355900,218669200,218355900,218425600,308,0,313300,69700
29019048,218421900,218681000,218386900,218470800,294,35000,294100,83900
29019049,218475300,218486000,218175400,218393300,306,299900,310600,217900
29019050,218394200,218913100,218388100,218913100,303,6100,525000,525000
29019051,218932500,219114600,218617600,219091100,316,314900,497000,473500
29019052,219093400,219162100,218786300,218825300,320,307100,375800,39000
29019053,218814800,218894500,218665300,218793900,284,149500,229200,128600
29019054,218789900,219085000,218664500,218837900,284,125400,420500,173400
29019055,218854500,219037800,218782700,218933000,280,71800,255100,150300
29019056,218957800,219135400,218653600,218656500,300,304200,481800,2900
29019057,218657700,218873300,218419200,218493000,297,238500,454100,73800
29019058,218495500,218547300,218196000,218214000,311,299500,351300,18000
29019059,218213700,218278900,217865400,218053000,289,348300,413500,187600
29019060,218049800,218067600,217717900,217839000,310,331900,349700,121100
29019061,217860700,218265600,217634100,218265600,320,226600,631500,631500
29019062,218268800,218550200,218136200,218225500,330,132600,414000,89300
29019063,218205300,218374300,218105400,218175200,297,99900,268900,69800
29019064,218176200,218437700,218145400,218326500,290,30800,292300,181100
29019065,218327500,218472300,218031000,218045000,309,296500,441300,14000
29019066,218061800,218354000,217945500,218252300,302,116300,408500,306800
29019067,218255100,218636900,218239100,218385600,304,16000,397800,146500
29019068,218379800,218530700,218154000,218154000,281,225800,376700,0
29019069,218132400,218386400,218132400,218386400,291,0,254000,254000
29019070,218382400,218602800,218381000,218468800,276,1400,221800,87800
29019071,218482100,218665600,218405300,218438400,282,76800,260300,33100
29019072,218436400,218808600,218433000,218730600,296,3400,375600,297600
29019073,218728100,218918400,218595300,218884500,270,132800,323100,289200
29019074,218890900,219008200,218605300,218744800,278,285600,402900,139500
29019075,218742300,218853600,218629200,218659900,290,113100,224400,30700
29019076,218682000,218919500,218615300,218832800,291,66700,304200,217500
29019077,218845700,218958700,218791200,218880600,274,54500,167500,89400
29019078,218882700,218926400,218528200,218605600,237,354500,398200,77400
29019079,218605100,218746700,218432800,218477400,307,172300,313900,44600
29019080,218477500,218520700,218167800,218501500,280,309700,352900,333700
29019081,218524600,218759200,218365300,218621300,307,159300,393900,256000
29019082,218619400,218930300,218619400,218658100,306,0,310900,38700
29019083,218668000,218749000,218605300,218635200,279,62700,143700,29900
29019084,218622100,218700100,218440200,218440200,260,181900,259900,0
29019085,218442200,218584000,218370100,218466600,284,72100,213900,96500
29019086,218482300,218729400,218419800,218708400,251,62500,309600,288600
29019087,218707500,218958400,218629300,218635700,264,78200,329100,6400
29019088,218630800,218695800,218485300,218533800,267,145500,210500,48500
29019089,218536800,218616800,218235400,218266300,267,301400,381400,30900
29019090,218264300,218486000,217948300,217948300,304,316000,537700,0
29019091,217955200,218219500,217934200,218125300,297,21000,285300,191100
29019092,218132700,218576200,218132700,218429600,270,0,443500,296900
29019093,218432600,218607300,218264000,218400100,288,168600,343300,136100
29019094,218359000,218359000,217875500,218059600,295,483500,483500,184100
29019095,218036700,218038800,217863200,217863200,292,173500,175600,0
29019096,217884900,218010200,217711600,217889300,300,173300,298600,177700
29019097,217884400,217995900,217779500,217981500,288,104900,216400,202000
29019098,218008200,218116900,217672800,217726000,289,335400,444100,53200
29019099,217724100,217802900,217555500,217782400,260,168600,247400,226900
29019100,217783400,217789400,217469900,217489000,261,313500,319500,19100
29019101,217484500,217615000,217375600,217413300,262,108900,239400,37700
29019102,217390100,217457500,217202100,217222100,293,188000,255400,20000
29019103,217220700,217428500,217055700,217412400,263,165000,372800,356700
29019104,217412500,217465100,217043600,217056800,269,368900,421500,13200
29019105,217057400,217306800,217057400,217119600,287,0,249400,62200
29019106,217137800,217181200,216962100,217050000,274,175700,219100,87900
29019107,217053500,217637800,216947000,217617400,316,106500,690800,670400
29019108,217604500,217759500,217365600,217596700,300,238900,393900,231100
29019109,217594700,217678500,217255600,217406200,295,339100,422900,150600
29019110,217404200,217506900,217277900,217385000,303,126300,229000,107100
29019111,217385100,217626900,217238400,217550100,284,146700,388500,311700
29019112,217544100,217742900,217442800,217712500,293,101300,300100,269700
29019113,217717000,217902900,217645500,217693400,244,71500,257400,47900
29019114,217693600,217772800,217365600,217473000,261,328000,407200,107400
29019115,217470300,217472800,217113900,217435000,297,356400,358900,321100
29019116,217439100,217563000,217385600,217477100,291,53500,177400,91500
29019117,217483700,217656500,217483700,217591300,261,0,172800,107600
29019118,217595200,217707800,216836500,216862300,296,758700,871300,25800
29019119,216849800,216852600,216143500,216212000,318,706300,709100,68500
29019120,216210900,216659200,216153200,216383400,322,57700,506000,230200
29019121,216401300,216550100,216185100,216544400,336,216200,365000,359300
29019122,216542200,216959500,216500900,216950800,307,41300,458600,449900
29019123,216947200,216996300,216572200,216572200,320,375000,424100,0
29019124,216578800,216670600,216315200,216330100,312,263600,355400,14900
29019125,216327900,216380400,215930400,216034100,312,397500,450000,103700
29019126,216045600,216348700,215979500,216348700,309,66100,369200,369200
29019127,216352700,216611200,216311200,216318000,303,41500,300000,6800
29019128,216314100,216620600,216232700,216620600,312,81400,387900,387900
29019129,216623500,216758900,216495800,216722900,248,127700,263100,227100
29019130,216722500,216873900,216720600,216803200,261,1900,153300,82600
29019131,216827300,216910100,216726200,216795600,302,101100,183900,69400
29019132,216793600,216816700,216415500,216415500,248,378100,401200,0
29019133,216411600,216709900,216165900,216688300,259,245700,544000,522400
29019134,216695700,216795400,216574300,216699300,265,121400,221100,125000
29019135,216699800,216992900,216695400,216973400,248,4400,297500,278000
29019136,216993900,217095900,216868100,217029200,267,125800,227800,161100
29019137,217016900,217018600,216503600,216514200,290,513300,515000,10600
29019138,216515700,216710000,216385800,216641200,282,129900,324200,255400
29019139,216641900,216856300,216453800,216788500,286,188100,402500,334700
29019140,216788000,217042800,216785500,217034300,262,2500,257300,248800
29019141,217052700,217262600,216912100,217049000,287,140600,350500,136900
29019142,217041300,217359900,217014900,217321300,277,26400,345000,306400
29019143,217311500,217330700,217047400,217063600,264,264100,283300,16200
29019144,217063100,217095600,216864400,216971300,284,198700,231200,106900
29019145,216972300,217332200,216895000,217129300,278,77300,437200,234300
29019146,217151900,217208600,217015100,217054700,279,136800,193500,39600
29019147,217064600,217234900,216761900,216841000,268,302700,473000,79100
29019148,216839100,216987600,216616600,216641200,276,222500,371000,24600
29019149,216672800,216681500,216525800,216537400,242,147000,155700,11600
29019150,216529200,216686400,216505100,216522100,278,24100,181300,17000
29019151,216542300,216787900,216542300,216779100,265,0,245600,236800
29019152,216783200,216787000,216579400,216618100,242,203800,207600,38700
29019153,216625300,216651800,216376100,216516700,232,249200,275700,140600
29019154,216512800,216552500,216347700,216552500,281,165100,204800,204800
29019155,216554000,216729000,216510200,216630000,265,43800,218800,119800
29019156,216658200,216826800,216543000,216726600,278,115200,283800,183600
29019157,216724600,216758800,216640200,216696300,237,84400,118600,56100
29019158,216694900,216894200,216525800,216811800,250,169100,368400,286000
29019159,216814400,216976100,216775700,216917000,190,38700,200400,141300
29019160,216916500,217046900,216877600,216884300,194,38900,169300,6700
29019161,216911000,216935300,216654300,216899600,252,256700,281000,245300
29019162,216894300,217064400,216892700,217022300,215,1600,171700,129600
29019163,217023600,217095900,216874400,216874400,189,149200,221500,0
29019164,216878300,217013000,216857500,217009100,234,20800,155500,151600
29019165,217011600,217065400,216855100,216957900,256,156500,210300,102800
29019166,216978700,217129800,216915700,217129800,194,63000,214100,214100
29019167,217128800,217178500,217002800,217002800,228,126000,175700,0
29019168,217002200,217106100,216921000,217074700,182,81200,185100,153700
29019169,217074800,217392500,217074800,217373600,220,0,317700,298800
29019170,217363300,217583400,217266000,217438900,222,97300,317400,172900
29019171,217437500,217516200,217316600,217320500,206,120900,199600,3900
29019172,217321000,217625900,217321000,217625900,220,0,304900,304900
29019173,217624400,217634200,217253300,217275600,207,371100,380900,22300
29019174,217263000,217307100,217095700,217153600,235,167300,211400,57900
29019175,217152500,217331800,217135000,217323400,212,17500,196800,188400
29019176,217322900,217463000,217225600,217454900,227,97300,237400,229300
29019177,217442700,217643400,217379700,217385800,214,63000,263700,6100
29019178,217385900,217399800,217245300,217278900,177,140600,154500,33600
29019179,217260100,217435400,217225600,217435400,211,34500,209800,209800
29019180,217439300,217621800,217439300,217614900,268,0,182500,175600
29019181,217635300,217704200,217405600,217505900,259,229700,298600,100300
29019182,217467500,217709000,217362200,217580800,259,105300,346800,218600
29019183,217582900,217669600,217460000,217469000,254,122900,209600,9000
29019184,217483200,217483200,217277400,217349700,257,205800,205800,72300
29019185,217350500,217366400,217234000,217293900,264,116500,132400,59900
29019186,217257800,217553900,217159600,217553900,270,98200,394300,394300
29019187,217553000,217717400,217553000,217623500,220,0,164400,70500
29019188,217624000,217837600,217565500,217803200,217,58500,272100,237700
29019189,217781000,217797600,217676300,217797600,211,104700,121300,121300
29019190,217797600,217840000,217737600,217763600,183,60000,102400,26000
29019191,217764100,217973000,217591500,217948200,273,172600,381500,356700
29019192,217947500,218003300,217824400,217848200,182,123100,178900,23800
29019193,217847700,217981100,217773000,217971300,243,74700,208100,198300
29019194,217974700,218055700,217715700,217832000,202,259000,340000,116300
29019195,217829500,217845100,217421600,217541600,272,407900,423500,120000
29019196,217560700,217650800,217403600,217650800,258,157100,247200,247200
29019197,217650900,217894600,217615700,217619500,282,35200,278900,3800
29019198,217615600,217626100,217470300,217524600,260,145300,155800,54300
29019199,217525100,217629700,217467600,217621400,270,57500,162100,153800
29019200,217618900,217670300,217564400,217624500,236,54500,105900,60100
29019201,217621900,217739100,217526500,217527000,236,95400,212600,500
29019202,217518100,217570000,217358100,217395000,272,160000,211900,36900
29019203,217392100,217453700,217292300,217348200,236,99800,161400,55900
29019204,217348400,217447800,217320000,217422000,178,28400,127800,102000
29019205,217413700,217544000,217404000,217497900,230,9700,140000,93900
29019206,217521000,217521000,217320400,217321800,226,200600,200600,1400
29019207,217323700,217446500,217250000,217251100,228,73700,196500,1100
29019208,217251600,217370500,217221500,217340600,220,30100,149000,119100
29019209,217338700,217501300,217336700,217414700,224,2000,164600,78000
29019210,217360900,217584700,217263800,217533500,268,97100,320900,269700
29019211,217526600,217697800,217458000,217568300,256,68600,239800,110300
29019212,217570800,217905800,217570800,217841600,238,0,335000,270800
29019213,217839200,217869800,217645700,217855700,256,193500,224100,210000
29019214,217856200,217936400,217769600,217846200,218,86600,166800,76600
29019215,217850100,218071700,217831500,218071700,204,18600,240200,240200
29019216,218073600,218212600,217976300,218087100,288,97300,236300,110800
29019217,218088000,218143700,217947900,217964400,250,140100,195800,16500
29019218,217966900,217966900,217636000,217742300,218,330900,330900,106300
29019219,217742800,217760000,217490300,217682200,226,252500,269700,191900
29019220,217681700,217750000,217608200,217723600,174,73500,141800,115400
29019221,217726200,217770900,217468300,217594000,242,257900,302600,125700
29019222,217598000,217656800,217490200,217550300,238,107800,166600,60100
29019223,217548400,217653800,217401100,217599900,238,147300,252700,198800
29019224,217607400,217623600,217343300,217405500,232,264100,280300,62200
29019225,217407500,217490700,217361200,217448500,212,46300,129500,87300
29019226,217449000,217640100,217351600,217637600,257,97400,288500,286000
29019227,217637700,217754800,217637700,217653900,207,0,117100,16200
29019228,217652300,217983100,217581500,217954600,251,70800,401600,373100
29019229,217954100,218017800,217808300,218016800,222,145800,209500,208500
29019230,218012900,218159600,217935800,217942500,234,77100,223800,6700
29019231,217960800,218109900,217926600,218012100,244,34200,183300,85500
29019232,218014000,218225500,218004100,218221400,233,9900,221400,217300
29019233,218220900,218279500,218077900,218112100,188,143000,201600,34200
29019234,218114000,218270400,218110100,218247600,229,3900,160300,137500
29019235,218248100,218419400,218248100,218286700,236,0,171300,38600
29019236,218308300,218308300,218046200,218065600,217,262100,262100,19400
29019237,218065700,218194500,218058700,218127800,237,7000,135800,69100
29019238,218128800,218164800,218020900,218113700,206,107900,143900,92800
29019239,218111700,218143000,218030700,218131800,183,81000,112300,101100
29019240,218135800,218224300,218020400,218057500,267,115400,203900,37100
29019241,218055500,218074700,217798700,217862300,294,256800,276000,63600
29019242,217873900,217923700,217719900,217771300,276,154000,203800,51400
29019243,217773300,217779600,217560000,217775900,272,213300,219600,215900
29019244,217777000,218059500,217772100,218059500,260,4900,287400,287400
29019245,218056200,218211500,218056200,218179800,263,0,155300,123600
29019246,218179200,218525500,218093700,218356200,260,85500,431800,262500
29019247,218356300,218370700,218133800,218260400,275,222500,236900,126600
29019248,218262400,218264400,217996400,218011700,228,266000,268000,15300
29019249,218009800,218009800,217854300,217890000,237,155500,155500,35700
29019250,217888900,217888900,217666000,217875600,261,222900,222900,209600
29019251,217883900,217945800,217651500,217712400,284,232400,294300,60900
29019252,217703500,217782800,217692300,217767700,247,11200,90500,75400
29019253,217763000,217785300,217677000,217743800,201,86000,108300,66800
29019254,217743700,217914600,217743700,217911100,204,0,170900,167400
29019255,217913300,218086600,217728300,218086600,278,185000,358300,358300
29019256,218104800,218317100,217925100,218309300,263,179700,392000,384200
29019257,218308900,218347300,218226400,218226400,287,82500,120900,0
29019258,218221600,218241100,218068800,218174700,232,152800,172300,105900
29019259,218170700,218170700,218030300,218108100,204,140400,140400,77800
29019260,218110000,218148600,217913300,217914800,181,196700,235300,1500
29019261,217907100,218081800,217900600,218036400,260,6500,181200,135800
29019262,218034900,218215600,217999800,218215600,195,35100,215800,215800
29019263,218217700,218239400,218014400,218109800,224,203300,225000,95400
29019264,218108100,218164800,217996900,218162800,189,111200,167900,165900
29019265,218166900,218179300,218044100,218115600,208,122800,135200,71500
29019266,218117200,218139100,217954300,218081000,190,162900,184800,126700
29019267,218079100,218218100,218031700,218132200,190,47400,186400,100500
29019268,218096300,218096300,217883000,217917300,174,213300,213300,34300
29019269,217917200,217933300,217776800,217830400,166,140400,156500,53600
29019270,217832000,217947600,217824800,217875200,238,7200,122800,50400
29019271,217867900,217973300,217705200,217945300,278,162700,268100,240100
29019272,217938300,218115900,217938300,218029100,275,0,177600,90800
29019273,218033400,218033400,217872800,217882000,250,160600,160600,9200
29019274,217881500,218002300,217850300,217923100,225,31200,152000,72800
29019275,217919700,217959600,217731500,217949200,263,188200,228100,217700
29019276,217953900,218123200,217953900,218106500,260,0,169300,152600
29019277,218106000,218120900,218011500,218120900,220,94500,109400,109400
29019278,218119000,218123700,217943900,217949200,197,175100,179800,5300
29019279,217955000,218130300,217949700,218130300,234,5300,180600,180600
29019280,218130700,218384900,218124900,218322000,249,5800,260000,197100
29019281,218344700,218599800,218292100,218492400,248,52600,307700,200300
29019282,218493000,218599800,218245200,218290500,230,247800,354600,45300
29019283,218301300,218303100,218133700,218221700,242,167600,169400,88000
29019284,218227000,218234800,218090900,218215600,194,136100,143900,124700
29019285,218213700,218236300,218170300,218186100,180,43400,66000,15800
29019286,218188700,218456700,218103700,218454600,192,85000,353000,350900
29019287,218458400,218632600,218344200,218347400,249,114200,288400,3200
29019288,218349100,218510200,218203700,218509400,271,145400,306500,305700
29019289,218514400,218652800,218514400,218604800,224,0,138400,90400
29019290,218605900,218609300,218450200,218451200,184,155700,159100,1000
29019291,218475900,218535900,218390400,218520800,201,85500,145500,130400
29019292,218520300,218758600,218516400,218689900,213,3900,242200,173500
29019293,218690300,218690300,218473400,218492500,240,216900,216900,19100
29019294,218505800,218714700,218367600,218714200,267,138200,347100,346600
29019295,218713900,219044700,218708900,218944200,219,5000,335800,235300
29019296,218946200,218970700,218769000,218919500,207,177200,201700,150500
29019297,218933900,219437300,218863600,219430600,234,70300,573700,567000
29019298,219473200,219521700,219251600,219275600,190,221600,270100,24000
29019299,219283400,219339300,219065800,219185300,189,217600,273500,119500
29019300,219186700,219474200,219183100,219295000,282,3600,291100,111900
29019301,219295500,219531800,219295500,219469400,265,0,236300,173900
29019302,219467400,220702300,219451800,220702300,328,15600,1250500,1250500
29019303,220672100,220672100,220192200,220199600,316,479900,479900,7400
29019304,220200200,220290100,220026900,220161600,294,173300,263200,134700
29019305,220152000,220240900,219982000,219982000,319,170000,258900,0
29019306,219985200,220003800,219772000,219794300,264,213200,231800,22300
29019307,219799400,219803600,219653000,219682600,284,146400,150600,29600
29019308,219680600,220015800,219680400,219880800,288,200,335400,200400
29019309,219856700,220390700,219834400,220055400,256,22300,556300,221000
29019310,220059000,220079000,219868300,219893900,236,190700,210700,25600
29019311,219884600,219943600,219749800,219802500,247,134800,193800,52700
29019312,219798000,219854000,219639500,219639500,246,158500,214500,0
29019313,219637600,219664300,219445100,219535100,225,192500,219200,90000
29019314,219511800,219553400,219402600,219537400,188,109200,150800,134800
29019315,219535200,219535200,219235000,219259400,250,300200,300200,24400
29019316,219246600,219318600,219149800,219285800,274,96800,168800,136000
29019317,219291400,219401200,219249600,219386200,264,41800,151600,136600
29019318,219392700,219466300,219236500,219347700,252,156200,229800,111200
29019319,219344300,219344300,219173600,219217500,246,170700,170700,43900
29019320,219221100,219359000,218972600,218972600,216,248500,386400,0
29019321,218970700,219218500,218970700,219174800,294,0,247800,204100
29019322,219179600,219401300,219133100,219349200,290,46500,268200,216100
29019323,219347200,219602400,219347200,219590500,240,0,255200,243300
29019324,219595700,219820800,219551000,219630700,234,44700,269800,79700
29019325,219634900,219639900,219424000,219434400,246,210900,215900,10400
29019326,219434900,219671600,219400200,219591200,288,34700,271400,191000
29019327,219590600,219758400,219541800,219726800,209,48800,216600,185000
29019328,219730400,219872700,219640900,219857400,235,89500,231800,216500
29019329,219855300,220021900,219812700,220021900,222,42600,209200,209200
29019330,220042000,220045600,219660700,219742000,276,381300,384900,81300
29019331,219736600,219790000,219589500,219778300,282,147100,200500,188800
29019332,219782200,219945200,219782200,219928900,263,0,163000,146700
29019333,219949400,220392500,219948300,220390000,274,1100,444200,441700
29019334,220388500,220481800,220214400,220334500,283,174100,267400,120100
29019335,220334200,220334200,220059000,220062300,254,275200,275200,3300
29019336,220080500,220239800,220080500,220157700,264,0,159300,77200
29019337,220154200,220250500,220140600,220150800,267,13600,109900,10200
29019338,220153000,220370700,220103100,220188300,285,49900,267600,85200
29019339,220184700,220192800,219800300,219898400,240,384400,392500,98100
29019340,219890300,219949700,219714000,219801900,247,176300,235700,87900
29019341,219803600,220075600,219724000,220040000,272,79600,351600,316000
29019342,220036700,220336600,219994500,220327000,260,42200,342100,332500
29019343,220325000,220857000,220203700,220772400,285,121300,653300,568700
29019344,220770500,220946700,220583400,220944400,251,187100,363300,361000
29019345,220937200,220969200,220619700,220690800,297,317500,349500,71100
29019346,220692700,220714800,220315100,220481300,243,377600,399700,166200
29019347,220483200,220863600,220483200,220836200,267,0,380400,353000
29019348,220833800,221108700,220831800,221032900,267,2000,276900,201100
29019349,221034800,221173800,221017600,221170800,181,17200,156200,153200
29019350,221182300,221377500,221120700,221366100,226,61600,256800,245400
29019351,221365600,221431900,221152100,221295300,282,213500,279800,143200
29019352,221297300,221297300,220930900,221005200,219,366400,366400,74300
29019353,221010200,221157800,220957700,221045600,244,52500,200100,87900
29019354,221051300,221164800,220753000,220899100,244,298300,411800,146100
29019355,220898600,220899700,220734800,220774900,240,163800,164900,40100
29019356,220768500,220969900,220768500,220932300,181,0,201400,163800
29019357,220932700,221126200,220868400,221120100,238,64300,257800,251700
29019358,221119600,221167400,221054600,221105600,249,65000,112800,51000
29019359,221105000,221150900,220792300,220889300,197,312700,358600,97000
29019360,220851400,220936200,220746600,220856500,306,104800,189600,109900
29019361,220868700,220933900,220637700,220780500,292,231000,296200,142800
29019362,220788200,220817000,220602700,220740600,283,185500,214300,137900
29019363,220742300,221153500,220587000,221000000,294,155300,566500,413000
29019364,220995700,221029600,220822900,221026100,248,172800,206700,203200
29019365,221022700,221249500,221003700,221193000,301,19000,245800,189300
29019366,221205000,221363600,221136600,221227300,291,68400,227000,90700
29019367,221210000,221418600,221163000,221288200,272,47000,255600,125200
29019368,221285300,221589400,221277900,221499100,261,7400,311500,221200
29019369,221493800,221505300,221051900,221147100,259,441900,453400,95200
29019370,221149100,221472000,221137200,221472000,275,11900,334800,334800
29019371,221479200,221753500,221479200,221723400,294,0,274300,244200
29019372,221726100,221739700,221530000,221570600,233,196100,209700,40600
29019373,221571200,221571200,221403000,221560800,223,168200,168200,157800
29019374,221558700,221850800,221528900,221850800,284,29800,321900,321900
29019375,221852000,221910100,221664900,221883500,287,187100,245200,218600
29019376,221874500,221891300,221586000,221626300,278,288500,305300,40300
29019377,221607300,221949900,221607300,221913900,294,0,342600,306600
29019378,221909900,222120100,221806400,222120100,282,103500,313700,313700
29019379,222147700,222278200,222089900,222206500,255,57800,188300,116600
29019380,222238200,222695000,222226400,222406700,297,11800,468600,180300
29019381,222406800,222445600,222159100,222198500,272,247700,286500,39400
29019382,222203300,222247800,221895000,221918500,271,308300,352800,23500
29019383,221922800,221956900,221643000,221692600,292,279800,313900,49600
29019384,221679500,221690700,221437000,221559400,248,242500,253700,122400
29019385,221528900,221648500,221489800,221521800,243,39100,158700,32000
29019386,221524500,221661900,221524500,221659600,267,0,137400,135100
29019387,221662600,221765700,221384200,221397900,273,278400,381500,13700
29019388,221399600,221501600,221279800,221291000,254,119800,221800,11200
29019389,221291500,221434400,221287700,221383700,262,3800,146700,96000
29019390,221390900,221512100,221234500,221234500,283,156400,277600,0
29019391,221224000,221457000,221187300,221422800,297,36700,269700,235500
29019392,221423300,221870300,221422700,221613700,294,600,447600,191000
29019393,221604900,221629100,221444800,221530200,283,160100,184300,85400
29019394,221532700,221929700,221529800,221787600,272,2900,399900,257800
29019395,221785900,221981100,221741800,221780500,279,44100,239300,38700
29019396,221776200,221796300,221484600,221484600,280,291600,311700,0
29019397,221484600,221727600,221467700,221579300,281,16900,259900,111600
29019398,221582400,221689800,221453700,221681100,250,128700,236100,227400
29019399,221679100,221732600,221581000,221667000,201,98100,151600,86000
29019400,221666500,221734200,221600300,221602100,168,66200,133900,1800
29019401,221586300,221830600,221540700,221817000,276,45600,289900,276300
29019402,221821400,221950800,221744000,221937600,267,77400,206800,193600
29019403,221942100,221960800,221685900,221699900,265,256200,274900,14000
29019404,221691500,221786400,221594600,221786400,261,96900,191800,191800
29019405,221788400,222033400,221734800,221879700,270,53600,298600,144900
29019406,221877700,221888700,221537000,221588800,276,340700,351700,51800
29019407,221584900,221748200,221574300,221584100,291,10600,173900,9800
29019408,221587800,221788500,221473700,221769800,300,114100,314800,296100
29019409,221770000,222198800,221767400,221875600,275,2600,431400,108200
29019410,221877300,221958400,221764000,221929500,272,113300,194400,165500
29019411,221931800,221941400,221673400,221767900,281,258400,268000,94500
29019412,221767400,221962100,221738800,221929100,254,28600,223300,190300
29019413,221929400,222052200,221832300,221832300,255,97100,219900,0
29019414,221832900,221939400,221711000,221851600,278,121900,228400,140600
29019415,221854500,221862400,221646400,221706200,278,208100,216000,59800
29019416,221678200,221706700,221388000,221405300,250,290200,318700,17300
29019417,221398100,221583600,221398100,221496300,302,0,185500,98200
29019418,221489800,221579400,221442800,221475200,270,47000,136600,32400
29019419,221477200,221551900,221378400,221484400,245,98800,173500,106000
29019420,221483400,221496400,221342900,221398200,283,140500,153500,55300
29019421,221403100,221851300,221403100,221676000,270,0,448200,272900
29019422,221679000,221871400,221594100,221861000,304,84900,277300,266900
29019423,221857100,221931100,221756900,221854000,288,100200,174200,97100
29019424,221866000,222075200,221866000,221967400,260,0,209200,101400
29019425,221975800,222259100,221945400,222254100,282,30400,313700,308700
29019426,222250600,222738900,222250600,222708900,292,0,488300,458300
29019427,222709300,222966300,222443800,222936000,310,265500,522500,492200
29019428,222947000,223115500,222695900,222971500,325,251100,419600,275600
29019429,222975800,223373300,222968800,223233500,317,7000,404500,264700
29019430,223220800,223765800,223175300,223638900,320,45500,590500,463600
29019431,223620400,223709000,223468900,223619000,318,151500,240100,150100
29019432,223629200,224170000,223567600,224064000,298,61600,602400,496400
29019433,224057300,225067600,224057300,224586500,320,0,1010300,529200
29019434,224589100,224752000,224181400,224295200,311,407700,570600,113800
29019435,224279600,224842000,224276600,224810200,332,3000,565400,533600
29019436,224792400,224818800,224413800,224430300,317,378600,405000,16500
29019437,224458900,224458900,223783700,223957800,327,675200,675200,174100
29019438,223946000,224024900,223543600,223599800,318,402400,481300,56200
29019439,223587400,223820000,223508400,223644400,318,79000,311600,136000
29019440,223649900,224279400,223620300,224177600,322,29600,659100,557300
29019441,224176700,224339300,224119300,224163700,273,57400,220000,44400
29019442,224164900,224728800,224098500,224706700,316,66400,630300,608200
29019443,224710100,224728600,224353800,224669300,307,356300,374800,315500
29019444,224685600,224771800,224300800,224547800,308,384800,471000,247000
29019445,224556500,224947700,224554000,224943200,328,2500,393700,389200
29019446,224937900,225081600,224547600,224575000,289,390300,534000,27400
29019447,224575600,225128000,224573600,224882000,308,2000,554400,308400
29019448,224881500,224892800,224613900,224670300,305,267600,278900,56400
29019449,224675800,225014900,224675800,224842800,296,0,339100,167000
29019450,224841900,225105700,224746000,224834000,320,95900,359700,88000
29019451,224790800,224980900,224756400,224849800,288,34400,224500,93400
29019452,224846400,225630300,224846400,225597900,308,0,783900,751500
29019453,225599200,226276400,225563700,226276400,323,35500,712700,712700
29019454,226288900,226302900,225830100,225860500,318,458800,472800,30400
29019455,225857500,225857500,225340300,225340300,321,517200,517200,0
29019456,225339700,225356300,225099200,225188500,309,240500,257100,89300
29019457,225184000,225206900,224842000,224861000,282,342000,364900,19000
29019458,224849600,225094500,224805300,224847100,316,44300,289200,41800
29019459,224843600,225218200,224840100,225109300,307,3500,378100,269200
29019460,225107000,225454000,225104500,225397800,302,2500,349500,293300
29019461,225405300,225438300,224976700,224976700,270,428600,461600,0
29019462,224977300,225139800,224841100,225064300,304,136200,298700,223200
29019463,225074100,225136800,224989400,224991800,260,84700,147400,2400
29019464,224985900,225232500,224944000,225153200,271,41900,288500,209200
29019465,225155700,225276100,224545500,224629000,294,610200,730600,83500
29019466,224638600,224713000,224441800,224696300,288,196800,271200,254500
29019467,224642500,224694300,224405800,224540400,261,236700,288500,134600
29019468,224532300,224635100,224364300,224577700,255,168000,270800,213400
29019469,224578200,224661700,224357700,224460000,279,220500,304000,102300
29019470,224452600,224496400,224299600,224318400,249,153000,196800,18800
29019471,224314500,224416600,224203900,224277900,282,110600,212700,74000
29019472,224278400,224438500,224274400,224428200,252,4000,164100,153800
29019473,224425300,224426200,223690900,223958000,312,734400,735300,267100
29019474,223968900,223985200,223624000,223750600,270,344900,361200,126600
29019475,223752100,224032000,223752100,223958200,272,0,279900,206100
29019476,223962800,224158100,223838800,224074300,265,124000,319300,235500
29019477,224069400,224069400,223918900,224053100,266,150500,150500,134200
29019478,224061600,224115600,223905900,224030800,253,155700,209700,124900
29019479,224076800,224076800,223914000,224036400,193,162800,162800,122400
29019480,224034500,224205300,223974000,224113400,288,60500,231300,139400
29019481,224115800,224290200,224109800,224161100,284,6000,180400,51300
29019482,224158700,224161600,224005800,224005800,186,152900,155800,0
29019483,224009700,224058300,223804800,223967500,263,204900,253500,162700
29019484,223969900,224065500,223904000,224065500,262,65900,161500,161500
29019485,224075800,224205500,224075800,224185000,280,0,129700,109200
29019486,224182600,224582600,224089500,224551300,264,93100,493100,461800
29019487,224546100,224569700,224420100,224423200,210,126000,149600,3100
29019488,224426200,224545500,224400100,224450200,197,26100,145400,50100
29019489,224432900,224473000,223981800,224010900,214,451100,491200,29100
29019490,224012900,224046300,223571800,223676100,306,441100,474500,104300
29019491,223682000,223721300,223382600,223486100,297,299400,338700,103500
29019492,223485200,223685500,223421400,223528900,297,63800,264100,107500
29019493,223530800,223793400,223529300,223742200,260,1500,264100,212900
29019494,223738800,223899900,223659300,223818100,255,79500,240600,158800
29019495,223817100,224065800,223776900,223862800,274,40200,288900,85900
29019496,223812600,223869000,223679300,223754600,284,133300,189700,75300
29019497,223754300,223818800,223594500,223656500,235,159800,224300,62000
29019498,223656200,223825300,223567700,223770200,243,88500,257600,202500
29019499,223775900,223834600,223491100,223594000,256,284800,343500,102900
29019500,223595500,223871500,223590700,223867600,286,4800,280800,276900
29019501,223862800,223912000,223713100,223854200,284,149700,198900,141100
29019502,223859700,223861200,223652800,223701400,254,206900,208400,48600
29019503,223706500,223829400,223579300,223802900,246,127200,250100,223600
29019504,223802200,224028200,223795800,224007700,284,6400,232400,211900
29019505,224020100,224987500,224020100,224976600,330,0,967400,956500
29019506,224973000,225750900,224973000,225718600,321,0,777900,745600
29019507,225727300,225736200,225292100,225310000,311,435200,444100,17900
29019508,225299300,225656500,225299300,225593100,324,0,357200,293800
29019509,225580500,225735400,225455700,225680200,324,124800,279700,224500
29019510,225679600,226264600,225489000,226252800,324,190600,775600,763800
29019511,226308900,226807200,226295700,226309800,330,13200,511500,14100
29019512,226308800,226345900,226095300,226307500,324,213500,250600,212200
29019513,226333500,226933000,226184200,226729300,326,149300,748800,545100
29019514,226696200,227334200,226591300,227171100,328,104900,742900,579800
29019515,227137800,227366900,226759700,227055200,334,378100,607200,295500
29019516,227060200,227236900,226846900,227066800,330,213300,390000,219900
29019517,227073100,227359500,226707900,226725100,332,365200,651600,17200
29019518,226694000,226751400,226028300,226308100,330,665700,723100,279800
29019519,226274300,226274300,225973400,226176900,330,300900,300900,203500
29019520,226166100,226225100,225944100,226119800,330,222000,281000,175700
29019521,226126300,226204300,225733500,225901300,334,392800,470800,167800
29019522,225900800,225911800,225391000,225416100,330,509800,520800,25100
29019523,225411000,225704800,225403700,225567600,326,7300,301100,163900
29019524,225556900,225556900,225003400,225118000,318,553500,553500,114600
29019525,225119200,225166100,224596700,224838500,320,522500,569400,241800
29019526,224841400,225278700,224841400,225131900,332,0,437300,290500
29019527,225129400,225161300,224912800,225008900,320,216600,248500,96100
29019528,225004700,225005900,224060900,224091400,324,943800,945000,30500
29019529,224097000,224497300,224097000,224292200,307,0,400300,195200
29019530,224272300,224365400,223917000,224075200,326,355300,448400,158200
29019531,224083800,224192800,223916000,223984700,324,167800,276800,68700
29019532,223981600,223981600,223428400,223679500,312,553200,553200,251100
29019533,223685900,223790100,223278100,223302100,308,407800,512000,24000
29019534,223336600,223809000,223336600,223783100,320,0,472400,446500
29019535,223779300,224061700,223779300,224029100,316,0,282400,249800
29019536,224027000,224059200,223534300,223534300,308,492700,524900,0
29019537,223532300,224048700,223506000,224048100,314,26300,542700,542100
29019538,224050500,224050500,223779600,223965000,294,270900,270900,185400
29019539,223957100,224087400,223816500,223941600,242,140600,270900,125100
29019540,223941500,223974600,223532800,223541400,294,408700,441800,8600
29019541,223529900,223785400,223487900,223744800,248,42000,297500,256900
29019542,223750900,223777300,223061900,223146200,282,689000,715400,84300
29019543,223139300,223259400,222961700,223168800,261,177600,297700,207100
29019544,223172800,223248400,222934400,223125100,230,238400,314000,190700
29019545,223132200,223397000,223003500,223315800,295,128700,393500,312300
29019546,223312300,223658300,223190100,223557900,274,122200,468200,367800
29019547,223514400,223761500,223194000,223197000,258,320400,567500,3000
29019548,223200700,223389800,223165000,223359500,243,35700,224800,194500
29019549,223362700,223710000,223362700,223633500,248,0,347300,270800
29019550,223634500,223944600,223628200,223807500,249,6300,316400,179300
29019551,223807100,223845000,223548400,223755100,252,258700,296600,206700
29019552,223759600,223936500,223739800,223914100,230,19800,196700,174300
29019553,223905100,223912000,223658100,223660900,190,247000,253900,2800
29019554,223663300,223804100,223663300,223688300,200,0,140800,25000
29019555,223686600,223875900,223632700,223828000,270,53900,243200,195300
29019556,223827400,224040000,223771100,224002700,244,56300,268900,231600
29019557,224002100,224020200,223820900,223946400,256,181200,199300,125500
29019558,223951400,224032000,223790300,223808200,215,161100,241700,17900
29019559,223811700,223879000,223393100,223457200,224,418600,485900,64100
29019560,223457000,223699100,223449100,223656300,220,7900,250000,207200
29019561,223658300,223666700,223387600,223546500,255,270700,279100,158900
29019562,223544600,223844000,223419700,223432000,297,124900,424300,12300
29019563,223427000,223463500,223235400,223255700,269,191600,228100,20300
29019564,223251800,223429400,223217400,223331500,277,34400,212000,114100
29019565,223333600,223398800,223274100,223289200,255,59500,124700,15100
29019566,223291400,223558000,223251700,223528200,298,39700,306300,276500
29019567,223520800,223579400,223270200,223332400,287,250600,309200,62200
29019568,223337000,223483400,222542800,222542800,302,794200,940600,0
29019569,222542000,222595900,221844400,222220000,323,697600,751500,375600
29019570,222212000,222490100,222192100,222394100,320,19900,298000,202000
29019571,222396000,222464200,222082800,222290900,308,313200,381400,208100
29019572,222293900,222723400,222263400,222646300,304,30500,460000,382900
29019573,222645800,222764500,222446400,222446400,306,199400,318100,0
29019574,222445900,222487000,222315700,222405900,279,130200,171300,90200
29019575,222407600,222705900,222401900,222703700,279,5700,304000,301800
29019576,222702100,222709500,222417300,222638300,299,284800,292200,221000
29019577,222637400,222740100,222591200,222649700,286,46200,148900,58500
29019578,222637200,222880100,222595100,222786500,296,42100,285000,191400
29019579,222784800,222859700,222660700,222834500,272,124100,199000,173800
29019580,222833300,222985900,222833300,222985900,244,0,152600,152600
29019581,222998300,223208900,222991300,223105600,268,7000,217600,114300
29019582,223106800,223140100,223030500,223032200,256,76300,109600,1700
29019583,223031700,223257800,222957700,223194400,268,74000,300100,236700
29019584,223219400,223225300,222961100,223090100,206,258300,264200,129000
29019585,223089600,223377400,223072300,223172300,257,17300,305100,100000
29019586,223177700,223368400,223166700,223289100,279,11000,201700,122400
29019587,223287100,223301200,222973700,223038700,293,313400,327500,65000
29019588,223052800,223052800,222694000,222712100,266,358800,358800,18100
29019589,222698200,222754100,222543700,222737700,280,154500,210400,194000
29019590,222744500,222870100,222709000,222819500,285,35500,161100,110500
29019591,222803500,222803500,222366800,222383200,310,436700,436700,16400
29019592,222382600,222496800,222268800,222321500,271,113800,228000,52700
29019593,222322000,222322000,221648100,221714100,302,673900,673900,66000
29019594,221722400,221774700,221143900,221373700,324,578500,630800,229800
29019595,221374300,221810900,221309400,221728400,316,64900,501500,419000
29019596,221726900,221929700,221721900,221872700,280,5000,207800,150800
29019597,221873200,221916900,221544800,221709000,264,328400,372100,164200
29019598,221707100,221853700,221548600,221694600,282,158500,305100,146000
29019599,221697500,222019200,221557600,221898800,260,139900,461600,341200
29019600,221909800,222189500,221882800,222185700,302,27000,306700,302900
29019601,222187300,222254600,222070400,222254600,268,116900,184200,184200
29019602,222254800,222330100,222226700,222305600,264,28100,103400,78900
29019603,222312500,222329900,222195700,222300500,216,116800,134200,104800
29019604,222299900,222299900,221719600,221822900,271,580300,580300,103300
29019605,221826000,221877100,221508700,221539100,306,317300,368400,30400
29019606,221542700,222257800,221521300,222237600,301,21400,736500,716300
29019607,222232400,222744200,222217000,222606700,314,15400,527200,389700
29019608,222618200,222646700,222389900,222573300,289,228300,256800,183400
29019609,222586700,222779900,222560400,222725500,285,26300,219500,165100
29019610,222702300,223021600,222614100,222888900,308,88200,407500,274800
29019611,222886800,223099900,222829600,222835000,280,57200,270300,5400
29019612,222808200,222911000,222628000,222636500,304,180200,283000,8500
29019613,222635700,223038600,222546400,222903800,271,89300,492200,357400
29019614,222901800,222901800,222537700,222633200,212,364100,364100,95500
29019615,222637900,222903300,222606400,222606400,298,31500,296900,0
29019616,222606300,222611700,222091800,222180900,299,514500,519900,89100
29019617,222182200,222495300,222122100,222374900,294,60100,373200,252800
29019618,222379300,222493800,222320400,222476900,285,58900,173400,156500
29019619,222487300,222841000,222435200,222837000,301,52100,405800,401800
29019620,222847900,223322000,222812500,222891200,320,35400,509500,78700
29019621,222893300,222893300,222421000,222427000,323,472300,472300,6000
29019622,222428300,222694000,222383800,222384300,310,44500,310200,500
29019623,222382800,222400300,222196100,222205600,287,186700,204200,9500
29019624,222206700,222473800,222150800,222404400,295,55900,323000,253600
29019625,222405900,222565800,222232700,222256400,309,173200,333100,23700
29019626,222261300,222537900,222261300,222446000,302,0,276600,184700
29019627,222427900,222589200,222389300,222431800,291,38600,199900,42500
29019628,222422100,222665400,222367700,222665400,276,54400,297700,297700
29019629,222657400,222658100,222489100,222647400,223,168300,169000,158300
29019630,222636500,222950700,222636000,222878700,324,500,314700,242700
29019631,222904800,222999100,222683600,222949800,308,221200,315500,266200
29019632,222957400,223387400,222840200,223383000,314,117200,547200,542800
29019633,223383600,223383600,222719000,222760100,317,664600,664600,41100
29019634,222758300,222939500,222434300,222513100,303,324000,505200,78800
29019635,222516600,222625900,222471600,222490500,278,45000,154300,18900
29019636,222492200,222605100,222454300,222600800,303,37900,150800,146500
29019637,222598800,222602000,222235500,222292400,284,363300,366500,56900
29019638,222306600,222656200,222164400,222631700,290,142200,491800,467300
29019639,222636200,222783400,222450900,222783400,298,185300,332500,332500
29019640,222822900,222911600,222719000,222742700,291,103900,192600,23700
29019641,222744600,223010600,222596400,222613700,300,148200,414200,17300
29019642,222607500,222694600,222334500,222375500,319,273000,360100,41000
29019643,222386300,222773900,222264400,222506700,308,121900,509500,242300
29019644,222506100,222528700,222078400,222199600,295,427700,450300,121200
29019645,222207100,222261200,222003600,222024900,306,203500,257600,21300
29019646,222026900,222048000,221735700,221911100,312,291200,312300,175400
29019647,221915300,221952700,221665400,221789600,304,249900,287300,124200
29019648,221795000,221829700,221222200,221419700,310,572800,607500,197500
29019649,221421100,221711100,221413900,221647000,292,7200,297200,233100
29019650,221645000,221925000,221617700,221734100,273,27300,307300,116400
29019651,221736300,221910200,221561700,221666600,302,174600,348500,104900
29019652,221667100,221898200,221649600,221839100,283,17500,248600,189500
29019653,221835200,221869300,221495100,221630100,275,340100,374200,135000
29019654,221630500,221955200,221630500,221942400,277,0,324700,311900
29019655,221942500,221959200,221677000,221704500,276,265500,282200,27500
29019656,221705400,221810600,221556400,221707200,284,149000,254200,150800
29019657,221717000,221736300,221535600,221685700,265,181400,200700,150100
29019658,221671100,221689500,221485100,221674200,266,186000,204400,189100
29019659,221670200,221926700,221641800,221926700,260,28400,284900,284900
29019660,221924000,222085600,221923100,222039800,278,900,162500,116700
29019661,222038800,222147900,221998300,222058500,286,40500,149600,60200
29019662,222055700,222521500,222032000,222412100,299,23700,489500,380100
29019663,222396100,222523700,221788500,221880700,315,607600,735200,92200
29019664,221842100,222302700,221695600,222274400,326,146500,607100,578800
29019665,222273400,222273400,221836000,222035900,330,437400,437400,199900
29019666,222032200,222033900,221774500,221922700,317,257700,259400,148200
29019667,221919300,221919300,221600000,221668900,302,319300,319300,68900
29019668,221668400,221668400,221216200,221216200,317,452200,452200,0
29019669,221161100,221519500,221068000,221509400,327,93100,451500,441400
29019670,221504600,221953500,221439200,221911300,312,65400,514300,472100
29019671,221912300,222140200,221829800,222103500,304,82500,310400,273700
29019672,222088700,222105000,221827500,221984600,292,261200,277500,157100
29019673,221983800,221983800,221492900,221577500,312,490900,490900,84600
29019674,221593500,221634200,220879000,220879000,302,714500,755200,0
29019675,220860100,220862200,220381000,220537900,324,479100,481200,156900
29019676,220521600,221126900,220518500,221107000,322,3100,608400,588500
29019677,221103700,221522400,221034200,221512700,325,69500,488200,478500
29019678,221513800,221611700,221224200,221350500,310,289600,387500,126300
29019679,221344600,221364800,221014700,221040000,313,329900,350100,25300
29019680,221030400,221742800,221030400,221645000,305,0,712400,614600
29019681,221638000,221638000,221380500,221515700,329,257500,257500,135200
29019682,221527200,221797300,221427300,221427300,286,99900,370000,0
29019683,221423400,221518400,221065900,221100200,310,357500,452500,34300
29019684,221095700,221208100,220834700,220881100,316,261000,373400,46400
29019685,220875300,221037700,220452500,220479000,316,422800,585200,26500
29019686,220490400,221043400,220490400,221020200,301,0,553000,529800
29019687,221040100,221393800,220974100,221221800,319,66000,419700,247700
29019688,221225600,221280300,221044700,221074700,316,180900,235600,30000
29019689,221087300,221382300,221064700,221382300,305,22600,317600,317600
29019690,221381300,221590200,221354800,221499200,298,26500,235400,144400
29019691,221499700,221535900,221163600,221406300,308,336100,372300,242700
29019692,221398000,221523800,221224400,221410200,304,173600,299400,185800
29019693,221415000,221590100,221368900,221590100,317,46100,221200,221200
29019694,221590300,221768700,221296100,221648200,285,294200,472600,352100
29019695,221646700,221647800,221114700,221232300,310,532000,533100,117600
29019696,221237500,221272500,220957000,221258900,313,280500,315500,301900
29019697,221267700,221434000,221244400,221248000,313,23300,189600,3600
29019698,221247700,221247700,220815300,220878200,297,432400,432400,62900
29019699,220884500,220951800,220674800,220782700,298,209700,277000,107900
29019700,220784100,220903800,220674900,220903800,304,109200,228900,228900
29019701,220901500,220969700,220407600,220455000,310,493900,562100,47400
29019702,220456500,220612200,220235200,220393100,301,221300,377000,157900
29019703,220403800,220521300,219981000,220006200,302,422800,540300,25200
29019704,220008800,220032500,219521200,219534500,331,487600,511300,13300
29019705,219528800,220037600,219469300,220037600,326,59500,568300,568300
29019706,220075100,220304100,220037900,220179100,314,37200,266200,141200
29019707,220187600,220405800,219923300,220124800,312,264300,482500,201500
29019708,220124300,220192600,219788200,220024200,307,336100,404400,236000
29019709,219977300,220101700,219661700,219984600,324,315600,440000,322900
29019710,219971200,220296000,219946600,220268100,292,24600,349400,321500
29019711,220266400,220633500,220266400,220616200,297,0,367100,349800
29019712,220615300,220653200,220399800,220636400,312,215500,253400,236600
29019713,220618300,220627700,220314000,220377200,312,304300,313700,63200
29019714,220382200,220566500,220312700,220561800,300,69500,253800,249100
29019715,220566300,220677900,220556000,220609100,283,10300,121900,53100
29019716,220611100,220774700,220609100,220774700,240,2000,165600,165600
29019717,220789900,220789900,220600800,220741000,268,189100,189100,140200
29019718,220742000,220828100,220654500,220746100,272,87500,173600,91600
29019719,220750300,220750300,220365800,220365800,265,384500,384500,0
29019720,220362400,220722800,220279100,220644500,297,83300,443700,365400
29019721,220640500,220698400,220384800,220522400,296,255700,313600,137600
29019722,220521700,220550200,220225700,220269900,308,296000,324500,44200
29019723,220272600,220372000,219975100,220004300,311,297500,396900,29200
29019724,220006800,220016800,219715000,219757900,276,291800,301800,42900
29019725,219741900,220174100,219582100,220067500,324,159800,592000,485400
29019726,220065900,220070300,219621000,219840000,306,444900,449300,219000
29019727,219841000,219844000,219559700,219723200,310,281300,284300,163500
29019728,219701900,220011200,219685700,220000900,308,16200,325500,315200
29019729,220000400,220000400,219488800,219556000,296,511600,511600,67200
29019730,219546000,219686900,219360200,219571900,308,185800,326700,211700
29019731,219572600,219858800,219457500,219721100,275,115100,401300,263600
29019732,219724600,219806400,219478100,219796000,307,246500,328300,317900
29019733,219794800,219869100,219647600,219791400,294,147200,221500,143800
29019734,219788400,219950800,219773100,219919200,294,15300,177700,146100
29019735,219922600,220097400,219658400,219983800,310,264200,439000,325400
29019736,219958400,219958400,219387000,219389000,278,571400,571400,2000
29019737,219334400,219517900,219110100,219295900,294,224300,407800,185800
29019738,219290000,219494200,219274500,219416800,312,15500,219700,142300
29019739,219417300,219709400,219355100,219372100,310,62200,354300,17000
29019740,219354400,219354400,219017400,219108300,314,337000,337000,90900
29019741,219114100,219344300,218970400,219043300,295,143700,373900,72900
29019742,219041300,219439200,219041300,219357200,304,0,397900,315900
29019743,219359200,219514400,219204000,219219300,278,155200,310400,15300
29019744,219224000,219411600,219065200,219137500,283,158800,346400,72300
29019745,219155000,219505200,219155000,219486200,271,0,350200,331200
29019746,219485200,219701500,219480000,219692400,277,5200,221500,212400
29019747,219799500,220112700,219746900,220034200,282,52600,365800,287300
29019748,220035600,220036800,219710000,219870000,260,325600,326800,160000
29019749,219900700,219983900,219765500,219975500,292,135200,218400,210000
29019750,219986200,220487900,219655500,220484500,328,330700,832400,829000
29019751,220479300,220559100,219916000,219936900,326,563300,643100,20900
29019752,219937500,219937500,219384300,219394000,318,553200,553200,9700
29019753,219387400,219550200,219126800,219429500,326,260600,423400,302700
29019754,219469900,219620400,218757900,219235500,330,712000,862500,477600
29019755,219236100,219766200,219162000,219299000,324,74100,604200,137000
29019756,219294700,219479700,218519900,218596800,319,774800,959800,76900
29019757,218622800,218780200,217778500,217827300,332,844300,1001700,48800
29019758,217837900,218255000,217608700,217869100,326,229200,646300,260400
29019759,217879000,218238400,217806100,218170700,316,72900,432300,364600
29019760,218163200,218776200,218163200,218744400,326,0,613000,581200
29019761,218750200,219640500,218750200,219515800,324,0,890300,765600
29019762,219516800,220098200,219501200,219832700,332,15600,597000,331500
29019763,219841900,220047200,219540800,219695700,322,301100,506400,154900
29019764,219702200,219702300,219050500,219241200,317,651700,651800,190700
29019765,219218000,219482300,219041700,219253500,325,176300,440600,211800
29019766,219245200,219400800,218836600,218836600,323,408600,564200,0
29019767,218858400,218866400,218297800,218519800,328,560600,568600,222000
29019768,218529100,218877300,218400700,218655000,326,128400,476600,254300
29019769,218650300,218849200,218420500,218517900,332,229800,428700,97400
29019770,218513300,218701900,218220800,218298100,328,292500,481100,77300
29019771,218309300,218835500,218309300,218680600,326,0,526200,371300
29019772,218674200,219117000,218592400,218962300,330,81800,524600,369900
29019773,218952900,218989500,218350100,218627200,328,602800,639400,277100
29019774,218617500,218670000,217877600,218005600,324,739900,792400,128000
29019775,217988000,218296800,217849100,217919700,332,138900,447700,70600
29019776,217958000,218022800,217459100,217523000,320,498900,563700,63900
29019777,217496200,217581100,216991700,217069600,326,504500,589400,77900
29019778,217072400,217253600,216865500,217119400,320,206900,388100,253900
29019779,217100900,217515800,217022100,217199600,316,78800,493700,177500
29019780,217233400,220133400,217233400,219247000,332,0,2900000,2013600
29019781,219270000,219432700,218819400,218959200,324,450600,613300,139800
29019782,218971300,219339700,218415000,218863200,330,556300,924700,448200
29019783,218862200,219122600,218579300,218956300,332,282900,543300,377000
29019784,218922900,219254600,218652600,218839900,324,270300,602000,187300
29019785,218844700,219363100,218800200,218881300,322,44500,562900,81100
29019786,218897000,219659000,218785400,219450800,326,111600,873600,665400
29019787,219434100,220050000,219427800,219859700,320,6300,622200,431900
29019788,219851600,220154300,219734000,220098300,322,117600,420300,364300
29019789,220099600,220114400,219417700,219452500,314,681900,696700,34800
29019790,219462400,219625300,219213200,219249500,319,249200,412100,36300
29019791,219236600,219549100,218776800,218785700,316,459800,772300,8900
29019792,218795900,219218400,218596200,219137900,324,199700,622200,541700
29019793,219141300,219182500,218738900,219153300,322,402400,443600,414400
29019794,219159500,219159500,218601300,218877000,306,558200,558200,275700
29019795,218879600,219023300,218382600,218387400,330,497000,640700,4800
29019796,218382800,218597200,218305400,218446900,327,77400,291800,141500
29019797,218451800,218451800,217851500,218127200,320,600300,600300,275700
29019798,218118400,218438100,217849500,217945700,318,268900,588600,96200
29019799,217943100,218051000,217647000,218016100,320,296100,404000,369100
29019800,218003600,218409400,217779200,217969400,330,224400,630200,190200
29019801,217968500,218250200,217486600,217737400,326,481900,763600,250800
29019802,217739400,218276500,217620300,218276500,320,119100,656200,656200
29019803,218270200,218660600,218270200,218632900,322,0,390400,362700
29019804,218634300,218676900,218174600,218363500,318,459700,502300,188900
29019805,218358800,218358800,218089700,218305200,328,269100,269100,215500
29019806,218325000,218780900,218276100,218532800,326,48900,504800,256700
29019807,218525100,218783600,218217900,218217900,323,307200,565700,0
29019808,218179100,218179100,217601200,217753300,324,577900,577900,152100
29019809,217759700,217933700,217603900,217797100,330,155800,329800,193200
29019810,217797700,217904900,217502700,217864700,328,295000,402200,362000
29019811,217867400,218481300,217841700,218363100,323,25700,639600,521400
29019812,218397700,218751900,218292100,218403400,318,105600,459800,111300
29019813,218395100,218788200,218233200,218336000,328,161900,555000,102800
29019814,218339200,218579600,218210400,218572200,326,128800,369200,361800
29019815,218575500,219076400,218569900,219070000,315,5600,506500,500100
29019816,219071400,219163900,218791800,219080400,312,279600,372100,288600
29019817,219053000,219300000,218965300,219223300,306,87700,334700,258000
29019818,219221300,219462700,219114500,219362100,311,106800,348200,247600
29019819,219369800,219689800,219358800,219359900,298,11000,331000,1100
29019820,219361900,219395600,219020600,219191500,320,341300,375000,170900
29019821,219191800,219275500,218827200,219174000,319,364600,448300,346800
29019822,219170600,219237800,218567000,218622100,332,603600,670800,55100
29019823,218634000,218981800,218590300,218865700,302,43700,391500,275400
29019824,218865800,219160400,218843600,219075400,286,22200,316800,231800
29019825,219075900,219403900,218996400,218996400,315,79500,407500,0
29019826,218992300,219310600,218906300,219101000,318,86000,404300,194700
29019827,219097500,219307100,218795400,218807600,318,302100,511700,12200
29019828,218822000,218938500,218674600,218687200,307,147400,263900,12600
29019829,218686800,218686900,218379800,218583300,289,307000,307100,203500
29019830,218575900,218575900,218316800,218408000,304,259100,259100,91200
29019831,218411900,218604200,218055400,218568200,300,356500,548800,512800
29019832,218557400,219010000,218522600,218885400,322,34800,487400,362800
29019833,218894700,219243300,218842100,219019600,315,52600,401200,177500
29019834,219012500,219269500,218968900,219237100,294,43600,300600,268200
29019835,219213500,219351300,219010600,219220100,309,202900,340700,209500
29019836,219215700,219278500,218915200,219035700,313,300500,363300,120500
29019837,219040400,219246700,218923700,219213000,318,116700,323000,289300
29019838,219229000,219351500,218935100,218986800,276,293900,416400,51700
29019839,218985300,218985300,218645300,218791500,294,340000,340000,146200
29019840,218792000,218850800,218583700,218831500,314,208300,267100,247800
29019841,218827100,218827100,218405300,218463500,306,421800,421800,58200
29019842,218465500,218632900,218364000,218585100,326,101500,268900,221100
29019843,218584800,219005700,218481300,218998800,321,103500,524400,517500
29019844,219000300,219121600,218622400,219110300,314,377900,499200,487900
29019845,219116600,219372400,219011300,219057000,312,105300,361100,45700
29019846,219060400,219150900,218874600,218992100,322,185800,276300,117500
29019847,218970900,219232700,218750900,219179400,317,220000,481800,428500
29019848,219155100,219206100,218716800,218759400,318,438300,489300,42600
29019849,218759100,218763400,218495300,218640900,308,263800,268100,145600
29019850,218637400,218652100,218099600,218103900,322,537800,552500,4300
29019851,218103000,218107900,217455600,217625000,330,647400,652300,169400
29019852,217601400,217608900,216920500,217252200,328,680900,688400,331700
29019853,217244700,217807700,217025700,217807700,322,219000,782000,782000
29019854,217813900,217937700,217695500,217790000,310,118400,242200,94500
29019855,217697500,218061100,217691900,218051600,326,5600,369200,359700
29019856,218070000,218112100,217720500,217730400,317,349500,391600,9900
29019857,217734300,217738300,217335300,217710300,322,399000,403000,375000
29019858,217708400,218033500,217649600,217927200,320,58800,383900,277600
29019859,217929100,218295100,217703600,218155100,298,225500,591500,451500
29019860,218149300,218262100,217817000,218262100,326,332300,445100,445100
29019861,218268700,218527600,218214300,218329500,313,54400,313300,115200
29019862,218327500,218327500,218051000,218053700,306,276500,276500,2700
29019863,218050100,218112200,217893500,217959800,304,156600,218700,66300
29019864,217928200,217928200,217462800,217596300,324,465400,465400,133500
29019865,217595800,217881300,217152200,217303900,314,443600,729100,151700
29019866,217298700,217324100,216529600,216702600,322,769100,794500,173000
29019867,216692500,216841700,216446600,216534600,329,245900,395100,88000
29019868,216530700,216880800,216398400,216845900,326,132300,482400,447500
29019869,216848000,217241200,216847200,217130300,324,800,394000,283100
29019870,217125100,217125100,216816200,216998100,314,308900,308900,181900
29019871,217017600,217017600,216655800,216804100,312,361800,361800,148300
29019872,216806600,217218800,216689800,217200400,300,116800,529000,510600
29019873,217199900,217380800,216593300,216923800,302,606600,787500,330500
29019874,216922400,216932600,216428000,216444700,310,494400,504600,16700
29019875,216447100,216936000,216310700,216912700,326,136400,625300,602000
29019876,216906000,217304700,216812600,217280400,304,93400,492100,467800
29019877,217273900,217727600,217227300,217635600,322,46600,500300,408300
29019878,217631700,217737000,217396400,217731000,308,235300,340600,334600
29019879,217724900,217972400,217687300,217687300,309,37600,285100,0
29019880,217682100,217707700,217400300,217466000,310,281800,307400,65700
29019881,217464700,217527500,217238300,217291600,307,226400,289200,53300
29019882,217299500,217602000,217292200,217477200,289,7300,309800,185000
29019883,217479200,217479200,217206400,217326600,290,272800,272800,120200
29019884,217330500,217511400,217306600,217465400,314,23900,204800,158800
29019885,217468500,217740300,217468500,217636200,315,0,271800,167700
29019886,217626300,217629400,217145700,217423100,312,480600,483700,277400
29019887,217428500,217848500,217424600,217807200,320,3900,423900,382600
29019888,217804200,217920100,217657300,217749800,305,146900,262800,92500
29019889,217749700,217937300,217731300,217782800,305,18400,206000,51500
29019890,217784100,217784100,217309000,217309000,304,475100,475100,0
29019891,217315300,217584100,217224300,217582000,295,91000,359800,357700
29019892,217581100,217877400,217321600,217852900,308,259500,555800,531300
29019893,217844400,218021600,217679000,217830200,306,165400,342600,151200
29019894,217833900,217979600,217777600,217820500,305,56300,202000,42900
29019895,217821000,218608300,217821000,218543000,324,0,787300,722000
29019896,218536600,218706900,218264600,218604500,313,272000,442300,339900
29019897,218625800,219247700,218442500,219247700,318,183300,805200,805200
29019898,219246900,219777100,219246900,219441300,324,0,530200,194400
29019899,219442800,219595100,219140100,219218200,322,302700,455000,78100
29019900,219225200,219753600,219164700,219545700,334,60500,588900,381000
29019901,219537100,219679600,219425000,219470000,332,112100,254600,45000
29019902,219485800,219485800,219210200,219303400,325,275600,275600,93200
29019903,219299300,219474400,219071800,219459500,324,227500,402600,387700
29019904,219452900,219569100,219073400,219241500,318,379500,495700,168100
29019905,219244900,219642200,219085700,219319300,330,159200,556500,233600
29019906,219323000,219637800,219213200,219534600,320,109800,424600,321400
29019907,219537300,219821800,219475700,219544100,319,61600,346100,68400
29019908,219542100,219874900,219505000,219835900,314,37100,369900,330900
29019909,219834000,220148100,219834000,220148100,318,0,314100,314100
29019910,220147600,220609500,219997600,220068600,314,150000,611900,71000
29019911,220067900,220292100,220016900,220113100,314,51000,275200,96200
29019912,220094000,220457900,220071000,220374700,262,23000,386900,303700
29019913,220374700,220519400,220213700,220511500,289,161000,305700,297800
29019914,220549800,220552600,220051700,220109800,273,498100,500900,58100
29019915,220107500,220297400,220064800,220243700,310,42700,232600,178900
29019916,220249500,220382500,220141600,220326500,320,107900,240900,184900
29019917,220325300,220600500,220278400,220539600,306,46900,322100,261200
29019918,220532400,221002800,220437700,220968100,322,94700,565100,530400
29019919,220967500,220986600,220279800,220288500,312,687700,706800,8700
29019920,220288200,220365400,219914400,220303200,308,373800,451000,388800
29019921,220306300,220324300,220043200,220076300,322,263100,281100,33100
29019922,220080600,220516400,220043200,220516400,319,37400,473200,473200
29019923,220560900,220757800,220522400,220666500,310,38500,235400,144100
29019924,220661900,220716500,220494600,220644000,293,167300,221900,149400
29019925,220642000,221027400,220549000,220873800,310,93000,478400,324800
29019926,220886800,221287200,220774700,221173700,307,112100,512500,399000
29019927,221170300,221382900,220917400,220952000,296,252900,465500,34600
29019928,220956500,221230500,220956500,221230500,300,0,274000,274000
29019929,221234400,221597900,221110600,221416500,300,123800,487300,305900
29019930,221412400,221632300,221284000,221352400,302,128400,348300,68400
29019931,221350300,221442600,221151500,221391600,311,198800,291100,240100
29019932,221389100,221964500,221384200,221677100,304,4900,580300,292900
29019933,221686000,222147700,221686000,222121000,316,0,461700,435000
29019934,222117900,222117900,221527500,221771500,312,590400,590400,244000
29019935,221769000,221769000,221138900,221138900,304,630100,630100,0
29019936,221130100,221130100,220494500,220567800,322,635600,635600,73300
29019937,220571800,220921800,220570800,220649200,311,1000,351000,78400
29019938,220648700,220648700,220212000,220215900,303,436700,436700,3900
29019939,220221700,220442700,220150000,220420300,314,71700,292700,270300
29019940,220424000,220504300,220234600,220243500,291,189400,269700,8900
29019941,220242500,220283000,219901900,219941400,285,340600,381100,39500
29019942,219949200,220122400,219897100,220105200,280,52100,225300,208100
29019943,220104700,220235100,219822000,219822000,282,282700,413100,0
29019944,219804200,219804200,219204800,219541300,321,599400,599400,336500
29019945,219550700,219607100,219060400,219135800,321,490300,546700,75400
29019946,219130800,219213100,218434200,218851000,322,696600,778900,416800
29019947,218839400,218936200,218540000,218878400,327,299400,396200,338400
29019948,218880300,219339600,218873600,219124000,285,6700,466000,250400
29019949,219121500,219289900,219066900,219219900,312,54600,223000,153000
29019950,219222000,219481400,219222000,219341000,311,0,259400,119000
29019951,219334400,219765700,219334400,219682600,303,0,431300,348200
29019952,219688100,219688100,219293700,219313400,299,394400,394400,19700
29019953,219312600,219848200,219312600,219826700,289,0,535600,514100
29019954,219819800,219829100,219368800,219443100,306,451000,460300,74300
29019955,219432800,219509000,219270900,219427300,302,161900,238100,156400
29019956,219430300,219441900,219105200,219185300,305,325100,336700,80100
29019957,219183900,219392200,219055400,219188100,310,128500,336800,132700
29019958,219202800,219520100,219133800,219513100,292,69000,386300,379300
29019959,219513600,219663200,219513600,219596400,294,0,149600,82800
29019960,219597400,219664500,219275900,219278100,324,321500,388600,2200
29019961,219274300,219447900,219166100,219245300,314,108200,281800,79200
29019962,219242400,219538700,219094300,219402700,322,148100,444400,308400
29019963,219402200,219790800,219309300,219626600,303,92900,481500,317300
29019964,219625600,219761200,219563100,219692000,309,62500,198100,128900
29019965,219691700,220195400,219616500,219976100,320,75200,578900,359600
29019966,219975400,220201500,219804400,220102100,318,171000,397100,297700
29019967,220093300,220097700,218805000,218976200,327,1288300,1292700,171200
29019968,218976700,218976700,217915500,218181700,328,1061200,1061200,266200
29019969,218114500,218440400,217993400,218355900,320,121100,447000,362500
29019970,218410800,218738900,218348100,218686200,329,62700,390800,338100
29019971,218692400,219052300,218635300,219017900,322,57100,417000,382600
29019972,218997100,219307300,218731400,219287600,326,265700,575900,556200
29019973,219284000,219450600,219104300,219322400,310,179700,346300,218100
29019974,219306400,219353500,219021300,219021300,298,285100,332200,0
29019975,219016900,219279800,218818900,219227800,320,198000,460900,408900
29019976,219253300,219461100,219034300,219234800,312,219000,426800,200500
29019977,219235300,219244100,218630600,218774900,330,604700,613500,144300
29019978,218760000,218812200,218531900,218669600,319,228100,280300,137700
29019979,218652500,218998200,218607000,218949900,310,45500,391200,342900
29019980,218915900,219429300,218889800,219286300,312,26100,539500,396500
29019981,219275200,219280500,219020800,219179300,306,254400,259700,158500
29019982,219173100,219495200,219106000,219435900,301,67100,389200,329900
29019983,219468600,219599000,219403500,219491200,310,65100,195500,87700
29019984,219486300,219660200,219454000,219657700,305,32300,206200,203700
29019985,219656800,219658300,219316600,219343500,317,340200,341700,26900
29019986,219347400,219515900,219023600,219256300,313,323800,492300,232700
29019987,219268700,219457000,219254300,219387900,316,14400,202700,133600
29019988,219388400,219543400,219303800,219529900,302,84600,239600,226100
29019989,219532100,219599100,219325100,219435500,287,207000,274000,110400
29019990,219438500,219440200,219061500,219140800,320,377000,378700,79300
29019991,219139200,219228200,219015200,219138000,311,124000,213000,122800
29019992,219130100,219130100,218575300,218661500,325,554800,554800,86200
29019993,218653300,218933300,218496300,218905800,311,157000,437000,409500
29019994,218942400,219121500,218824000,218956100,313,118400,297500,132100
29019995,218956600,219139700,218697500,219076200,314,259100,442200,378700
29019996,219078600,219215900,218969600,219165300,304,109000,246300,195700
29019997,219161500,219249100,218920700,218950000,279,240800,328400,29300
29019998,218948200,218952600,218725000,218872400,303,223200,227600,147400
29019999,218922700,219162200,218849500,219080000,299,73200,312700,230500
29020000,219081000,219122700,218761400,218772200,269,319600,361300,10800
29020001,218772200,218945800,218696000,218945800,265,76200,249800,249800
29020002,218946300,219004900,218814000,218862300,221,132300,190900,48300
29020003,218840200,219042700,218635300,219042700,305,204900,407400,407400
29020004,219044100,219144400,218655300,218767100,255,388800,489100,111800
29020005,218775200,219013000,218775200,218911200,308,0,237800,136000
29020006,218911700,219315100,218890200,219263300,282,21500,424900,373100
29020007,219269300,219491800,219269300,219425800,304,0,222500,156500
29020008,219421800,219715100,219275100,219646700,300,146700,440000,371600
29020009,219646400,219698100,219495100,219590900,290,151300,203000,95800
29020010,219568800,219815100,219561900,219695600,293,6900,253200,133700
29020011,219693800,219869000,219657700,219869000,287,36100,211300,211300
29020012,219886400,220058900,219817200,220010900,303,69200,241700,193700
29020013,220011900,220087800,219875000,219998400,271,136900,212800,123400
29020014,219998500,220190800,219954900,220032500,263,43600,235900,77600
29020015,220032000,220157900,219978500,220049200,264,53500,179400,70700
29020016,220047200,220427900,220041300,220404200,297,5900,386600,362900
29020017,220387700,220559400,220381500,220541500,261,6200,177900,160000
29020018,220532000,220906800,220424800,220674200,256,107200,482000,249400
29020019,220672200,220815300,220574500,220635500,237,97700,240800,61000
29020020,220634500,220786600,220431200,220431200,316,203300,355400,0
29020021,220444600,220528300,220237000,220527000,307,207600,291300,290000
29020022,220537500,221118800,220537500,221110700,310,0,581300,573200
29020023,221086500,221358700,221004900,221358700,301,81600,353800,353800
29020024,221352900,221682300,221296000,221632900,291,56900,386300,336900
29020025,221625100,221644300,221494000,221517900,279,131100,150300,23900
29020026,221512000,222048700,221452100,221852000,291,59900,596600,399900
29020027,221849500,222001700,221677400,221742700,272,172100,324300,65300
29020028,221739800,221739800,221322900,221649100,321,416900,416900,326200
29020029,221654300,221926400,221654300,221909900,285,0,272100,255600
29020030,221912300,221914200,221572300,221691500,319,340000,341900,119200
29020031,221690600,221782900,221571000,221571000,294,119600,211900,0
29020032,221567500,221860200,221556500,221847000,288,11000,303700,290500
29020033,221843100,221977600,221803300,221835900,294,39800,174300,32600
29020034,221824100,222143900,221814500,221900400,265,9600,329400,85900
29020035,221901900,222134200,221846500,221976700,291,55400,287700,130200
29020036,221975200,221980000,221573000,221576800,287,402200,407000,3800
29020037,221577300,221730800,221379000,221527100,304,198300,351800,148100
29020038,221512400,221602000,221081400,221149600,263,431000,520600,68200
29020039,221149100,221368800,221034400,221243100,308,114700,334400,208700
29020040,221272800,221525400,221151600,221522900,302,121200,373800,371300
29020041,221508800,221516000,221292700,221321400,278,216100,223300,28700
29020042,221321900,221464900,221273300,221410500,265,48600,191600,137200
29020043,221413700,221715100,221413700,221669800,290,0,301400,256100
29020044,221675900,222319500,221675900,222229800,278,0,643600,553900
29020045,222231800,222259100,221812600,221891500,290,419200,446500,78900
29020046,221887400,222139100,221770100,221878700,292,117300,369000,108600
29020047,221877500,221878700,221631100,221851000,289,246400,247600,219900
29020048,221849400,221957100,221592200,221592200,283,257200,364900,0
29020049,221591500,221729900,221384600,221460500,273,206900,345300,75900
29020050,221458500,221698300,221433800,221664100,291,24700,264500,230300
29020051,221661200,221739400,221254600,221412500,289,406600,484800,157900
29020052,221405800,221586700,221289200,221573200,306,116600,297500,284000
29020053,221571300,221655900,221454600,221588300,277,116700,201300,133700
29020054,221591900,221632200,221288100,221304300,290,303800,344100,16200
29020055,221282500,221407800,221149400,221270300,292,133100,258400,120900
29020056,221272300,221272300,220951800,221162500,295,320500,320500,210700
29020057,221158900,221238600,220942000,221050100,310,216900,296600,108100
29020058,221044800,221270200,220786400,221237300,298,258400,483800,450900
29020059,221236700,221320300,221178000,221272800,280,58700,142300,94800
29020060,221276200,221506300,221226900,221427300,312,49300,279400,200400
29020061,221440200,221604600,221410600,221552200,294,29600,194000,141600
29020062,221548800,221872600,221482100,221786400,266,66700,390500,304300
29020063,221788200,221864100,221678000,221778600,278,110200,186100,100600
29020064,221778600,221804000,221516400,221650200,266,262200,287600,133800
29020065,221654100,221775400,221436100,221696000,306,218000,339300,259900
29020066,221695100,221843700,221354600,221454400,262,340500,489100,99800
29020067,221451800,221579500,221409000,221451900,290,42800,170500,42900
29020068,221414900,221720400,221414900,221595000,306,0,305500,180100
29020069,221592100,221759200,221554500,221673200,281,37600,204700,118700
29020070,221669800,221950200,221630900,221737500,305,38900,319300,106600
29020071,221738500,221891100,221608200,221632800,297,130300,282900,24600
29020072,221629900,221743600,221577600,221741200,288,52300,166000,163600
29020073,221736200,221830000,221644500,221756300,244,91700,185500,111800
29020074,221754300,222232700,221716100,222232700,296,38200,516600,516600
29020075,222255900,222285700,222136100,222276300,273,119800,149600,140200
29020076,222276800,222338900,222213400,222217500,225,63400,125500,4100
29020077,222215900,222309700,222176300,222178900,275,39600,133400,2600
29020078,222180900,222180900,221822900,221840000,265,358000,358000,17100
29020079,221836000,222101300,221757400,221928900,255,78600,343900,171500
29020080,221932200,222147200,221932200,222093300,280,0,215000,161100
29020081,222080700,222262000,222004300,222241900,265,76400,257700,237600
29020082,222240900,222709900,222234300,222665100,308,6600,475600,430800
29020083,222660600,222723600,222334400,222714800,276,326200,389200,380400
29020084,222714400,222832000,222344400,222473300,281,370000,487600,128900
29020085,222476000,222476000,222251700,222306300,304,224300,224300,54600
29020086,222318700,222665100,222318700,222662600,301,0,346400,343900
29020087,222656300,222778100,222636300,222719300,291,20000,141800,83000
29020088,222719200,223023700,222504300,223023700,268,214900,519400,519400
29020089,223021700,223021700,222784200,222868600,243,237500,237500,84400
29020090,222867100,222867100,222491500,222519000,302,375600,375600,27500
29020091,222519400,222669600,222464300,222581500,251,55100,205300,117200
29020092,222581000,222725000,222569500,222708400,279,11500,155500,138900
29020093,222699900,222734800,222464600,222465300,200,235300,270200,700
29020094,222464700,222493700,222348600,222480600,214,116100,145100,132000
29020095,222482000,222488600,222222700,222253100,296,259300,265900,30400
29020096,222250000,222354200,222039400,222198100,276,210600,314800,158700
29020097,222185600,222185600,221818400,221857400,294,367200,367200,39000
29020098,221851100,221948400,221759900,221828100,302,91200,188500,68200
29020099,221835400,221934700,221691600,221933200,306,143800,243100,241600
29020100,221934700,221994300,221788600,221847000,302,146100,205700,58400
29020101,221875200,221968700,221807300,221870500,284,67900,161400,63200
29020102,221873400,221969400,221795900,221802500,286,77500,173500,6600
29020103,221798700,221827500,221574700,221818400,289,224000,252800,243700
29020104,221821800,221945400,221785100,221860100,250,36700,160300,75000
29020105,221968800,222344500,221920700,222344500,297,48100,423800,423800
29020106,222349700,222513000,222270100,222504100,280,79600,242900,234000
29020107,222503300,222638100,222465700,222605800,276,37600,172400,140100
29020108,222613200,222731300,222570000,222576300,246,43200,161300,6300
29020109,222578300,222676200,222434300,222500900,248,144000,241900,66600
29020110,222496300,222511800,222079200,222158000,306,417100,432600,78800
29020111,222161200,222550800,222161200,222548300,275,0,389600,387100
29020112,222545800,222713200,222522500,222614000,277,23300,190700,91500
29020113,222621100,222755800,222590000,222654900,262,31100,165800,64900
29020114,222651100,223029800,222632900,223029800,235,18200,396900,396900
29020115,223042000,223167000,222871900,222918900,280,170100,295100,47000
29020116,222920900,223258800,222920900,223124400,294,0,337900,203500
29020117,223144500,223227200,223018300,223061200,288,126200,208900,42900
29020118,223064200,223106700,222904200,222948400,269,160000,202500,44200
29020119,222944400,222944400,222477600,222573900,278,466800,466800,96300
29020120,222576800,222792200,222552200,222752500,287,24600,240000,200300
29020121,222747100,222860700,222564300,222720200,254,182800,296400,155900
29020122,222713500,222895700,222662400,222880100,278,51100,233300,217700
29020123,222879600,222933500,222804200,222842100,261,75400,129300,37900
29020124,222840400,223036900,222786300,223025800,253,54100,250600,239500
29020125,223025300,223216400,222929400,223027500,306,95900,287000,98100
29020126,223026500,223113700,222881300,223008900,288,145200,232400,127600
29020127,223013000,223210500,223010100,223149700,282,2900,200400,139600
29020128,223142200,223300600,222979400,223286800,265,162800,321200,307400
29020129,223285100,223469500,223108800,223252300,279,176300,360700,143500
29020130,223251400,223251400,222824700,222828700,282,426700,426700,4000
29020131,222829900,222957600,222694300,222936700,256,135600,263300,242400
29020132,222938400,223207400,222915700,223207400,255,22700,291700,291700
29020133,223210700,223412900,223158300,223381200,231,52400,254600,222900
29020134,223383500,223548800,223373500,223490600,237,10000,175300,117100
29020135,223481100,223490500,223321400,223447300,289,159700,169100,125900
29020136,223446500,223521800,223318800,223408900,254,127700,203000,90100
29020137,223410700,223411700,223081900,223132100,266,328800,329800,50200
29020138,223124800,223209800,223050800,223110600,268,74000,159000,59800
29020139,223109100,223546100,223106800,223278200,310,2300,439300,171400
29020140,223295400,223416500,223116800,223123900,281,178600,299700,7100
29020141,223125900,223129500,222905100,222969600,252,220800,224400,64500
29020142,222951600,223027900,222674600,222674600,235,277000,353300,0
29020143,222663800,222683600,222490800,222490800,222,173000,192800,0
29020144,222491800,222775400,222491800,222775400,232,0,283600,283600
29020145,222770600,222801300,222539800,222616100,286,230800,261500,76300
29020146,222610800,222649500,222489900,222645800,244,120900,159600,155900
29020147,222649700,222826300,222628500,222822700,220,21200,197800,194200
29020148,222824300,223049700,222811600,222951500,224,12700,238100,139900
29020149,222952800,223384200,222951500,223383600,254,1300,432700,432100
29020150,223391800,224127100,223391800,223913100,284,0,735300,521300
29020151,223879700,223879700,223654300,223772900,220,225400,225400,118600
29020152,223766300,223879700,223586700,223843700,254,179600,293000,257000
29020153,223896100,223964900,223643700,223643700,188,252400,321200,0
29020154,223644100,223645300,223451400,223496300,208,192700,193900,44900
29020155,223505700,223739000,223389100,223391000,281,116600,349900,1900
29020156,223389100,223437400,223195200,223197400,234,193900,242200,2200
29020157,223194400,223244600,223108700,223108700,277,85700,135900,0
29020158,223084200,223160400,222957200,223001700,258,127000,203200,44500
29020159,223003100,223257600,223003100,223238700,249,0,254500,235600
29020160,223239700,223388600,223135000,223139100,186,104700,253600,4100
29020161,223146900,223220500,222809700,222809700,227,337200,410800,0
29020162,222798500,222992700,222798500,222824300,238,0,194200,25800
29020163,222826400,222847800,222658600,222664500,183,167800,189200,5900
29020164,222666900,222690800,222448700,222681200,254,218200,242100,232500
29020165,222683600,222745600,222616500,222630900,225,67100,129100,14400
29020166,222631400,222920400,222631400,222892900,239,0,289000,261500
29020167,222896600,222971900,222896600,222918200,239,0,75300,21600
29020168,222917400,223092800,222824200,223074700,252,93200,268600,250500
29020169,223076700,223195700,222983700,223092800,200,93000,212000,109100
29020170,223090700,223090700,222803900,222825900,274,286800,286800,22000
29020171,222828100,222874600,222618400,222685300,221,209700,256200,66900
29020172,222683300,222709800,222500200,222526000,191,183100,209600,25800
29020173,222527000,222589200,222384300,222472500,231,142700,204900,88200
29020174,222474000,222620500,222415900,222620500,196,58100,204600,204600
29020175,222621000,222629200,222385000,222452900,239,236000,244200,67900
29020176,222463400,222500100,222008800,222312300,276,454600,491300,303500
29020177,222327000,222624000,222318100,222577000,254,8900,305900,258900
29020178,222574700,222699800,222514300,222628700,257,60400,185500,114400
29020179,222623300,222879600,222579000,222785000,239,44300,300600,206000
29020180,222784100,222950200,222784100,222950200,234,0,166100,166100
29020181,222950800,222996100,222857700,222967600,210,93100,138400,109900
29020182,222968100,223105900,222854600,222971400,256,113500,251300,116800
29020183,222964300,222970000,222764200,222884000,216,200100,205800,119800
29020184,222881800,223058400,222841400,222862800,216,40400,217000,21400
29020185,222859500,222896100,222674600,222674600,194,184900,221500,0
29020186,222674600,222789100,222438400,222586200,194,236200,350700,147800
29020187,222585300,222781100,222568000,222711400,233,17300,213100,143400
29020188,222713900,222816700,222635500,222814300,244,78400,181200,178800
29020189,222816200,223064100,222814700,223043400,217,1500,249400,228700
29020190,223040300,223324800,223028800,223273400,250,11500,296000,244600
29020191,223267100,223357600,223034300,223357600,260,232800,323300,323300
29020192,223356400,223607400,223356400,223492700,255,0,251000,136300
29020193,223502500,223764600,223404100,223570200,233,98400,360500,166100
29020194,223572100,223645200,223352000,223517400,235,220100,293200,165400
29020195,223519400,223651900,223423400,223651900,225,96000,228500,228500
29020196,223649000,224019700,223648000,224014300,265,1000,371700,366300
29020197,224014800,224146600,224014800,224074300,267,0,131800,59500
29020198,224076300,224076300,223759300,223789800,246,317000,317000,30500
29020199,223791800,223857100,223537700,223653400,231,254100,319400,115700
29020200,223650900,223797500,223514500,223769100,261,136400,283000,254600
29020201,223758000,223940500,223674000,223723500,286,84000,266500,49500
29020202,223715600,223715600,223316300,223321700,227,399300,399300,5400
29020203,223321900,223437900,223180400,223228100,236,141500,257500,47700
29020204,223227600,223457900,223131200,223457900,227,96400,326700,326700
29020205,223467600,223645700,223467600,223589100,214,0,178100,121500
29020206,223570100,223676700,223448300,223448300,239,121800,228400,0
29020207,223440400,223477100,223314300,223454100,171,126100,162800,139800
29020208,223452600,223555600,223343800,223343800,217,108800,211800,0
29020209,223341100,223341100,223169100,223254000,173,172000,172000,84900
29020210,223241100,223313900,223207100,223313000,138,34000,106800,105900
29020211,223313900,223313900,222998400,222998400,163,315500,315500,0
29020212,222998900,223056400,222912100,223031600,232,86800,144300,119500
29020213,223033500,223033500,222814200,222940000,131,219300,219300,125800
29020214,222938600,223318300,222929500,223314400,202,9100,388800,384900
29020215,223315800,223632000,223228000,223505300,244,87800,404000,277300
29020216,223505200,223595300,223479300,223546800,172,25900,116000,67500
29020217,223544800,223544800,223302600,223326500,199,242200,242200,23900
29020218,223331900,223393300,223187000,223187000,136,144900,206300,0
29020219,223197300,223258600,223100500,223128200,195,96800,158100,27700
29020220,223129200,223323600,223115900,223117900,190,13300,207700,2000
29020221,223119800,223259600,222964200,223205800,221,155600,295400,241600
29020222,223205000,223291900,223177400,223199500,164,27600,114500,22100
29020223,223199600,223284100,223137500,223201700,108,62100,146600,64200
29020224,223199000,223199000,222944200,223050300,112,254800,254800,106100
29020225,223050500,223179800,223050500,223179800,138,0,129300,129300
29020226,223183900,223297100,223176400,223289800,108,7500,120700,113400
29020227,223288900,223288900,222900300,222900800,151,388600,388600,500
29020228,222900900,222978700,222830300,222864700,124,70600,148400,34400
29020229,222863800,222896700,222744300,222896300,58,119500,152400,152000
29020230,222896700,223287100,222896300,223285100,174,400,390800,388800
29020231,223287100,223329300,223184100,223326800,79,103000,145200,142700
29020232,223327300,223329800,223082600,223176200,109,244700,247200,93600
29020233,223175700,223327700,223116100,223135500,184,59600,211600,19400
29020234,223128900,223320000,223025700,223291700,169,103200,294300,266000
29020235,223309900,223355800,223242800,223307400,178,67100,113000,64600
29020236,223307000,223374900,223182400,223362200,156,124600,192500,179800
29020237,223359800,223438600,223230400,223296100,166,129400,208200,65700
29020238,223295600,223295600,223092800,223095200,149,202800,202800,2400
29020239,223095600,223112100,222834200,222936200,127,261400,277900,102000
29020240,222941100,223075600,222941100,223020600,145,0,134500,79500
29020241,223024600,223292100,223021500,223281000,151,3100,270600,259500
29020242,223273200,223291500,223168800,223243500,126,104400,122700,74700
29020243,223241500,223379300,223124200,223216200,142,117300,255100,92000
29020244,223217000,223308600,223144200,223244400,172,72800,164400,100200
29020245,223244000,223320500,223244000,223318100,80,0,76500,74100
29020246,223318500,223356400,223214100,223271300,85,104400,142300,57200
29020247,223270800,223302200,223245700,223247700,168,25100,56500,2000
29020248,223251600,223345700,223184100,223345700,142,67500,161600,161600
29020249,223347700,223619900,223345200,223603500,102,2500,274700,258300
29020250,223601000,223774400,223580600,223765000,171,20400,193800,184400
29020251,223765500,223813600,223644000,223719600,129,121500,169600,75600
29020252,223717600,223790700,223716900,223790300,69,700,73800,73400
29020253,223789600,223789600,223664000,223745700,96,125600,125600,81700
29020254,223748700,223928900,223747200,223921800,96,1500,181700,174600
29020255,223936800,223977600,223891000,223970600,117,45800,86600,79600
29020256,223972100,224012400,223669300,223669300,160,302800,343100,0
29020257,223678800,224245400,223659100,224211100,223,19700,586300,552000
29020258,224220500,224295500,224138300,224182200,185,82200,157200,43900
29020259,224180200,224180200,223746500,223872400,249,433700,433700,125900
29020260,223873500,224077900,223735800,223933900,269,137700,342100,198100
29020261,223932000,224172700,223803100,224017500,295,128900,369600,214400
29020262,224012600,224098200,223889700,223926200,249,122900,208500,36500
29020263,223939800,223946300,223773600,223801400,240,166200,172700,27800
29020264,223800900,223800900,223472000,223734900,261,328900,328900,262900
29020265,223733100,223735300,223377100,223478300,248,356000,358200,101200
29020266,223467600,223572100,223394500,223538800,198,73100,177600,144300
29020267,223538200,223546600,223276800,223392000,189,261400,269800,115200
29020268,223400200,223628100,223400200,223547100,252,0,227900,146900
29020269,223542100,223676100,223528300,223607300,169,13800,147800,79000
29020270,223607800,223809600,223510800,223626200,212,97000,298800,115400
29020271,223628200,223712100,223560800,223675400,213,67400,151300,114600
29020272,223670300,223674000,223553700,223636600,175,116600,120300,82900
29020273,223623800,223629900,223391600,223438600,200,232200,238300,47000
29020274,223448500,223463400,223319100,223394000,168,129400,144300,74900
29020275,223407300,223458100,223354100,223354100,191,53200,104000,0
29020276,223354100,223519400,223354100,223466100,162,0,165300,112000
29020277,223472200,223665300,223426400,223596000,175,45800,238900,169600
29020278,223591300,223604800,223457900,223462400,201,133400,146900,4500
29020279,223460800,223460800,223104400,223307700,179,356400,356400,203300
29020280,223300400,223314400,223153400,223174100,219,147000,161000,20700
29020281,223177700,223517200,223174100,223422400,170,3600,343100,248300
29020282,223421900,223499000,223373700,223438900,139,48200,125300,65200
29020283,223436500,223614200,223433900,223518300,152,2600,180300,84400
29020284,223516300,223715600,223414100,223715100,138,102200,301500,301000
29020285,223713200,223729100,223584000,223584000,160,129200,145100,0
29020286,223685400,223927600,223685400,223917900,204,0,242200,232500
29020287,223917400,223928900,223684000,223777800,178,233400,244900,93800
29020288,223775800,223879100,223762400,223874600,171,13400,116700,112200
29020289,223876600,223877100,223734000,223831700,120,142600,143100,97700
29020290,223833700,223914000,223794000,223794000,149,39700,120000,0
29020291,223794000,224034600,223794000,223971000,195,0,240600,177000
29020292,223973000,224128100,223953900,224091900,208,19100,174200,138000
29020293,224091400,224296600,223997300,224213100,198,94100,299300,215800
29020294,224211200,224235600,223996700,223996700,200,214500,238900,0
29020295,223990900,224057500,223847100,223847100,204,143800,210400,0
29020296,223847200,223958300,223810900,223836900,216,36300,147400,26000
29020297,223832000,224020700,223823300,224010300,174,8700,197400,187000
29020298,224014800,224287100,224014800,224257800,202,0,272300,243000
29020299,224258300,224786500,224258300,224676800,277,0,528200,418500
29020300,224675700,224802400,224487100,224487100,238,188600,315300,0
29020301,224499800,224671400,224395800,224589600,232,104000,275600,193800
29020302,224586800,224681500,224512500,224666200,166,74300,169000,153700
29020303,224668600,224844300,224661100,224844300,137,7500,183200,183200
29020304,224837100,224953600,224791900,224806700,233,45200,161700,14800
29020305,224806300,224974400,224576100,224867900,281,230200,398300,291800
29020306,224898300,225026900,224643700,224841500,300,254600,383200,197800
29020307,224841000,225014400,224633100,224999100,230,207900,381300,366000
29020308,224960200,225351700,224843700,224959200,261,116500,508000,115500
29020309,224964800,225096100,224702800,224710200,262,262000,393300,7400
29020310,224723700,224723700,224444400,224486000,233,279300,279300,41600
29020311,224488700,224520800,224345900,224385600,247,142800,174900,39700
29020312,224385000,224605400,224380700,224531900,200,4300,224700,151200
29020313,224531900,224635800,224455300,224455800,174,76600,180500,500
29020314,224456300,224456300,224297900,224369600,196,158400,158400,71700
29020315,224370100,224468100,224273900,224273900,154,96200,194200,0
29020316,224390100,224448500,224268200,224270600,190,121900,180300,2400
29020317,224273600,224390100,224187800,224263200,158,85800,202300,75400
29020318,224263700,224349600,224263200,224324700,144,500,86400,61500
29020319,224316400,224385900,224255700,224287300,112,60700,130200,31600
29020320,224270400,224373200,224096100,224310500,188,174300,277100,214400
29020321,224315800,224553000,224263400,224441200,250,52400,289600,177800
29020322,224436900,224517400,224308900,224482300,243,128000,208500,173400
29020323,224467300,224885600,224451900,224876400,220,15400,433700,424500
29020324,224876900,224876900,224428700,224536100,265,448200,448200,107400
29020325,224535700,224639600,224341900,224537800,266,193800,297700,195900
29020326,224523800,224637600,224134800,224169600,271,389000,502800,34800
29020327,224162400,224165700,223880300,223880700,265,282100,285400,400
29020328,223880300,224030100,223812400,223897700,275,67900,217700,85300
29020329,223892200,224032800,223767700,224014300,248,124500,265100,246600
29020330,223995500,224219200,223867700,223867700,270,127800,351500,0
29020331,223871100,224301400,223871100,224170500,272,0,430300,299400
29020332,224177500,224318800,224143900,224318800,249,33600,174900,174900
29020333,224317300,224706400,224300400,224702900,261,16900,406000,402500
29020334,224702300,224834900,224611100,224816100,273,91200,223800,205000
29020335,224815700,225326300,224742300,225261900,268,73400,584000,519600
29020336,225263400,225456800,225132900,225174800,273,130500,323900,41900
29020337,225174300,225779400,225098700,225715800,294,75600,680700,617100
29020338,225712300,225880100,225545500,225662700,280,166800,334600,117200
29020339,225676100,225680200,225353600,225370800,265,322500,326600,17200
29020340,225368900,225561900,224913700,224913700,309,455200,648200,0
29020341,225027400,225031700,224613800,224685800,285,413600,417900,72000
29020342,224681700,224739200,224346700,224459500,306,335000,392500,112800
29020343,224457100,224617100,224299200,224299200,286,157900,317900,0
29020344,224296400,224494100,224145900,224403500,295,150500,348200,257600
29020345,224404200,224468000,224192400,224353800,286,211800,275600,161400
29020346,224472000,224828300,224419800,224576100,284,52200,408500,156300
29020347,224578000,224905400,224403800,224905400,294,174200,501600,501600
29020348,224903400,225259900,224894900,225240700,274,8500,365000,345800
29020349,225238200,225447300,225153600,225447300,291,84600,293700,293700
29020350,225442500,225585000,224950500,225003700,319,492000,634500,53200
29020351,224963700,225354700,224860300,225029500,290,103400,494400,169200
29020352,225003900,225016600,224741600,224814300,286,262300,275000,72700
29020353,224807100,224848300,224639200,224722400,290,167900,209100,83200
29020354,224722900,224983600,224721400,224819600,299,1500,262200,98200
29020355,224821100,224894600,224544800,224583800,284,276300,349800,39000
29020356,224683900,224687900,224453600,224508300,301,230300,234300,54700
29020357,224518100,224761000,224420300,224761000,271,97800,340700,340700
29020358,224762900,225003700,224723900,224960100,272,39000,279800,236200
29020359,224964800,225107500,224893700,225076900,232,71100,213800,183200
29020360,225078900,225385900,225048600,225138500,241,30300,337300,89900
29020361,225138400,225316900,224922600,224932200,242,215800,394300,9600
29020362,224936900,225006600,224493300,224637400,237,443600,513300,144100
29020363,224632700,224639800,224563300,224613100,228,69400,76500,49800
29020364,224608800,224645100,224470400,224556600,250,138400,174700,86200
29020365,224556100,224770900,224289800,224593800,320,266300,481100,304000
29020366,224715200,224945000,224623900,224945000,296,91300,321100,321100
29020367,224961500,224978000,224683800,224893400,290,277700,294200,209600
29020368,224893300,224985200,224464900,224483800,304,428400,520300,18900
29020369,224483300,224612200,224363800,224534400,305,119500,248400,170600
29020370,224530900,224596800,224516300,224533900,272,14600,80500,17600
29020371,224433800,224603800,224121100,224221200,293,312700,482700,100100
29020372,224216900,224216900,223969100,224036400,304,247800,247800,67300
29020373,224034800,224238400,223973200,224109200,274,61600,265200,136000
29020374,224112700,224200600,223907000,223987300,276,205700,293600,80300
29020375,223985800,224075100,223975000,224045900,280,10800,100100,70900
29020376,223934000,224121600,223781200,223798500,257,152800,340400,17300
29020377,223789200,223874800,223594000,223874800,276,195200,280800,280800
29020378,223875200,223945200,223801100,223940000,239,74100,144100,138900
29020379,223932700,224076500,223854000,223966300,234,78700,222500,112300
29020380,223962500,223962500,223962500,223962500,2,0,0,0
29020620,230105800,230137700,229798200,229960200,290,307600,339500,162000
29020621,229883900,230446900,229837400,230446300,286,46500,609500,608900
29020622,230445700,230682000,230304900,230313400,279,140800,377100,8500
29020623,230326000,230501600,230121400,230121400,278,204600,380200,0
29020624,230123300,230172800,229861200,230140500,274,262100,311600,279300
29020625,230142500,230203000,229930500,229951800,280,212000,272500,21300
29020626,229948800,230023700,229644100,229677700,282,304700,379600,33600
29020627,229677200,229677200,229486000,229611800,290,191200,191200,125800
29020628,229615200,229644900,229454700,229556300,275,160500,190200,101600
29020629,229557400,229743100,229515400,229625500,274,42000,227700,110100
29020630,229649600,229923300,229649600,229871300,267,0,273700,221700
29020631,229862100,230039000,229780500,229931900,278,81600,258500,151400
29020632,229929700,230001000,229691200,229932500,252,238500,309800,241300
29020633,229924900,229933000,229733600,229737300,276,191300,199400,3700
29020634,229729600,229729600,229430300,229623300,267,299300,299300,193000
29020635,229629900,229998000,229629900,229997400,280,0,368100,367500
29020636,229984600,230091200,229889100,230072900,298,95500,202100,183800
29020637,230071800,230264600,230024400,230256700,275,47400,240200,232300
29020638,230265300,230265300,230092100,230211600,296,173200,173200,119500
29020639,230217500,230578700,230157500,230542800,263,60000,421200,385300
29020640,230549100,230812800,230373900,230812800,304,175200,438900,438900
29020641,230863300,231667600,230840000,231453500,316,23300,827600,613500
29020642,231514200,231547400,231144000,231238600,318,370200,403400,94600
29020643,231239600,231408500,231217000,231278800,314,22600,191500,61800
29020644,231268500,231300500,231135100,231135100,296,133400,165400,0
29020645,231134600,231134600,230817600,231038100,308,317000,317000,220500
29020646,231007500,231066000,230878000,230971600,306,129500,188000,93600
29020647,230969100,231083400,230860900,230860900,280,108200,222500,0
29020648,230837400,231291600,230695100,231250800,300,142300,596500,555700
29020649,231238200,231259700,231035500,231129700,270,202700,224200,94200
29020650,231122500,231209600,230985300,231124600,274,137200,224300,139300
29020651,231113100,231157600,230887300,231074800,288,225800,270300,187500
29020652,231076300,231766200,231076300,231724600,308,0,689900,648300
29020653,231725900,231880600,231531300,231803000,310,194600,349300,271700
29020654,231802400,231845000,231529300,231533000,310,273100,315700,3700
29020655,231529500,231602700,231359600,231575200,291,169900,243100,215600
29020656,231592800,231655000,231211000,231357000,302,381800,444000,146000
29020657,231351900,231370800,231211500,231241000,280,140400,159300,29500
29020658,231240500,231328600,231203800,231326700,295,36700,124800,122900
29020659,231324800,231424000,231205800,231418400,242,119000,218200,212600
29020660,231417800,231681600,231356800,231569200,261,61000,324800,212400
29020661,231577400,231751100,231539400,231736300,318,38000,211700,196900
29020662,231737500,231857000,231609100,231718600,283,128400,247900,109500
29020663,231718000,231786700,231651500,231777700,267,66500,135200,126200
29020664,231787600,231823300,231479800,231547100,237,307800,343500,67300
29020665,231550400,231615400,231305700,231422900,303,244700,309700,117200
29020666,231421600,231449100,231203500,231206300,289,218100,245600,2800
29020667,231208300,231394100,231141800,231394000,288,66500,252300,252200
29020668,231388600,231434700,231138300,231411000,289,250300,296400,272700
29020669,231416300,231503600,230989700,231061100,272,426600,513900,71400
29020670,231058200,231092100,230867600,230891000,288,190600,224500,23400
29020671,230892200,231179800,230817200,231179800,296,75000,362600,362600
29020672,231177500,231219800,231021200,231219800,292,156300,198600,198600
29020673,231213300,231424500,231196000,231265800,282,17300,228500,69800
29020674,231268700,231543500,231232400,231543500,270,36300,311100,311100
29020675,231547000,231688100,231448100,231648700,277,98900,240000,200600
29020676,231649900,231903900,231576500,231809400,286,73400,327400,232900
29020677,231810100,232110200,231786900,232086500,279,23200,323300,299600
29020678,232083900,232127100,231913500,231961600,257,170400,213600,48100
29020679,231961500,231983600,231502500,231503100,241,459000,481100,600
29020680,231505100,231596100,231424800,231486300,272,80300,171300,61500
29020681,231469100,231504400,231285400,231343200,301,183700,219000,57800
29020682,231344400,231365000,230923900,231083600,290,420500,441100,159700
29020683,231078800,231078800,230787900,230809500,259,290900,290900,21600
29020684,230815900,230815900,230522300,230739000,299,293600,293600,216700
29020685,230739400,230757500,230544200,230593200,284,195200,213300,49000
29020686,230571800,230571800,230251000,230288300,299,320800,320800,37300
29020687,230284100,230530000,230273800,230501000,292,10300,256200,227200
29020688,230501100,230564600,230357400,230363900,291,143700,207200,6500
29020689,230347700,230507700,230313300,230507700,279,34400,194400,194400
29020690,230505400,230623100,230487500,230609500,186,17900,135600,122000
29020691,230612800,230636300,230413200,230559500,230,199600,223100,146300
29020692,230559400,230604700,230407600,230438400,248,151800,197100,30800
29020693,230437800,230594200,230400800,230484800,236,37000,193400,84000
29020694,230482100,230616600,230401800,230616600,190,80300,214800,214800
29020695,230616000,230644100,230410500,230439700,226,205500,233600,29200
29020696,230434000,230434000,230088600,230134000,248,345400,345400,45400
29020697,230101800,230137500,229947800,230125700,276,154000,189700,177900
29020698,230127800,230239900,230040900,230196000,258,86900,199000,155100
29020699,230193800,230193800,230054500,230085300,258,139300,139300,30800
29020700,230067000,230219200,229811700,229829600,277,255300,407500,17900
29020701,229814300,229905700,229546200,229885500,262,268100,359500,339300
29020702,229881000,230154000,229795700,230085100,226,85300,358300,289400
29020703,230086800,230124400,230025100,230083600,216,61700,99300,58500
29020704,230081900,230081900,229805800,229808200,260,276100,276100,2400
29020705,229804100,229986900,229795100,229986300,249,9000,191800,191200
29020706,229985800,230144700,229903800,230044900,268,82000,240900,141100
29020707,230042600,230294100,230027400,230294100,213,15200,266700,266700
29020708,230295800,230407100,230245400,230406600,243,50400,161700,161200
29020709,230404900,230486500,230331100,230474000,200,73800,155400,142900
29020710,230480100,230488100,230264800,230270200,256,215300,223300,5400
29020711,230262700,230555400,230158000,230514600,262,104700,397400,356600
29020712,230518200,230518300,230005900,230005900,273,512300,512400,0
29020713,230007600,230092900,229909700,230069800,304,97900,183200,160100
29020714,230067600,230273500,230052600,230196700,223,15000,220900,144100
29020715,230197800,230383600,230186600,230186600,220,11200,197000,0
29020716,230185600,230232500,230101200,230190700,253,84400,131300,89500
29020717,230186800,230186800,229986500,230059000,242,200300,200300,72500
29020718,230060300,230209700,230020100,230108100,252,40200,189600,88000
29020719,230109900,230113300,229758000,229889600,260,351900,355300,131600
29020720,229891300,230083500,229891300,230016100,246,0,192200,124800
29020721,230013300,230037700,229740000,229740000,209,273300,297700,0
29020722,229740600,229886200,229653500,229659200,246,87100,232700,5700
29020723,229657000,229685400,229418500,229542400,292,238500,266900,123900
29020724,229540100,229576400,229376500,229505300,266,163600,199900,128800
29020725,229507800,229744400,229507800,229735200,237,0,236600,227400
29020726,229741400,229793600,229577800,229660500,222,163600,215800,82700
29020727,229661000,229681000,229519300,229676000,273,141700,161700,156700
29020728,229678500,229700100,229476200,229700100,231,202300,223900,223900
29020729,229701800,229785600,229699500,229777800,171,2300,86100,78300
29020730,229778400,229990100,229778400,229989900,230,0,211700,211500
29020731,229995100,230147900,229938200,230053000,207,56900,209700,114800
29020732,230054600,230083600,229968500,230064600,198,86100,115100,96100
29020733,230065200,230190500,230058600,230182400,190,6600,131900,123800
29020734,230184100,230191400,229807800,229808500,257,376300,383600,700
29020735,229804200,229808100,229573900,229644100,239,230300,234200,70200
29020736,229645900,229769200,229573800,229649700,204,72100,195400,75900
29020737,229651600,229680400,229404500,229524000,220,247100,275900,119500
29020738,229535800,229608200,229201700,229278300,253,334100,406500,76600
29020739,229278100,229323500,229129500,229321600,245,148600,194000,192100
29020740,229323500,229603300,229323500,229515100,217,0,279800,191600
29020741,229516000,229608200,229463800,229545900,203,52200,144400,82100
29020742,229546600,229588200,229469800,229548700,226,76800,118400,78900
29020743,229549200,229549200,229397800,229523800,211,151400,151400,126000
29020744,229521900,229526200,229370200,229399200,182,151700,156000,29000
29020745,229398600,229585100,229365900,229584500,205,32700,219200,218600
29020746,229571600,229591500,229472500,229590300,229,99100,119000,117800
29020747,229590200,229590900,229377800,229447700,173,212400,213100,69900
29020748,229448200,229448200,229164400,229187800,227,283800,283800,23400
29020749,229203800,229292600,228684700,228820000,280,519100,607900,135300
29020750,228827300,229348700,228827300,229348700,241,0,521400,521400
29020751,229363300,229486300,229283800,229486300,264,79500,202500,202500
29020752,229482500,229486200,229274200,229292300,248,208300,212000,18100
29020753,229283700,229426900,229278600,229401700,256,5100,148300,123100
29020754,229401600,229557300,229305100,229555500,223,96500,252200,250400
29020755,229561700,229666400,229543200,229636900,207,18500,123200,93700
29020756,229637000,229637000,229418700,229551000,233,218300,218300,132300
29020757,229551300,229684400,229547100,229639800,207,4200,137300,92700
29020758,229641500,229656400,229561000,229561000,181,80500,95400,0
29020759,229548900,229587900,229453900,229453900,197,95000,134000,0
29020760,229450500,229681900,229304100,229676200,234,146400,377800,372100
29020761,229683700,229683700,229573300,229666200,195,110400,110400,92900
29020762,229667000,230068000,229667000,229949900,225,0,401000,282900
29020763,229951800,230160300,229951800,230034000,246,0,208500,82200
29020764,230034600,230062100,229826100,229834600,189,208500,236000,8500
29020765,229836000,230008300,229790700,229986200,217,45300,217600,195500
29020766,229986800,230155800,229840200,229869500,215,146600,315600,29300
29020767,229870100,229896000,229671000,229895400,240,199100,225000,224400
29020768,229894700,229914200,229821300,229826500,204,73400,92900,5200
29020769,229834600,229854800,229690700,229824300,210,143900,164100,133600
29020770,229815500,229911400,229778400,229908300,214,37100,133000,129900
29020771,229893800,230009100,229816000,230009100,228,77800,193100,193100
29020772,230012600,230200200,229965100,230196700,246,47500,235100,231600
29020773,230180600,230180600,229730800,229742400,231,449800,449800,11600
29020774,229744300,229875800,229619100,229785700,256,125200,256700,166600
29020775,229792600,229853000,229744700,229853000,209,47900,108300,108300
29020776,229790500,229872400,229762800,229787000,179,27700,109600,24200
29020777,229777100,229777100,229488500,229571900,240,288600,288600,83400
29020778,229566900,229704500,229534000,229581900,256,32900,170500,47900
29020779,229584800,229584800,229435000,229501100,195,149800,149800,66100
29020780,229531600,229540600,229134400,229268800,286,397200,406200,134400
29020781,229275800,229435800,229201800,229289400,267,74000,234000,87600
29020782,229284400,229413900,229257200,229397500,222,27200,156700,140300
29020783,229394200,229489100,229354100,229451300,147,40100,135000,97200
29020784,229453000,229568400,229261200,229333000,174,191800,307200,71800
29020785,229341500,229353500,229076000,229235800,269,265500,277500,159800
29020786,229237000,229444000,229237000,229442400,200,0,207000,205400
29020787,229438500,229466400,229004200,229009800,212,434300,462200,5600
29020788,229008200,229093800,228929800,229062100,250,78400,164000,132300
29020789,229063800,229064700,228975200,229023400,236,88600,89500,48200
29020790,229021100,229022000,228863800,228885000,200,157300,158200,21200
29020791,228885600,228991100,228858900,228936900,244,26700,132200,78000
29020792,228938900,228938900,228751800,228805400,249,187100,187100,53600
29020793,228826600,228945100,228724200,228728500,211,102400,220900,4300
29020794,228726800,228811500,228651200,228720500,226,75600,160300,69300
29020795,228719900,228769100,228310900,228429500,273,409000,458200,118600
29020796,228412000,228499300,228144300,228357500,286,267700,355000,213200
29020797,228365400,228619400,228365400,228528900,256,0,254000,163500
29020798,228531200,228723500,228513700,228706300,232,17500,209800,192600
29020799,228704200,228761500,228632600,228702300,185,71600,128900,69700
29020800,228706100,228726100,228464500,228622000,302,241600,261600,157500
29020801,228629800,228629800,228318100,228416000,287,311700,311700,97900
29020802,228421600,228437800,228219200,228307800,275,202400,218600,88600
29020803,228271400,228407200,228112300,228212600,304,159100,294900,100300
29020804,228213200,228354700,228049900,228243100,285,163300,304800,193200
29020805,228240600,228618700,228227500,228483200,289,13100,391200,255700
29020806,228485700,228600500,228424200,228445600,249,61500,176300,21400
29020807,228441800,228552200,228412700,228552200,270,29100,139500,139500
29020808,228555700,228618600,228455500,228489100,263,100200,163100,33600
29020809,228490800,228900500,228481100,228896800,260,9700,419400,415700
29020810,228893200,228960300,228703400,228765500,283,189800,256900,62100
29020811,228766100,228766100,228582300,228596200,263,183800,183800,13900
29020812,228596800,228694600,228466500,228496700,240,130300,228100,30200
29020813,228498600,228536400,228324400,228350100,287,174200,212000,25700
29020814,228359700,228673200,228336700,228669500,283,23000,336500,332800
29020815,228667800,228749600,228589500,228749600,264,78300,160100,160100
29020816,228753500,229080800,228687900,229080800,272,65600,392900,392900
29020817,229084200,229087600,228924500,229019200,254,159700,163100,94700
29020818,229015800,229098000,228929900,229038000,260,85900,168100,108100
29020819,229038600,229239500,228994600,229140000,259,44000,244900,145400
29020820,229133000,229164700,228881100,229138500,282,251900,283600,257400
29020821,229140000,229140000,228960800,229063100,292,179200,179200,102300
29020822,229068200,229249400,229021800,229021800,259,46400,227600,0
29020823,229016600,229098400,228994200,229069200,242,22400,104200,75000
29020824,229064000,229135500,228998500,229115200,198,65500,137000,116700
29020825,229098000,229120100,228908700,228913100,232,189300,211400,4400
29020826,228907400,228992300,228819400,228921300,230,88000,172900,101900
29020827,228919400,229134500,228899000,229129800,262,20400,235500,230800
29020828,229126100,229436500,229119300,229339900,225,6800,317200,220600
29020829,229341300,229510900,229333800,229471800,269,7500,177100,138000
29020830,229465000,229572300,229378600,229539000,277,86400,193700,160400
29020831,229474500,229594600,229228800,229231600,232,245700,365800,2800
29020832,229227200,229424900,229180700,229264000,260,46500,244200,83300
29020833,229263700,229338200,229136400,229294600,248,127300,201800,158200
29020834,229292700,229309800,229104500,229177800,252,188200,205300,73300
29020835,229164800,229177300,228978500,229137500,246,186300,198800,159000
29020836,229136900,229403200,229083300,229257000,246,53600,319900,173700
29020837,229222000,229222000,229097800,229173600,179,124200,124200,75800
29020838,229173500,229236900,229072600,229224200,198,100900,164300,151600
29020839,229220300,229313400,229113300,229301500,196,107000,200100,188200
29020840,229302100,229592700,229279100,229585100,275,23000,313600,306000
29020841,229586900,229935400,229566100,229735000,273,20800,369300,168900
29020842,229751500,230043900,229691300,230043900,281,60200,352600,352600
29020843,230113600,230174700,229857900,229892500,264,255700,316800,34600
29020844,229901600,229964900,229758100,229838600,239,143500,206800,80500
29020845,229831300,229938400,229489800,229538700,299,341500,448600,48900
29020846,229538100,229542500,229180900,229378400,303,357200,361600,197500
29020847,229371500,229701700,229371500,229701700,307,0,330200,330200
29020848,229726700,229762300,229552500,229595500,266,174200,209800,43000
29020849,229594900,229652600,229462400,229464500,292,132500,190200,2100
29020850,229477300,229652000,229382500,229453800,296,94800,269500,71300
29020851,229452700,229660700,229416600,229610800,281,36100,244100,194200
29020852,229611700,229674000,229494500,229586500,256,117200,179500,92000
29020853,229582700,229798300,229537500,229771100,269,45200,260800,233600
29020854,229773100,230132300,229773100,229962000,256,0,359200,188900
29020855,229962600,230266500,229962100,230151300,282,500,304400,189200
29020856,230154400,230176400,230016200,230023100,276,138200,160200,6900
29020857,230026900,230026900,229638500,229839100,286,388400,388400,200600
29020858,229850100,229908600,229757300,229757300,270,92800,151300,0
29020859,229754200,229754200,229472600,229472600,243,281600,281600,0
29020860,229466900,229512800,229329200,229379600,321,137700,183600,50400
29020861,229379800,229382300,229039200,229077800,308,340600,343100,38600
29020862,229085500,229327400,228893100,228917100,292,192400,434300,24000
29020863,228915500,229205100,228915500,229155300,230,0,289600,239800
29020864,229152500,229265600,229032700,229205000,238,119800,232900,172300
29020865,229206700,229284700,228727400,228866200,284,479300,557300,138800
29020866,228871700,228877500,228627900,228692000,292,243800,249600,64100
29020867,228691600,228691600,228430700,228430700,269,260900,260900,0
29020868,228425600,228462000,227860500,228248100,296,565100,601500,387600
29020869,228263900,228545400,228212900,228498700,302,51000,332500,285800
29020870,228500600,228920900,228500600,228918600,298,0,420300,418000
29020871,228914700,228919600,228696700,228873100,316,218000,222900,176400
29020872,228874100,228874400,228661200,228832700,284,212900,213200,171500
29020873,228827300,228834300,228579500,228661800,304,247800,254800,82300
29020874,228666300,228789400,228552000,228564200,276,114300,237400,12200
29020875,228570600,228975100,228494900,228957700,285,75700,480200,462800
29020876,228958900,229094500,228860500,228975500,299,98400,234000,115000
29020877,228977700,229233600,228977700,229049000,276,0,255900,71300
29020878,229042700,229201000,229004000,229153200,294,38700,197000,149200
29020879,229157700,229200300,229020500,229092700,275,137200,179800,72200
29020880,229067200,229122700,228954000,229021400,268,113200,168700,67400
29020881,229021600,229269200,228939800,229149000,274,81800,329400,209200
29020882,229151900,229360700,229037600,229045200,269,114300,323100,7600
29020883,229045500,229316900,229045500,229259700,256,0,271400,214200
29020884,229261400,229272400,229063200,229095100,226,198200,209200,31900
29020885,229097000,229097000,228863200,228933600,231,233800,233800,70400
29020886,228931900,228995800,228857800,228951900,256,74100,138000,94100
29020887,228951300,228951300,228754000,228757900,258,197300,197300,3900
29020888,228756200,228758100,228388300,228391200,300,367900,369800,2900
29020889,228394000,228410200,228143400,228299600,264,250600,266800,156200
29020890,228299100,228477000,228034900,228475300,309,264200,442100,440400
29020891,228472500,228687200,228397400,228631100,288,75100,289800,233700
29020892,228633600,228761900,228538100,228702300,268,95500,223800,164200
29020893,228704800,228713600,228592200,228656600,290,112600,121400,64400
29020894,228658000,228790600,228547800,228555700,190,110200,242800,7900
29020895,228555100,228594300,228369200,228417000,284,185900,225100,47800
29020896,228410900,228618000,228361100,228604600,281,49800,256900,243500
29020897,228603000,228680400,228441100,228441600,285,161900,239300,500
29020898,228439300,228648000,228428500,228624400,271,10800,219500,195900
29020899,228608900,228714900,228596600,228666300,268,12300,118300,69700
29020900,228671500,229025900,228643200,229025900,273,28300,382700,382700
29020901,229029600,229040900,228725300,228784300,260,304300,315600,59000
29020902,228782900,228953500,228759800,228918200,249,23100,193700,158400
29020903,228918100,228949600,228766200,228863600,246,151900,183400,97400
29020904,228860700,229060600,228828200,229055800,224,32500,232400,227600
29020905,229052200,229104400,229005100,229101400,236,47100,99300,96300
29020906,229095900,229113300,228935400,228955700,202,160500,177900,20300
29020907,228951800,228957300,228649000,228781300,236,302800,308300,132300
29020908,228783800,228894900,228710400,228712400,270,73400,184500,2000
29020909,228714800,228754200,228562800,228616100,220,152000,191400,53300
29020910,228616700,228788800,228560800,228562700,252,55900,228000,1900
29020911,228563800,228752800,228439100,228657400,254,124700,313700,218300
29020912,228657300,228954100,228613900,228839500,260,43400,340200,225600
29020913,228840700,228856500,228468500,228469300,262,372200,388000,800
29020914,228473500,228605500,228414900,228414900,209,58600,190600,0
29020915,228408200,228425800,228128100,228334800,268,280100,297700,206700
29020916,228336000,228496000,228252900,228427700,258,83100,243100,174800
29020917,228426600,228439000,228259000,228406300,257,167600,180000,147300
29020918,228398900,228527000,228378700,228403000,269,20200,148300,24300
29020919,228400600,228591700,228389100,228539700,244,11500,202600,150600
29020920,228535000,228672400,228453200,228465100,272,81800,219200,11900
29020921,228457600,228513700,228104800,228256200,294,352800,408900,151400
29020922,228253200,228440900,228200800,228406600,298,52400,240100,205800
29020923,228406000,228573300,228394500,228535800,264,11500,178800,141300
29020924,228538600,228847000,228525100,228808600,262,13500,321900,283500
29020925,228808500,228923700,228714500,228715400,263,94000,209200,900
29020926,228717000,229022200,228647300,229022200,273,69700,374900,374900
29020927,229021000,229094000,228940000,228970500,276,81000,154000,30500
29020928,228964100,228979800,228801000,228953800,254,163100,178800,152800
29020929,228950600,228951800,228797600,228857100,236,153000,154200,59500
29020930,228858900,229016800,228849100,228988300,294,9800,167700,139200
29020931,228989900,229213300,228930500,229163500,274,59400,282800,233000
29020932,229164900,229327500,229147800,229274800,275,17100,179700,127000
29020933,229275100,229350200,229130700,229162800,264,144400,219500,32100
29020934,229161100,229183800,229044600,229167600,253,116500,139200,123000
29020935,229169300,229634000,229061400,229578600,300,107900,572600,517200
29020936,229586100,229901900,229512600,229766300,296,73500,389300,253700
29020937,229766800,229975000,229474000,229849500,304,292800,501000,375500
29020938,229848900,229887900,229570500,229886800,280,278400,317400,316300
29020939,229887900,229901900,229594200,229664800,287,293700,307700,70600
29020940,229672600,229672600,229382300,229568100,275,290300,290300,185800
29020941,229575500,229862500,229462600,229684900,271,112900,399900,222300
29020942,229706700,230026400,229655000,229811200,298,51700,371400,156200
29020943,229811700,229985100,229769500,229893300,308,42200,215600,123800
29020944,229897000,229910700,229772500,229909000,262,124500,138200,136500
29020945,229910700,230135100,229842800,230028500,288,67900,292300,185700
29020946,230027200,230118000,229865100,230048700,304,162100,252900,183600
29020947,230044000,230456000,230035300,230362300,306,8700,420700,327000
29020948,230363100,230588500,230135900,230584500,305,227200,452600,448600
29020949,230578000,230655500,230353800,230529500,317,224200,301700,175700
29020950,230507600,230507600,230123000,230124000,320,384600,384600,1000
29020951,230132800,230229300,230019500,230215300,318,113300,209800,195800
29020952,230215900,230561300,230192700,230530200,281,23200,368600,337500
29020953,230526700,230526700,230163800,230165300,288,362900,362900,1500
29020954,230154200,230287400,230082400,230240800,275,71800,205000,158400
29020955,230245000,230250000,229982500,230014900,297,262500,267500,32400
29020956,230012600,230098400,229761900,229816700,297,250700,336500,54800
29020957,229819200,230038500,229819200,229979300,294,0,219300,160100
29020958,229982300,229982700,229790200,229916000,276,192100,192500,125800
29020959,229915500,229915500,229531600,229695800,260,383900,383900,164200
29020960,229702800,229865600,229558000,229822200,294,144800,307600,264200
29020961,229815700,229893700,229675700,229762500,271,140000,218000,86800
29020962,229760100,230017900,229649300,230002100,236,110800,368600,352800
29020963,230003600,230003600,229857800,229958800,228,145800,145800,101000
29020964,229960700,229974000,229632500,229849000,259,328200,341500,216500
29020965,229858000,230053800,229844000,229951600,267,14000,209800,107600
29020966,229957100,230146500,229857500,230142600,270,99600,289000,285100
29020967,230188800,230191000,230009500,230021400,227,179300,181500,11900
29020968,230021000,230047600,229905700,229940200,189,115300,141900,34500
29020969,229918400,229959000,229592500,229793600,165,325900,366500,201100
29020970,229797200,230019600,229771400,229771400,190,25800,248200,0
29020971,229778200,229836600,229649800,229812900,211,128400,186800,163100
29020972,229818200,229978300,229761200,229779200,224,57000,217100,18000
29020973,229784300,229855600,229564200,229629800,181,220100,291400,65600
29020974,229631000,229662700,229492500,229560200,166,138500,170200,67700
29020975,229561900,229639600,229535600,229606100,216,26300,104000,70500
29020976,229608000,229655500,229467700,229609800,205,140300,187800,142100
29020977,229609300,229707700,229568000,229593800,165,41300,139700,25800
29020978,229594400,229656500,229568600,229573100,176,25800,87900,4500
29020979,229569000,229569000,229443800,229538400,149,125200,125200,94600
29020980,229540100,229680600,229339000,229417200,264,201100,341600,78200
29020981,229417100,229418800,228975500,228975500,278,441600,443300,0
29020982,228957400,228964600,228692800,228779800,274,264600,271800,87000
29020983,228772600,228863800,228529500,228658200,308,243100,334300,128700
29020984,228659900,228761800,228593100,228681200,264,66800,168700,88100
29020985,228683000,228713200,228495600,228635100,276,187400,217600,139500
29020986,228634700,228943800,228595400,228943200,263,39300,348400,347800
29020987,228944400,229043200,228716500,228789200,296,227900,326700,72700
29020988,228790900,228994700,228790900,228993000,253,0,203800,202100
29020989,228992400,229111800,228894200,229111800,260,98200,217600,217600
29020990,229116400,229303200,229085500,229303200,253,30900,217700,217700
29020991,229304900,229309400,229158300,229222400,234,146600,151100,64100
29020992,229194500,229448300,229176300,229408100,257,18200,272000,231800
29020993,229417700,229627300,229414500,229511300,236,3200,212800,96800
29020994,229510000,229535500,229328400,229395900,217,181600,207100,67500
29020995,229406300,229593300,229394500,229456900,264,11800,198800,62400
29020996,229458900,229500800,229401600,229447200,254,57300,99200,45600
29020997,229451600,229779300,229447200,229770200,266,4400,332100,323000
29020998,229770300,229863300,229741900,229815600,203,28400,121400,73700
29020999,229816200,229870500,229785800,229807400,189,30400,84700,21600
29021000,229807900,229878100,229720500,229760500,252,87400,157600,40000
29021001,229825600,229866100,229793500,229848000,189,32100,72600,54500
29021002,229849100,229851000,229554500,229714400,178,294600,296500,159900
29021003,229720100,229850900,229691700,229814600,209,28400,159200,122900
29021004,229804300,229910100,229781200,229906500,204,23100,128900,125300
29021005,229905900,230066400,229903500,229949100,260,2400,162900,45600
29021006,230016900,230113300,229955900,230050600,208,61000,157400,94700
29021007,230054200,230077800,229954500,230061900,172,99700,123300,107400
29021008,230058800,230058800,229899700,229899700,179,159100,159100,0
29021009,229898000,230098400,229885200,230082600,122,12800,213200,197400
29021010,230040800,230224700,229951500,230045200,254,89300,273200,93700
29021011,230045800,230094600,229824700,229833200,270,221100,269900,8500
29021012,229837300,230009500,229754500,229959200,218,82800,255000,204700
29021013,229951000,230172600,229848600,229878600,278,102400,324000,30000
29021014,229878700,229878700,229602500,229717200,233,276200,276200,114700
29021015,229717100,229717100,229567700,229598000,229,149400,149400,30300
29021016,229599100,229734800,229582500,229730100,213,16600,152300,147600
29021017,229729600,229840700,229659800,229756900,183,69800,180900,97100
29021018,229757500,229757500,229551300,229564500,242,206200,206200,13200
29021019,229565100,229565100,229301500,229392800,255,263600,263600,91300
29021020,229392200,229495800,229391700,229432100,184,500,104100,40400
29021021,229432700,229593200,229424700,229424700,151,8000,168500,0
29021022,229425300,229547100,229423200,229458300,185,2100,123900,35100
29021023,229464800,229595500,229461900,229589000,170,2900,133600,127100
29021024,229588400,229809300,229588400,229806800,142,0,220900,218400
29021025,229806200,229976000,229663800,229918400,212,142400,312200,254600
29021026,229918200,229962700,229652500,229652500,244,265700,310200,0
29021027,229651900,229767600,229600500,229741600,211,51400,167100,141100
29021028,229726600,229872100,229693200,229851300,214,33400,178900,158100
29021029,229859800,230089000,229857900,229968300,228,1900,231100,110400
29021030,229966600,229968100,229822400,229890800,246,144200,145700,68400
29021031,229886800,229924300,229754000,229829900,223,132800,170300,75900
29021032,229829100,229841800,229761900,229799800,171,67200,79900,37900
29021033,229800400,229800400,229584500,229710500,176,215900,215900,126000
29021034,229711100,229777200,229674500,229740200,191,36600,102700,65700
29021035,229740800,229888700,229740800,229833700,184,0,147900,92900
29021036,229843800,229875500,229791200,229868700,179,52600,84300,77500
29021037,229877000,229877000,229621600,229657300,181,255400,255400,35700
29021038,229647600,229677400,229592300,229611400,183,55300,85100,19100
29021039,229609700,229889000,229609700,229889000,171,0,279300,279300
29021040,229888400,229968300,229866700,229911000,244,21700,101600,44300
29021041,229913900,230006200,229484900,229484900,240,429000,521300,0
29021042,229484400,229520900,229335700,229396900,275,148700,185200,61200
29021043,229366700,229403100,229176100,229299400,282,190600,227000,123300
29021044,229287500,229287500,229151100,229232800,238,136400,136400,81700
29021045,229236700,229236700,229057900,229058400,237,178800,178800,500
29021046,229060200,229060200,228497300,228498600,285,562900,562900,1300
29021047,228502100,228653000,228336200,228550900,312,165900,316800,214700
29021048,228537700,228977600,228537700,228977600,276,0,439900,439900
29021049,228978300,229160000,228787800,228990900,295,190500,372200,203100
29021050,228992800,228992800,228667300,228857200,281,325500,325500,189900
29021051,228865800,228963700,228801100,228908500,250,64700,162600,107400
29021052,228910700,228991900,228685400,228685400,260,225300,306500,0
29021053,228676600,228806400,228606000,228787500,240,70600,200400,181500
29021054,228784700,228908100,228691900,228796800,234,92800,216200,104900
29021055,228802000,228899500,228688000,228689600,295,114000,211500,1600
29021056,228691500,228697900,228379500,228519500,310,312000,318400,140000
29021057,228513900,228593000,228181600,228419800,304,332300,411400,238200
29021058,228420500,228453700,228001600,228049500,301,418900,452100,47900
29021059,228056400,228361100,227981000,228361100,313,75400,380100,380100
29021060,228359400,228384900,228128300,228355200,304,231100,256600,226900
29021061,228358000,228455000,228255000,228255000,270,103000,200000,0
29021062,228256700,228256700,227873100,228062700,316,383600,383600,189600
29021063,228061900,228281600,227803000,228190700,310,258900,478600,387700
29021064,228181500,228442900,228001700,228399500,294,179800,441200,397800
29021065,228401400,228589000,228390200,228587800,309,11200,198800,197600
29021066,228584400,228714600,228493200,228535700,236,91200,221400,42500
29021067,228538200,228604700,228333800,228427500,300,204400,270900,93700
29021068,228428100,228714200,228414600,228616400,270,13500,299600,201800
29021069,228615800,228815500,228600500,228688300,259,15300,215000,87800
29021070,228679100,228815800,228551900,228598300,312,127200,263900,46400
29021071,228599500,228698900,228266300,228268200,283,333200,432600,1900
29021072,228265200,228458600,228197300,228341100,292,67900,261300,143800
29021073,228329100,228455200,228202900,228354000,312,126200,252300,151100
29021074,228348300,228463900,228285100,228400100,295,63200,178800,115000
29021075,228403000,228473600,228016500,228084100,310,386500,457100,67600
29021076,228085400,228301900,227965600,227965600,317,119800,336300,0
29021077,227958900,228009800,227437700,227516400,321,521200,572100,78700
29021078,227536500,227819400,227522400,227780500,307,14100,297000,258100
29021079,227781700,227822900,227241900,227256300,306,539800,581000,14400
29021080,227235200,227301200,226837200,227301200,333,398000,464000,464000
29021081,227296100,227605100,227269500,227423600,327,26600,335600,154100
29021082,227422100,227637600,227319000,227319000,313,103100,318600,0
29021083,227314100,227397900,227173100,227312600,310,141000,224800,139500
29021084,227322600,227484400,227224400,227323400,297,98200,260000,99000
29021085,227322100,227415300,227157700,227321600,312,164400,257600,163900
29021086,227321000,227437500,227102500,227125700,312,218500,335000,23200
29021087,227102900,227102900,226840100,226974400,310,262800,262800,134300
29021088,226950500,227010500,226508500,226649800,317,442000,502000,141300
29021089,226647100,226709000,226108100,226225100,325,539000,600900,117000
29021090,226220500,226673700,226191100,226633600,330,29400,482600,442500
29021091,226638000,226786900,226332700,226456100,316,305300,454200,123400
29021092,226458100,226847800,226448200,226813000,320,9900,399600,364800
29021093,226814800,226827900,226646100,226719100,302,168700,181800,73000
29021094,226718000,226808300,226357700,226426200,307,360300,450600,68500
29021095,226434100,226728000,226418900,226728000,289,15200,309100,309100
29021096,226725500,226981900,226720500,226981900,244,5000,261400,261400
29021097,226980300,226981000,226617400,226878100,298,362900,363600,260700
29021098,226864000,226963500,226813100,226842200,284,50900,150400,29100
29021099,226841400,227103600,226837400,226887500,262,4000,266200,50100
29021100,226887400,227370500,226826500,227350400,307,60900,544000,523900
29021101,227349500,227379800,227036800,227036800,292,312700,343000,0
29021102,227032600,227219800,226849500,227199800,306,183100,370300,350300
29021103,227198100,227226600,226915300,227178100,304,282800,311300,262800
29021104,227170000,227171900,226859800,226859800,312,310200,312100,0
29021105,226855900,226865600,226677800,226841600,301,178100,187800,163800
29021106,226842100,226850800,226565800,226697700,289,276300,285000,131900
29021107,226702700,226808800,226477900,226788100,286,224800,330900,310200
29021108,226789000,227052600,226789000,227023700,282,0,263600,234700
29021109,227028100,227220800,226893200,226983700,300,134900,327600,90500
29021110,226981700,227102400,226959800,226994200,292,21900,142600,34400
29021111,226989900,227111200,226847100,226847100,258,142800,264100,0
29021112,226848100,227323100,226787600,227205000,291,60500,535500,417400
29021113,227203300,227247700,227012400,227015600,294,190900,235300,3200
29021114,227022400,227259200,227007800,227186000,294,14600,251400,178200
29021115,227194700,227487200,227194700,227465600,317,0,292500,270900
29021116,227462500,227603300,227197400,227281600,285,265100,405900,84200
29021117,227284100,227417200,227257000,227310600,307,27100,160200,53600
29021118,227299600,227299600,226907800,226909500,300,391800,391800,1700
29021119,226910600,226970600,226508700,226639700,291,401900,461900,131000
29021120,226630000,226630000,226181400,226373100,310,448600,448600,191700
29021121,226384900,226419200,225889200,226105200,315,495700,530000,216000
29021122,226101300,226343300,225987400,226279100,317,113900,355900,291700
29021123,226266000,226426300,226033400,226371400,307,232600,392900,338000
29021124,226375000,226551500,226060400,226060400,319,314600,491100,0
29021125,226040500,226235100,225964900,226085600,316,75600,270200,120700
29021126,226083300,226429700,226078300,226116400,300,5000,351400,38100
29021127,226118400,226227300,226098800,226131500,306,19600,128500,32700
29021128,226135400,226138100,225606200,225737800,284,529200,531900,131600
29021129,225742400,225940500,225301000,225886500,305,441400,639500,585500
29021130,225873200,226819000,225873200,226569900,323,0,945800,696700
29021131,226551900,226558200,226142400,226142400,320,409500,415800,0
29021132,226135400,226138300,225543800,225702400,320,591600,594500,158600
29021133,225706100,226154200,225706100,226148100,327,0,448100,442000
29021134,226157500,226476000,226134800,226392400,314,22700,341200,257600
29021135,226390400,226484900,226171200,226208800,313,219200,313700,37600
29021136,226207800,226504400,226195900,226298800,300,11900,308500,102900
29021137,226296900,226537800,226296900,226359600,303,0,240900,62700
29021138,226360300,226644900,226360300,226581500,300,0,284600,221200
29021139,226581300,226581500,226093400,226169400,296,487900,488100,76000
29021140,226170500,226248700,225945000,225990800,313,225500,303700,45800
29021141,226002800,226167400,225833500,226045400,311,169300,333900,211900
29021142,226047000,226081600,225813900,225981200,276,233100,267700,167300
29021143,225906100,225988500,225712700,225733800,288,193400,275800,21100
29021144,225733300,225797500,225363600,225478400,256,369700,433900,114800
29021145,225484200,225664100,225480200,225664100,311,4000,183900,183900
29021146,225664600,225664600,225209700,225496300,318,454900,454900,286600
29021147,225499800,225698800,225325600,225688100,322,174200,373200,362500
29021148,225691100,225691100,225303600,225382500,283,387500,387500,78900
29021149,225378900,225876000,225341500,225876000,318,37400,534500,534500
29021150,225878200,226037000,225484500,225484500,304,393700,552500,0
29021151,225473600,225637100,225404600,225604500,295,69000,232500,199900
29021152,225601200,225869700,225482100,225634200,288,119100,387600,152100
29021153,225616700,225620200,225498300,225611000,258,118400,121900,112700
29021154,225615000,225627500,225414400,225493700,257,200600,213100,79300
29021155,225498900,225538500,225018400,225174400,273,480500,520100,156000
29021156,225176400,225235900,224811500,224904600,294,364900,424400,93100
29021157,224902900,225166300,224872300,225110200,318,30600,294000,237900
29021158,225135800,225240600,224948200,224948200,303,187600,292400,0
29021159,224951300,225022500,224513200,224748000,318,438100,509300,234800
29021160,224740500,224882000,224375100,224578400,314,365400,506900,203300
29021161,224571800,224691600,224268700,224304300,320,303100,422900,35600
29021162,224306000,224729800,224272900,224660700,310,33100,456900,387800
29021163,224654900,224852200,224618000,224835100,307,36900,234200,217100
29021164,224820400,225050800,224752100,225016900,284,68300,298700,264800
29021165,224997700,225055600,224619900,224619900,305,377800,435700,0
29021166,224611000,224657300,224313900,224649300,298,297100,343400,335400
29021167,224647800,224827800,224500500,224738900,281,147300,327300,238400
29021168,224733000,225064600,224613800,224968300,308,119200,450800,354500
29021169,224986800,225032300,224839800,224922100,298,147000,192500,82300
29021170,224919600,224919600,224646000,224730000,311,273600,273600,84000
29021171,224730700,224769400,224551700,224755000,296,179000,217700,203300
29021172,224754900,224877500,224635000,224647800,292,119900,242500,12800
29021173,224643600,224804400,224563800,224797100,261,79800,240600,233300
29021174,224796200,224924600,224648400,224752800,284,147800,276200,104400
29021175,224750800,224763600,224614400,224663600,238,136400,149200,49200
29021176,224664500,225070400,224664500,224973100,298,0,405900,308600
29021177,224980100,225351000,224943200,225328000,297,36900,407800,384800
29021178,225345200,225373800,225113700,225254100,282,231500,260100,140400
29021179,225256400,225731200,225255200,225730300,308,1200,476000,475100
29021180,225729800,225763700,225406400,225502400,235,323400,357300,96000
29021181,225499400,225499400,225151100,225471600,269,348300,348300,320500
29021182,225466100,225473600,225188800,225208000,283,277300,284800,19200
29021183,225222400,225334600,225170700,225315800,221,51700,163900,145100
29021184,225313900,225477000,225213600,225302200,272,100300,263400,88600
29021185,225300300,225535600,225284200,225533800,259,16100,251400,249600
29021186,225533700,225542500,225286100,225306600,254,247600,256400,20500
29021187,225314000,225364500,225170800,225187900,260,143200,193700,17100
29021188,225183700,225269800,225151800,225179300,261,31900,118000,27500
29021189,225179800,225284600,225098400,225245400,265,81400,186200,147000
29021190,225253700,225470000,224781600,225454400,312,472100,688400,672800
29021191,225446700,225775400,224228400,224280000,336,1218300,1547000,51600
29021192,224292000,224379400,223512900,223723200,311,779100,866500,210300
29021193,223739000,223739000,221985500,222468500,332,1753500,1753500,483000
29021194,222488700,223122800,222260900,222737500,329,227800,861900,476600
29021195,222720100,222720100,222007300,222222900,334,712800,712800,215600
29021196,222254200,222254200,221225400,221623200,336,1028800,1028800,397800
29021197,221626300,222051900,221362200,221898900,320,264100,689700,536700
29021198,221886400,222740500,221642400,222496100,328,244000,1098100,853700
29021199,222527600,222567800,222178400,222324300,330,349200,389400,145900
29021200,222310800,222432300,221788000,221961300,318,522800,644300,173300
29021201,221976500,221976500,221158100,221417900,322,818400,818400,259800
29021202,221452000,221778500,221402500,221718700,328,49500,376000,316200
29021203,221721200,222259200,221674000,221680900,322,47200,585200,6900
29021204,221685500,221854800,221484600,221649400,319,200900,370200,164800
29021205,221656300,222050800,221576000,221750200,327,80300,474800,174200
29021206,221755700,221972700,221362900,221904200,331,392800,609800,541300
29021207,221900100,222144500,221829300,222120100,334,70800,315200,290800
29021208,222117400,222375000,221773300,221836500,320,344100,601700,63200
29021209,221852200,222463200,221833600,222291200,314,18600,629600,457600
29021210,222309100,223389000,222285600,223340700,322,23500,1103400,1055100
29021211,223325400,223717800,223235900,223325200,328,89500,481900,89300
29021212,223320300,223393100,223161800,223308900,326,158500,231300,147100
29021213,223289600,223340300,222863500,222863500,316,426100,476800,0
29021214,222856100,222856100,222528200,222736600,287,327900,327900,208400
29021215,222740100,223041100,222644100,222716800,329,96000,397000,72700
29021216,222727100,222842000,222430500,222491500,320,296600,411500,61000
29021217,222518600,222642100,222206000,222642100,325,312600,436100,436100
29021218,222634500,222662200,222166400,222267200,326,468100,495800,100800
29021219,222268100,222612200,222231800,222582800,316,36300,380400,351000
29021220,222599300,223288000,222319900,223087700,325,279400,968100,767800
29021221,223113900,223288600,222735100,222769300,332,378800,553500,34200
29021222,222766300,222913200,222601700,222789900,326,164600,311500,188200
29021223,222800200,223373200,222698900,223321800,326,101300,674300,622900
29021224,223329500,223747600,223326600,223487500,328,2900,421000,160900
29021225,223480500,223640300,223403300,223432600,326,77200,237000,29300
29021226,223428800,224323200,223428800,224323200,332,0,894400,894400
29021227,224342700,225070000,224186700,224846800,330,156000,883300,660100
29021228,224856000,225681300,224740100,225355300,332,115900,941200,615200
29021229,225349600,225796700,225168000,225389300,327,181600,628700,221300
29021230,225367200,225401200,224687100,224729500,328,680100,714100,42400
29021231,224736300,225408000,224625700,225367800,328,110600,782300,742100
29021232,225392900,225464000,225082600,225168100,326,310300,381400,85500
29021233,225142000,225393500,225031200,225119300,332,110800,362300,88100
29021234,225117400,225180300,224907400,224970600,316,210000,272900,63200
29021235,224967100,225488400,224864400,225370600,326,102700,624000,506200
29021236,225358200,226117000,225247500,225925600,323,110700,869500,678100
29021237,225963200,226359600,225874300,226359600,332,88900,485300,485300
29021238,226363200,226978900,226363200,226417800,329,0,615700,54600
29021239,226416900,226522500,226113800,226192400,328,303100,408700,78600
29021240,226197800,226455700,226076900,226076900,324,120900,378800,0
29021241,226074000,226182400,226012700,226148400,312,61300,169700,135700
29021242,226156300,226269300,226068400,226201200,310,87900,200900,132800
29021243,226187000,226187000,225628400,225682300,295,558600,558600,53900
29021244,225675400,225845100,225614700,225835000,321,60700,230400,220300
29021245,225820400,225959100,225499300,225581500,302,321100,459800,82200
29021246,225553200,225658700,224991700,225197900,314,561500,667000,206200
29021247,225190900,225510300,224932900,225510300,314,258000,577400,577400
29021248,225493900,225819400,225313600,225818700,314,180300,505800,505100
29021249,225821600,225980200,225800500,225950400,298,21100,179700,149900
29021250,225959100,225992900,225560900,225586100,304,398200,432000,25200
29021251,225578600,225936300,225473300,225674400,315,105300,463000,201100
29021252,225655300,225733300,225336100,225578200,324,319200,397200,242100
29021253,225554700,225761700,225418200,225505600,303,136500,343500,87400
29021254,225505100,225771100,225419100,225765200,313,86000,352000,346100
29021255,225768200,225972000,225480500,225972000,322,287700,491500,491500
29021256,225972800,226342100,225960000,226246200,320,12800,382100,286200
29021257,226202500,226681200,226112100,226550900,316,90400,569100,438800
29021258,226549200,226612600,226389100,226528200,309,160100,223500,139100
29021259,226550200,227295800,226492600,227206700,328,57600,803200,714100
29021260,227202500,227590000,227138300,227333100,322,64200,451700,194800
29021261,227347300,227368800,226717800,226979000,312,629500,651000,261200
29021262,226980600,227077300,226633700,226769600,300,346900,443600,135900
29021263,226775200,226847000,226613300,226679100,296,161900,233700,65800
29021264,226680400,226878000,226612700,226790500,300,67700,265300,177800
29021265,226788800,226982700,226618900,226618900,308,169900,363800,0
29021266,226613500,226759600,226259500,226379200,308,354000,500100,119700
29021267,226381400,226383400,226037300,226050500,317,344100,346100,13200
29021268,226063200,226442600,225973400,226405900,321,89800,469200,432500
29021269,226399000,226482500,226203400,226220800,319,195600,279100,17400
29021270,226225600,226251500,225802900,225813800,299,422700,448600,10900
29021271,225818700,225994800,225624900,225885600,307,193800,369900,260700
29021272,225885800,226041300,225832800,225909400,286,53000,208500,76600
29021273,225915400,226068400,225793800,225923700,314,121600,274600,129900
29021274,225916400,225978100,225382300,225577000,294,534100,595800,194700
29021275,225574600,225574600,225259700,225478300,310,314900,314900,218600
29021276,225478400,225523200,225296100,225400400,306,182300,227100,104300
29021277,225397400,225820400,225397400,225783600,302,0,423000,386200
29021278,225772600,225828400,225656800,225678300,289,115800,171600,21500
29021279,225680300,225914800,225680300,225863800,293,0,234500,183500
29021280,225865800,226163900,225807100,225807100,302,58700,356800,0
29021281,225808800,226094400,225802000,225861100,306,6800,292400,59100
29021282,225856600,226275200,225735300,226275200,322,121300,539900,539900
29021283,226257000,226578400,226043400,226578400,300,213600,535000,535000
29021284,226581100,226587800,225983400,226078900,305,597700,604400,95500
29021285,226077300,226121200,225843800,225962300,310,233500,277400,118500
29021286,225959600,225971100,225673500,225893300,311,286100,297600,219800
29021287,225890800,225900700,225583500,225743700,302,307300,317200,160200
29021288,225723100,226246500,225667700,226222400,312,55400,578800,554700
29021289,226216900,226670700,226216900,226619200,307,0,453800,402300
29021290,226605200,226606700,226082100,226082100,314,523100,524600,0
29021291,226089400,226113100,225885900,225948200,310,203500,227200,62300
29021292,225973200,226002100,225728300,225755300,309,244900,273800,27000
29021293,225758600,225834600,225638300,225665900,295,120300,196300,27600
29021294,225664300,225696700,225436300,225692600,305,228000,260400,256300
29021295,225688200,225775400,225342700,225367100,299,345500,432700,24400
29021296,225369800,225631200,225173600,225513300,306,196200,457600,339700
29021297,225514900,225715200,225494600,225696700,314,20300,220600,202100
29021298,225697400,226106900,225613500,226059700,305,83900,493400,446200
29021299,226072100,226090100,225743500,225845400,292,328600,346600,101900
29021300,225837800,225901800,225445800,225518200,321,392000,456000,72400
29021301,225511300,225639800,225251600,225255600,302,259700,388200,4000
29021302,225254000,225254000,224326000,224587300,308,928000,928000,261300
29021303,224576800,224792200,224326800,224748700,330,250000,465400,421900
29021304,224744800,224898500,224673000,224875300,318,71800,225500,202300
29021305,224870800,224969600,224719600,224872900,318,151200,250000,153300
29021306,224829900,224831700,223874000,224112300,312,955900,957700,238300
29021307,224100400,224206100,223966200,224185600,314,134200,239900,219400
29021308,224183600,224194900,223829000,223829000,316,354600,365900,0
29021309,223848700,224613500,223714600,224511100,324,134100,898900,796500
29021310,224508600,225100100,224492700,224667100,330,15900,607400,174400
29021311,224666100,224791800,224376600,224579400,328,289500,415200,202800
29021312,224572000,224799500,224354000,224773900,324,218000,445500,419900
29021313,224775300,224844300,224380300,224700400,328,395000,464000,320100
29021314,224700900,224998300,224616200,224931500,332,84700,382100,315300
29021315,224956400,225063700,224628000,224693600,330,328400,435700,65600
29021316,224692800,224967600,224434900,224469900,326,257900,532700,35000
29021317,224466900,224466900,224029200,224184300,322,437700,437700,155100
29021318,224197700,224213800,223875000,224131800,315,322700,338800,256800
29021319,224135200,224167200,223794000,223919000,322,341200,373200,125000
29021320,223920000,224155000,223729000,224155000,328,191000,426000,426000
29021321,224159400,224279300,223894000,224228600,320,265400,385300,334600
29021322,224225600,224338100,224128300,224251000,288,97300,209800,122700
29021323,224246000,224281200,223851600,223953700,312,394400,429600,102100
29021324,223936600,224076400,223871400,224072100,316,65200,205000,200700
29021325,224068800,224386400,224052400,224381900,312,16400,334000,329500
29021326,224382400,224617000,224213900,224614800,310,168500,403100,400900
29021327,224608900,224656000,224321200,224545000,293,287700,334800,223800
29021328,224547900,224604400,224273900,224482300,302,274000,330500,208400
29021329,224456700,224456700,224161000,224287200,301,295700,295700,126200
29021330,224299100,224299100,224041800,224136400,310,257300,257300,94600
29021331,224138200,224232900,223651400,223658600,308,486800,581500,7200
29021332,223677800,223829300,223485700,223700200,314,192100,343600,214500
29021333,223688600,223807600,223189800,223216200,311,498800,617800,26400
29021334,223217800,223316900,223107800,223310000,291,110000,209100,202200
29021335,223307300,223307300,222930300,223143600,310,377000,377000,213300
29021336,223150600,223237200,222904200,223236700,318,246400,333000,332500
29021337,223237200,223238200,222671100,222698500,319,566100,567100,27400
29021338,222683100,222876100,222526400,222563300,312,156700,349700,36900
29021339,222559900,222650400,222123200,222314900,309,436700,527200,191700
29021340,222316300,222484400,221878800,222455300,324,437500,605600,576500
29021341,222426500,222471900,221380600,221482700,326,1045900,1091300,102100
29021342,221483800,221802600,221354300,221418000,326,129500,448300,63700
29021343,221421100,221545000,220629700,220649700,314,791400,915300,20000
29021344,220652700,220968400,220590200,220853800,322,62500,378200,263600
29021345,220824800,221126700,220673500,220952900,330,151300,453200,279400
29021346,220940700,221121000,220510900,220823700,322,429800,610100,312800
29021347,220812400,221396500,220652000,221061200,328,160400,744500,409200
29021348,221037400,221110100,220823900,220886600,326,213500,286200,62700
29021349,220904700,221084300,220676300,221005700,328,228400,408000,329400
29021350,221015800,221476100,220987500,221276100,324,28300,488600,288600
29021351,221263200,221749900,221191800,221576500,326,71400,558100,384700
29021352,221558800,221558800,221176900,221244600,310,381900,381900,67700
29021353,221256500,221480800,221158400,221480800,302,98100,322400,322400
29021354,221483200,221611700,221364600,221502900,315,118600,247100,138300
29021355,221498300,221782600,221484000,221782600,332,14300,298600,298600
29021356,221783300,221786700,221377400,221625600,321,405900,409300,248200
29021357,221627600,221629600,221080900,221256400,324,546700,548700,175500
29021358,221258600,221551400,220850200,221524400,323,408400,701200,674200
29021359,221509100,221661400,221348400,221567500,321,160700,313000,219100
29021360,221562500,221964800,221557500,221922200,324,5000,407300,364700
29021361,221923900,221993100,221771300,221884700,314,152600,221800,113400
29021362,221891600,222255000,221891600,222183400,314,0,363400,291800
29021363,222199000,222270800,222068800,222108000,302,130200,202000,39200
29021364,222103100,222141900,221804500,221926900,289,298600,337400,122400
29021365,221925400,221937700,221599700,221895400,299,325700,338000,295700
29021366,221893400,221996000,221770700,221923500,304,122700,225300,152800
29021367,221922500,221922500,221309400,221431700,300,613100,613100,122300
29021368,221416000,221454600,221124700,221444900,303,291300,329900,320200
29021369,221460700,221798300,221460200,221680000,308,500,338100,219800
29021370,221685000,221999400,221621400,221990800,315,63600,378000,369400
29021371,221990200,222119900,221504200,221504200,323,486000,615700,0
29021372,221506100,221520600,221048200,221404800,327,457900,472400,356600
29021373,221389700,221471800,221116600,221168100,289,273100,355200,51500
29021374,221176000,221176000,220774700,220900400,318,401300,401300,125700
29021375,220903600,221015200,219740000,219740000,306,1163600,1275200,0
29021376,219749000,219953800,218766600,219119000,320,982400,1187200,352400
29021377,219097700,219480400,218991400,219399800,320,106300,489000,408400
29021378,219340500,219630200,218944600,219598900,319,395900,685600,654300
29021379,219565200,219720800,219372800,219488700,324,192400,348000,115900
29021380,219494800,219780000,219316400,219734400,321,178400,463600,418000
29021381,219728700,219816600,219386400,219571800,321,342300,430200,185400
29021382,219607900,219620800,219368800,219471600,325,239100,252000,102800
29021383,219476600,219616700,219354700,219593200,294,121900,262000,238500
29021384,219594900,219597400,219150000,219303100,301,444900,447400,153100
29021385,219299100,219303200,218420800,218512600,322,878300,882400,91800
29021386,218510700,218677300,218280000,218664600,321,230700,397300,384600
29021387,218647200,218647200,217906700,218274400,320,740500,740500,367700
29021388,218304700,218674900,218075400,218594500,322,229300,599500,519100
29021389,218606200,218651000,218119800,218318300,318,486400,531200,198500
29021390,218317200,218429900,218105200,218293000,324,212000,324700,187800
29021391,218269500,218578200,217816100,218570900,316,453400,762100,754800
29021392,218564200,218610400,218329800,218520200,326,234400,280600,190400
29021393,218514000,218707300,218315400,218521300,317,198600,391900,205900
29021394,218523800,218828300,218523800,218780200,281,0,304500,256400
29021395,218781200,219046400,218754600,218861900,317,26600,291800,107300
29021396,218870300,219018700,218705300,218942500,298,165000,313400,237200
29021397,218915400,218915400,218757400,218890200,298,158000,158000,132800
29021398,218892700,219397600,218832200,219341300,317,60500,565400,509100
29021399,219344000,219678100,219103500,219230600,303,240500,574600,127100
29021400,219232600,219329300,219002300,219022400,314,230300,327000,20100
29021401,219023700,219546300,219023700,219337700,294,0,522600,314000
29021402,219342600,219628400,219337200,219514400,309,5400,291200,177200
29021403,219508000,219563800,219427800,219493800,280,80200,136000,66000
29021404,219491400,219495200,219255100,219401000,270,236300,240100,145900
29021405,219390500,220134000,219385200,220044400,314,5300,748800,659200
29021406,220046300,220046300,219608600,219774400,319,437700,437700,165800
29021407,219779800,219912400,219539100,219545500,312,240700,373300,6400
29021408,219545400,219661700,219525100,219626800,283,20300,136600,101700
29021409,219614900,219781200,219601800,219704500,286,13100,179400,102700
29021410,219702100,219729700,219177400,219177400,305,524700,552300,0
29021411,219190600,219620400,219190600,219494400,304,0,429800,303800
29021412,219490400,219643800,219474000,219571600,281,16400,169800,97600
29021413,219559200,219790200,219291100,219746900,304,268100,499100,455800
29021414,219738400,219816000,219635000,219816000,250,103400,181000,181000
29021415,219815000,220031200,219804400,219944600,294,10600,226800,140200
29021416,219910900,219910900,219635000,219784500,285,275900,275900,149500
29021417,219783100,220065700,219700300,220047500,295,82800,365400,347200
29021418,220033700,220346200,219775000,220321600,261,258700,571200,546600
29021419,220344100,220422100,220164900,220256700,272,179200,257200,91800
29021420,220256200,220260200,219886300,220053400,290,369900,373900,167100
29021421,220052100,220476800,220032300,220466600,308,19800,444500,434300
29021422,220444800,220445600,220136200,220249500,287,308600,309400,113300
29021423,220252200,220435700,220206300,220256600,276,45900,229400,50300
29021424,220258100,220292100,220161100,220274500,261,97000,131000,113400
29021425,220271800,220273900,220101600,220109000,246,170200,172300,7400
29021426,220109400,220179200,219974700,220033300,257,134700,204500,58600
29021427,220039400,220106100,219963100,220076100,242,76300,143000,113000
29021428,220073600,220083600,219845000,220083600,256,228600,238600,238600
29021429,220092900,220132500,219912800,220068300,292,180100,219700,155500
29021430,220068700,220399300,219884100,220381800,318,184600,515200,497700
29021431,220365500,220612700,220253800,220522800,294,111700,358900,269000
29021432,220522400,220646100,220400400,220464400,299,122000,245700,64000
29021433,220464900,220669600,220371100,220487200,297,93800,298500,116100
29021434,220486700,220646100,220394800,220541200,298,91900,251300,146400
29021435,220533000,220713200,220284300,220349600,280,248700,428900,65300
29021436,220352100,220352100,219925000,220021900,291,427100,427100,96900
29021437,220004900,220004900,219598000,219642200,300,406900,406900,44200
29021438,219639300,219806100,219585000,219632700,281,54300,221100,47700
29021439,219633700,219655700,219235100,219347600,250,398600,420600,112500
29021440,219347100,219360600,219129700,219352100,299,217400,230900,222400
29021441,219331400,219429300,219152400,219289900,275,179000,276900,137500
29021442,219281100,219487500,219108200,219476100,305,172900,379300,367900
29021443,219478200,219680900,219271600,219552900,295,206600,409300,281300
29021444,219554400,219818600,219486000,219818600,296,68400,332600,332600
29021445,219817700,220110800,219606300,220088000,288,211400,504500,481700
29021446,220091900,220184700,219961700,219963100,301,130200,223000,1400
29021447,219964100,220077700,219897600,219975300,308,66500,180100,77700
29021448,219974900,220105300,219832000,219895700,309,142900,273300,63700
29021449,219952800,220054800,219685000,219796700,292,267800,369800,111700
29021450,219782600,219946100,219708000,219915200,286,74600,238100,207200
29021451,219917800,220079300,219845000,219994100,230,72800,234300,149100
29021452,219997100,220342900,219997100,220299300,279,0,345800,302200
29021453,220302600,220400200,220134900,220393800,275,167700,265300,258900
29021454,220393300,220393300,220154900,220273900,264,238400,238400,119000
29021455,220259400,220445000,220185400,220292200,263,74000,259600,106800
29021456,220294400,220401200,220134900,220300700,263,159500,266300,165800
29021457,220306100,220372900,220066600,220084300,251,239500,306300,17700
29021458,220066100,220168800,219954900,220057100,254,111200,213900,102200
29021459,220058500,220317200,219979000,220304500,257,79500,338200,325500
29021460,220299600,220384900,220165300,220174300,269,134300,219600,9000
29021461,220174900,220262200,219715000,219806000,284,459900,547200,91000
29021462,219804500,219804500,219269200,219623900,311,535300,535300,354700
29021463,219606900,219794300,219555000,219673400,286,51900,239300,118400
29021464,219677900,219764000,219595000,219719000,283,82900,169000,124000
29021465,219722100,219899700,219692300,219744000,294,29800,207400,51700
29021466,219754400,219823500,219524800,219823500,276,229600,298700,298700
29021467,219826300,219970500,219727800,219819600,280,98500,242700,91800
29021468,219816700,219816700,219575000,219644800,267,241700,241700,69800
29021469,219646900,219674100,219514600,219555000,249,132300,159500,40400
29021470,219646300,219998500,219613800,219936400,307,32500,384700,322600
29021471,219930500,220074100,219870600,220041400,297,59900,203500,170800
29021472,220046800,220057900,219899500,220052900,270,147300,158400,153400
29021473,220021300,220103700,219925000,220063300,260,96300,178700,138300
29021474,220068900,220176200,219755000,219862900,214,313900,421200,107900
29021475,219861500,219969900,219699100,219969900,275,162400,270800,270800
29021476,219967800,219967800,219285100,219445300,288,682700,682700,160200
29021477,219445400,219675900,219396800,219673600,284,48600,279100,276800
29021478,219676100,219684100,219334500,219409300,266,341600,349600,74800
29021479,219402400,219436700,219062100,219241000,262,340300,374600,178900
29021480,219244500,219323000,219166300,219169600,286,78200,156700,3300
29021481,219168900,219262700,219135200,219153400,266,33700,127500,18200
29021482,219155300,219198500,219058200,219155500,270,97100,140300,97300
29021483,219148000,219313600,219132400,219241600,274,15600,181200,109200
29021484,219242100,219444400,219135000,219443300,290,107100,309400,308300
29021485,219442300,219695200,219257100,219692200,262,185200,438100,435100
29021486,219683500,219685800,219475500,219668800,210,208000,210300,193300
29021487,219664600,219664600,219175800,219328200,285,488800,488800,152400
29021488,219311900,219318300,219095200,219159300,260,216700,223100,64100
29021489,219170600,219258800,219075200,219214400,230,95400,183600,139200
29021490,219213900,219225500,218577000,218647200,314,636900,648500,70200
29021491,218650200,218783600,218285000,218783600,317,365200,498600,498600
29021492,218782100,219069400,218713700,218721400,304,68400,355700,7700
29021493,218710700,219082700,218698800,219082700,274,11900,383900,383900
29021494,219084100,219320100,219015200,219119900,278,68900,304900,104700
29021495,219120800,219267700,219055700,219155000,288,65100,212000,99300
29021496,219139400,219360000,219069100,219154500,320,70300,290900,85400
29021497,219155900,219161800,218803900,218805900,298,352000,357900,2000
29021498,218804900,219335200,218804900,219311300,294,0,530300,506400
29021499,219314300,219502800,219311400,219477200,259,2900,191400,165800
29021500,219469800,219724000,219357600,219592000,281,112200,366400,234400
29021501,219593400,220060600,219524800,220060600,289,68600,535800,535800
29021502,220062700,220600900,220058200,220598200,318,4500,542700,540000
29021503,220579800,220613900,220354000,220366500,254,225800,259900,12500
29021504,220359700,220456200,220144900,220144900,278,214800,311300,0
29021505,220245500,220548200,220214900,220546300,299,30600,333300,331400
29021506,220548200,220851300,220531200,220787100,309,17000,320100,255900
29021507,220788400,220851700,220572500,220845800,312,215900,279200,273300
29021508,220846700,221607000,220772500,221584000,312,74200,834500,811500
29021509,221588700,221646900,221256400,221376400,320,332300,390500,120000
29021510,221375600,221799800,221142200,221737900,327,233400,657600,595700
29021511,221684600,221930700,221510800,221852500,327,173800,419900,341700
29021512,221855100,221985200,221540100,221676800,318,315000,445100,136700
29021513,221700100,221719300,221322100,221334000,303,378000,397200,11900
29021514,221330100,221346500,221075800,221084700,285,254300,270700,8900
29021515,221175500,221175500,220560700,220560700,314,614800,614800,0
29021516,220563600,220758000,220535900,220672400,286,27700,222100,136500
29021517,220672900,220863000,220445400,220461800,289,227500,417600,16400
29021518,220449500,220483000,220086700,220104800,302,362800,396300,18100
29021519,220106300,220180400,219805000,219930600,304,301300,375400,125600
29021520,219946200,219980700,219517700,219979200,320,428500,463000,461500
29021521,219989700,220255400,219905000,220170500,307,84700,350400,265500
29021522,220177100,220400700,220010600,220085000,288,166500,390100,74400
29021523,220089200,220301700,219974900,220281900,302,114300,326800,307000
29021524,220288300,220665300,220288300,220404800,308,0,377000,116500
29021525,220511700,220655300,220284100,220617700,310,227600,371200,333600
29021526,220595400,220759500,220495000,220497000,314,100400,264500,2000
29021527,220487100,220697200,220429300,220539000,306,57800,267900,109700
29021528,220540000,220639200,220354800,220457400,297,185200,284400,102600
29021529,220405100,220582000,220316400,220424800,301,88700,265600,108400
29021530,220504300,220801200,220465000,220796200,317,39300,336200,331200
29021531,220793500,220906200,220555800,220719200,287,237700,350400,163400
29021532,220716700,220803100,220511000,220532400,284,205700,292100,21400
29021533,220530000,220604600,220384800,220595900,289,145200,219800,211100
29021534,220598300,221069100,220559900,221063800,279,38400,509200,503900
29021535,221049900,221333800,220991700,221085800,308,58200,342100,94100
29021536,221083800,221086400,220734500,220927800,298,349300,351900,193300
29021537,220926500,221066700,220824400,221066700,262,102100,242300,242300
29021538,221068200,221142700,220925400,221113200,302,142800,217300,187800
29021539,221111200,221298900,221003500,221259000,301,107700,295400,255500
29021540,221260400,221435700,221210200,221210200,250,50200,225500,0
29021541,221212600,221285600,221073000,221148200,272,139600,212600,75200
29021542,221120600,221120600,220466700,220549800,312,653900,653900,83100
29021543,220543300,220642200,220475000,220475000,312,68300,167200,0
29021544,220460700,220468900,220262300,220414600,278,198400,206600,152300
29021545,220414500,220594200,220295000,220567600,293,119500,299200,272600
29021546,220569000,220796400,220483900,220795800,255,85100,312500,311900
29021547,220796200,220906900,220687200,220869700,268,109000,219700,182500
29021548,220851900,220904200,220720100,220828000,246,131800,184100,107900
29021549,220825500,220892200,220704800,220785900,256,120700,187400,81100
29021550,220779000,220950000,220569700,220772900,298,209300,380300,203200
29021551,220772300,220859900,220551000,220837900,276,221300,308900,286900
29021552,220839100,221081700,220824200,221081700,294,14900,257500,257500
29021553,221084200,221364900,221065000,221113300,267,19200,299900,48300
29021554,221106100,221106100,220793600,220823500,262,312500,312500,29900
29021555,220825400,221079200,220731000,221030600,314,94400,348200,299600
29021556,221026200,221195200,220990900,221051000,308,35300,204300,60100
29021557,221047300,221220400,220928500,220951800,296,118800,291900,23300
29021558,220954200,220958100,220766700,220813500,241,187500,191400,46800
29021559,220823900,220832500,220378900,220401100,275,445000,453600,22200
29021560,220407600,220562500,220407600,220530000,265,0,154900,122400
29021561,220532500,220554500,220234000,220257900,276,298500,320500,23900
29021562,220250900,220276300,219394500,219416200,317,856400,881800,21700
29021563,219410000,219680600,219373700,219636100,293,36300,306900,262400
29021564,219635100,219735300,219453100,219455100,286,182000,282200,2000
29021565,219578100,219798800,219449200,219795800,314,128900,349600,346600
29021566,219805300,219813700,219525100,219636000,297,280200,288600,110900
29021567,219632600,219863400,219579300,219834600,302,53300,284100,255300
29021568,219843900,220244000,219825000,220094800,293,18900,419000,269800
29021569,220095900,220316400,220076500,220253700,302,19400,239900,177200
29021570,220258700,220512800,220045300,220512800,302,213400,467500,467500
29021571,220512000,220564200,220294900,220492900,290,217100,269300,198000
29021572,220493800,220495300,220200100,220284800,302,293700,295200,84700
29021573,220278900,220349300,220004900,220285000,263,274000,344400,280100
29021574,220287000,220606300,220282400,220606300,290,4600,323900,323900
29021575,220605400,220698900,220480900,220588300,277,124500,218000,107400
29021576,220587700,220747500,220464800,220471400,245,122900,282700,6600
29021577,220469800,220469800,220237000,220363900,242,232800,232800,126900
29021578,220364000,220515400,220344800,220451100,268,19200,170600,106300
29021579,220440800,220459100,220027900,220118600,291,412900,431200,90700
29021580,220123700,220317800,219966000,220317800,302,157700,351800,351800
29021581,220322300,220512900,220214900,220512900,278,107400,298000,298000
29021582,220513300,220636800,220476900,220590200,272,36400,159900,113300
29021583,220585200,220856400,220574800,220838000,267,10400,281600,263200
29021584,220836000,221075500,220836000,220934700,246,0,239500,98700
29021585,221035900,221097700,221003500,221007400,212,32400,94200,3900
29021586,221015700,221194800,221005300,221062100,247,10400,189500,56800
29021587,221060100,221206100,220997200,221101400,204,62900,208900,104200
29021588,221084400,221191700,220944700,221139900,221,139700,247000,195200
29021589,221154700,221154700,220784700,220893900,158,370000,370000,109200
29021590,220882100,220897100,220828500,220837400,205,53600,68600,8900
29021591,220840600,221011300,220834700,221011300,178,5900,176600,176600
29021592,221011200,221091200,220962500,221090200,196,48700,128700,127700
29021593,221106100,221183900,220874700,221175600,202,231400,309200,300900
29021594,221178500,221980800,221178500,221564500,316,0,802300,386000
29021595,221564500,221936200,221522300,221524400,305,42200,413900,2100
29021596,221530300,221530300,221094700,221264100,312,435600,435600,169400
29021597,221272300,221310000,221162200,221310000,258,110100,147800,147800
29021598,221312500,221822600,221154600,221788700,289,157900,668000,634100
29021599,221789200,221789200,221412600,221566100,258,376600,376600,153500
29021600,221570400,221570400,221298100,221305500,249,272300,272300,7400
29021601,221306000,221426900,221242500,221323400,215,63500,184400,80900
29021602,221315500,221401200,221273100,221375700,262,42400,128100,102600
29021603,221384900,221521200,221303400,221342500,257,81500,217800,39100
29021604,221340800,221507900,221064700,221064700,262,276100,443200,0
29021605,221185600,221361700,221185600,221318600,214,0,176100,133000
29021606,221323200,221379700,221064700,221105500,212,258500,315000,40800
29021607,221106000,221142400,220893700,221037500,250,212300,248700,143800
29021608,221018900,221071500,220940000,221071500,155,78900,131500,131500
29021609,221078900,221166400,220994700,221098100,92,84200,171700,103400
29021610,221101300,221211000,220996900,221169300,169,104400,214100,172400
29021611,221168800,221168800,220753100,220991300,265,415700,415700,238200
29021612,220992300,221070700,220992300,221003400,202,0,78400,11100
29021613,220999900,220999900,220370400,220526600,284,629500,629500,156200
29021614,220528600,220854800,220519800,220854800,258,8800,335000,335000
29021615,220879400,221134700,220560400,221130000,278,319000,574300,569600
29021616,221124700,221188600,220728500,220728500,219,396200,460100,0
29021617,220729900,220729900,220203600,220310100,295,526300,526300,106500
29021618,220307600,220629000,220256500,220581400,256,51100,372500,324900
29021619,220583900,220683600,220444800,220562900,243,139100,238800,118100
29021620,220562400,220562400,220381400,220383000,248,181000,181000,1600
29021621,220381100,220381100,220137700,220166400,239,243400,243400,28700
29021622,220165400,220259000,219929400,220259000,236,236000,329600,329600
29021623,220257800,220523700,220054900,220523500,241,202900,468800,468600
29021624,220516100,220575200,220420400,220464800,227,95700,154800,44400
29021625,220464800,220682200,220363700,220534700,226,101100,318500,171000
29021626,220563300,220566800,220442000,220538300,254,121300,124800,96300
29021627,220538800,220622600,220429400,220594400,231,109400,193200,165000
29021628,220603000,220660700,220474800,220660700,224,128200,185900,185900
29021629,220663800,220752000,220504800,220534500,265,159000,247200,29700
29021630,220534800,220999800,220514800,220868400,280,20000,485000,353600
29021631,220864500,221159400,220861200,221117200,256,3300,298200,256000
29021632,221109300,221215600,221029800,221215100,241,79500,185800,185300
29021633,221233100,221233100,221034700,221156600,191,198400,198400,121900
29021634,221157100,221321700,221101600,221104700,223,55500,220100,3100
29021635,221124700,221271300,221114700,221221400,163,10000,156600,106700
29021636,221220900,221439300,221220900,221242200,240,0,218400,21300
29021637,221240200,221330600,221240200,221265000,202,0,90400,24800
29021638,221282700,221301000,220879600,220897300,243,403100,421400,17700
29021639,220902200,221031700,220573800,220754000,250,328400,457900,180200
29021640,221306100,222680500,221306100,222185500,332,0,1374400,879400
29021641,222215100,222495400,221939500,222366600,328,275600,555900,427100
29021642,222369200,222825200,222362200,222825200,326,7000,463000,463000
29021643,222835600,222930300,222323200,222323200,327,512400,607100,0
29021644,222319200,222319200,221705000,222063700,322,614200,614200,358700
29021645,222055700,222246200,221835700,221937700,332,220000,410500,102000
29021646,221930000,221992800,221380200,221442500,319,549800,612600,62300
29021647,221446000,221783300,221426400,221783300,309,19600,356900,356900
29021648,221792300,221827900,221474600,221817200,296,317700,353300,342600
29021649,221831700,222346900,221831200,222290200,309,500,515700,459000
29021650,222288900,222764900,222268500,222573500,257,20400,496400,305000
29021651,222572600,222634200,222254400,222296300,276,318200,379800,41900
29021652,222287900,222651000,222252800,222408100,294,35100,398200,155300
29021653,222407500,222409900,222029000,222073200,253,378500,380900,44200
29021654,222071200,222136200,221878400,221907600,262,192800,257800,29200
29021655,221887600,221929000,221304100,221363700,304,583500,624900,59600
29021656,221352600,221548400,220729100,220786200,317,623500,819300,57100
29021657,220755700,221247900,220724300,221197800,323,31400,523600,473500
29021658,221193200,221577600,221172500,221553900,309,20700,405100,381400
29021659,221546800,221585100,221174600,221264500,282,372200,410500,89900
29021660,221265900,221294100,220886300,220970300,234,379600,407800,84000
29021661,220987300,220987300,220794700,220910500,241,192600,192600,115800
29021662,220909000,221190300,220847200,220847200,252,61800,343100,0
29021663,220853000,220863100,220664800,220695600,224,188200,198300,30800
29021664,220699000,220717100,220221400,220434800,277,477600,495700,213400
29021665,220404800,220926200,220404800,220926200,250,0,521400,521400
29021666,220941200,221264200,220937800,221158700,209,3400,326400,220900
29021667,221159200,221166600,220762000,221032000,246,397200,404600,270000
29021668,221045200,221045900,220814700,220913100,160,230500,231200,98400
29021669,220913600,220927800,220754700,220858700,166,158900,173100,104000
29021670,220858200,220858700,219847900,220150300,234,1010300,1010800,302400
29021671,220151200,220765000,220093500,220422200,306,57700,671500,328700
29021672,220403800,220736700,220367600,220511900,258,36200,369100,144300
29021673,220524300,220747200,220524300,220625900,239,0,222900,101600
29021674,220626500,221057500,220626500,220910500,248,0,431000,284000
29021675,220903900,221012900,220828200,220828200,178,75700,184700,0
29021676,220826900,221061700,220734800,221046900,160,92100,326900,312100
29021677,221046400,221356500,221046400,221356500,229,0,310100,310100
29021678,221370200,221435400,221034700,221423900,243,335500,400700,389200
29021679,221422600,221423500,220984700,221089000,194,437900,438800,104300
29021680,221083500,221393500,220926000,221393500,243,157500,467500,467500
29021681,221437200,221667300,221437200,221492200,247,0,230100,55000
29021682,221493800,221816500,221493800,221758900,228,0,322700,265100
29021683,221789200,222005300,221789200,222005300,223,0,216100,216100
29021684,222006300,222200000,221824500,221824500,202,181800,375500,0
29021685,221834500,221970000,221741100,221806300,246,93400,228900,65200
29021686,221800200,221945500,221664500,221945500,189,135700,281000,281000
29021687,221951200,222083300,221951200,222025900,175,0,132100,74700
29021688,222042500,222042500,221837500,221926100,152,205000,205000,88600
29021689,221926500,222226500,221926500,222034400,158,0,300000,107900
29021690,222160900,222253000,222160900,222252800,117,0,92100,91900
29021691,222255700,222408100,222174400,222403800,72,81300,233700,229400
29021692,222405700,222405700,222186300,222188000,108,219400,219400,1700
29021693,222199200,222202600,221964400,222092300,114,234800,238200,127900
29021694,222088400,222088400,221694500,221694500,170,393900,393900,0
29021695,221803900,221803900,221572600,221572600,136,231300,231300,0
29021696,221563000,221568600,221324600,221384500,120,238400,244000,59900
29021697,221384100,221566700,221380200,221566700,105,3900,186500,186500
29021698,221585500,221624200,221407900,221407900,116,177600,216300,0
29021699,221394800,221401700,221134700,221134700,184,260100,267000,0
29021700,221261900,221395500,220910700,220978200,298,351200,484800,67500
29021701,221006600,221173600,220807500,221110300,324,199100,366100,302800
29021702,221106400,221395400,221056400,221308500,312,50000,339000,252100
29021703,221323600,221688900,221305500,221651600,282,18100,383400,346100
29021704,221649200,221854300,221474600,221602900,293,174600,379700,128300
29021705,221601100,221601100,220572200,220748400,328,1028900,1028900,176200
29021706,220752300,221033400,220724800,221017600,305,27500,308600,292800
29021707,220997900,221090900,220971700,220976800,272,26200,119200,5100
29021708,221010500,221046600,220554800,220852700,271,455700,491800,297900
29021709,220838700,220912600,220624800,220772400,250,213900,287800,147600
29021710,220793500,220861900,220611900,220767800,268,181600,250000,155900
29021711,220759400,220784900,220564800,220726700,254,194600,220100,161900
29021712,220727700,220818200,220456400,220663300,261,271300,361800,206900
29021713,220691500,220948000,220504800,220767800,244,186700,443200,263000
29021714,220756500,220992400,220653300,220804700,248,103200,339100,151400
29021715,220917500,221004800,220814500,220951200,256,103000,190300,136700
29021716,220939200,221372500,220883500,221367100,282,55700,489000,483600
29021717,221358800,221360700,221103700,221199100,268,255100,257000,95400
29021718,221213800,221213800,220860400,220878600,263,353400,353400,18200
29021719,220865400,221261100,220863900,221094700,226,1500,397200,230800
29021720,221074700,221427500,221043700,221422900,260,31000,383800,379200
29021721,221421400,221451100,221194600,221271800,172,226800,256500,77200
29021722,221273600,221705200,221272200,221705200,182,1400,433000,433000
29021723,221703200,221703200,220845400,221163200,298,857800,857800,317800
29021724,221163100,221280300,221134700,221267400,223,28400,145600,132700
29021725,221266700,221316900,221198300,221262000,204,68400,118600,63700
29021726,221260500,221274900,220905100,220905100,172,355400,369800,0
29021727,220904500,220993000,220765900,220765900,210,138600,227100,0
29021728,220778000,220837300,220644800,220730100,186,133200,192500,85300
29021729,220732000,220788900,220634800,220777600,163,97200,154100,142800
29021730,220781000,220853700,220729300,220799500,175,51700,124400,70200
29021731,220809900,221037700,220784700,221030300,226,25200,253000,245600
29021732,221029900,221038000,220860900,220934900,196,169000,177100,74000
29021733,220950300,220966200,220804700,220965200,165,145600,161500,160500
29021734,220970600,221189200,220970600,221064700,165,0,218600,94100
29021735,221094700,221439700,221094700,221243200,195,0,345000,148500
29021736,221242200,221437200,221213700,221331700,190,28500,223500,118000
29021737,221331200,221363700,221172400,221246900,193,158800,191300,74500
29021738,221262800,221329800,221164600,221263300,218,98200,165200,98700
29021739,221253600,221306700,221124700,221124700,158,128900,182000,0
29021740,221264700,221308700,220993700,221013700,188,271000,315000,20000
29021741,221017700,221017700,220734800,220930600,192,282900,282900,195800
29021742,220932000,220961400,220770400,220810600,186,161600,191000,40200
29021743,220845700,220937900,220761500,220771300,202,84200,176400,9800
29021744,220771700,220826500,220704800,220704800,127,66900,121700,0
29021745,220826500,220826500,220629700,220629700,155,196800,196800,0
29021746,220629200,220629200,220239000,220428200,223,390200,390200,189200
29021747,220427800,220481000,220300600,220317300,217,127200,180400,16700
29021748,220332300,220692600,220332300,220459500,234,0,360300,127200
29021749,220460900,220673300,220374800,220404800,252,86100,298500,30000
29021750,220531700,220718600,220365000,220372600,257,166700,353600,7600
29021751,220383700,220403300,220194900,220244800,239,188800,208400,49900
29021752,220244900,220394600,220223300,220374400,261,21600,171300,151100
29021753,220388400,220551200,220204900,220514600,226,183500,346300,309700
29021754,220516300,220607100,220274900,220421600,227,241400,332200,146700
29021755,220411200,220411200,220264500,220393400,227,146700,146700,128900
29021756,220404400,220466500,220134900,220288300,208,269500,331600,153400
29021757,220287400,220447900,220287400,220315500,175,0,160500,28100
29021758,220329200,220329800,220164900,220318800,140,164300,164900,153900
29021759,220316800,220347100,220194900,220194900,178,121900,152200,0
29021760,220164900,220497100,220164900,220271800,202,0,332200,106900
29021761,220267800,220399000,220154900,220344500,216,112900,244100,189600
29021762,220343800,220762600,220339700,220699800,245,4100,422900,360100
29021763,220670200,220887000,220554800,220887000,242,115400,332200,332200
29021764,220889000,221042500,220854700,220959900,228,34300,187800,105200
29021765,220960400,221109600,220960400,221092000,247,0,149200,131600
29021766,221091100,221100300,220814700,221100300,231,276400,285600,285600
29021767,221083300,221136200,220734800,220740600,266,348500,401400,5800
29021768,220753200,220906800,220649800,220649800,241,103400,257000,0
29021769,220651700,220689400,220294900,220401000,237,356800,394500,106100
29021770,220395100,220659000,220394600,220657000,238,500,264400,262400
29021771,220658400,221295500,220504800,221273200,266,153600,790700,768400
29021772,221263100,221808400,221263100,221752000,320,0,545300,488900
29021773,221781500,222741300,221781500,222479500,326,0,959800,698000
29021774,222477200,222511400,221098000,221098000,322,1379200,1413400,0
29021775,221049900,221264500,216922400,217848200,329,4127500,4342100,925800
29021776,217944800,218345000,215930900,215971300,326,2013900,2414100,40400
29021777,216076400,217571000,216076400,217199600,332,0,1494600,1123200
29021778,217149100,217600200,216752400,216846400,330,396700,847800,94000
29021779,216839000,217065300,215845400,215969300,332,993600,1219900,123900
29021780,215964000,216145000,213368400,214192100,326,2595600,2776600,823700
29021781,214206100,214827500,213306100,213561800,326,900000,1521400,255700
29021782,213573500,214124600,213336100,213556100,324,237400,788500,220000
29021783,213518000,213608400,212490600,213330300,336,1027400,1117800,839700
29021784,213309500,213989200,212986600,213702900,334,322900,1002600,716300
29021785,213849100,214367900,212955900,213254300,332,893200,1412000,298400
29021786,213277200,213782900,211840100,211840100,334,1437100,1942800,0
29021787,211815600,212643500,211815600,212003100,328,0,827900,187500
29021788,211991500,212968200,211786000,212631400,328,205500,1182200,845400
29021789,212652400,213163800,212616600,212884400,330,35800,547200,267800
29021790,212865200,212878400,212360800,212515600,328,504400,517600,154800
29021791,212505400,213034300,212491600,213034300,328,13800,542700,542700
29021792,213022100,213691300,212925100,213199500,328,97000,766200,274400
29021793,213189900,213815500,213189900,213391900,332,0,625600,202000
29021794,213383500,213962200,213063400,213588000,325,320100,898800,524600
29021795,213720900,213801700,212719000,212779500,328,1001900,1082700,60500
29021796,212805300,212824100,211473100,211584600,330,1332200,1351000,111500
29021797,211548500,212206600,211245900,211630300,330,302600,960700,384400
29021798,211609500,212056600,211371800,211477000,322,237700,684800,105200
29021799,211466600,212574400,211466600,212235400,328,0,1107800,768800
29021800,212221800,212774400,212135100,212660200,324,86700,639300,525100
29021801,212648300,213303200,212371900,213227500,330,276400,931300,855600
29021802,213234100,213234900,212656900,212663700,322,577200,578000,6800
29021803,212661900,212831900,212537100,212768000,328,124800,294800,230900
29021804,212772200,212839800,212260700,212325900,323,511500,579100,65200
29021805,212326600,212326600,211468900,211521700,326,857700,857700,52800
29021806,211564300,211586900,210804100,211475200,335,760200,782800,671100
29021807,211458500,211848800,210916200,211848800,334,542300,932600,932600
29021808,211859900,212091700,211547100,211798000,328,312800,544600,250900
29021809,211815800,212106000,211468800,211806700,328,347000,637200,337900
29021810,211910900,212155300,211594700,212054600,328,316200,560600,459900
29021811,212042200,212261600,211757000,211841200,331,285200,504600,84200
29021812,211830800,212196800,211830800,211843000,322,0,366000,12200
29021813,211868100,211956200,211344200,211344200,322,523900,612000,0
29021814,211351700,211451800,210751700,210997600,319,600000,700100,245900
29021815,211029700,211431800,210430300,211410900,318,599400,1001500,980600
29021816,211400800,211733600,211299700,211705500,314,101100,433900,405800
29021817,211723900,212123500,211721300,211942900,326,2600,402200,221600
29021818,211937900,212419500,211882700,212020100,320,55200,536800,137400
29021819,212050600,212211400,211737000,211737000,307,313600,474400,0
29021820,211787000,212161600,211405900,211405900,319,381100,755700,0
29021821,211424700,211994100,211158200,211994100,332,266500,835900,835900
29021822,211992100,212505500,211605900,212364000,336,386200,899600,758100
29021823,212359600,212359600,211739700,211918500,330,619900,619900,178800
29021824,211873000,212223000,211731100,212124900,329,141900,491900,393800
29021825,212221100,212943000,212196800,212650400,318,24300,746200,453600
29021826,212650800,212670900,212313000,212632400,328,337800,357900,319400
29021827,212635900,213468500,212620500,213454500,326,15400,848000,834000
29021828,213432700,213622100,213177600,213579700,322,255100,444500,402100
29021829,213575000,213889400,213503600,213743700,328,71400,385800,240100
29021830,213741700,214175600,213683400,213997000,324,58300,492200,313600
29021831,214006600,214602700,213946400,214298200,324,60200,656300,351800
29021832,214290500,214290600,213953700,214103200,316,336800,336900,149500
29021833,214106000,214799100,214106000,214707600,314,0,693100,601600
29021834,214716100,215007500,214686300,214814900,308,29800,321200,128600
29021835,214805900,214909800,214487600,214758900,326,318300,422200,271300
29021836,214747800,214921200,214440300,214575200,326,307500,480900,134900
29021837,214550300,214550300,214027700,214310300,332,522600,522600,282600
29021838,214306300,215354000,214212100,215209800,328,94200,1141900,997700
29021839,215189500,216415100,214978200,216280000,324,211300,1436900,1301800
29021840,216296800,218008700,216296800,217258900,331,0,1711900,962100
29021841,217203000,217759600,216803600,217144300,320,399400,956000,340700
29021842,217117600,217632100,217061300,217168600,322,56300,570800,107300
29021843,217151900,217290900,216884400,216915400,316,267500,406500,31000
29021844,216923100,217025700,216579900,216784100,316,343200,445800,204200
29021845,216755700,217020500,216731300,216783500,321,24400,289200,52200
29021846,216797400,217327800,216791300,217092800,306,6100,536500,301500
29021847,217080600,217097600,216549000,216549000,306,531600,548600,0
29021848,216551800,216773700,216488900,216578500,315,62900,284800,89600
29021849,216585400,216621800,216305700,216365800,307,279700,316100,60100
29021850,216365800,216690400,216052100,216687500,329,313700,638300,635400
29021851,216671100,216846200,216269900,216777600,322,401200,576300,507700
29021852,216770200,216943900,216623900,216680600,324,146300,320000,56700
29021853,216676100,216676100,215678100,215809800,317,998000,998000,131700
29021854,215846000,215883800,215600300,215691000,320,245700,283500,90700
29021855,215796300,216171100,215665200,215950100,314,131100,505900,284900
29021856,215953900,216084100,215734900,215828200,316,219000,349200,93300
29021857,215829800,216218400,215783100,216129200,312,46700,435300,346100
29021858,216125900,216721700,216076600,216684000,301,49300,645100,607400
29021859,216715900,217076600,216524400,217036900,309,191500,552200,512500
29021860,217124300,218076300,217042600,217819500,329,81700,1033700,776900
29021861,217815000,218784600,217631400,218444300,330,183600,1153200,812900
29021862,218436800,218436800,217919000,217986200,322,517800,517800,67200
29021863,217979600,218095200,217663800,217791400,314,315800,431400,127600
29021864,217786100,219114400,217587200,218726000,330,198900,1527200,1138800
29021865,218682600,218922300,218286900,218328400,324,395700,635400,41500
29021866,218318200,218583500,218041200,218041200,328,277000,542300,0
29021867,218039600,218196500,217586700,217588200,329,452900,609800,1500
29021868,217581800,217786300,217353600,217577400,324,228200,432700,223800
29021869,217574900,217972700,217531400,217774600,318,43500,441300,243200
29021870,217773600,217828900,217468800,217468800,313,304800,360100,0
29021871,217466200,217743100,217310400,217430000,311,155800,432700,119600
29021872,217433100,217528200,217184200,217346900,319,248900,344000,162700
29021873,217349300,217436900,216986900,217275900,323,362400,450000,289000
29021874,217273700,217341100,217119700,217145700,313,154000,221400,26000
29021875,217285600,217520700,217242400,217353700,317,43200,278300,111300
29021876,217361100,217384400,216855700,217147200,317,505400,528700,291500
29021877,217159600,217166600,216953100,217145800,296,206500,213500,192700
29021878,217146300,217434000,216965700,217434000,288,180600,468300,468300
29021879,217437200,217859800,217434700,217485600,305,2500,425100,50900
29021880,217497600,217602200,217085000,217085000,322,412600,517200,0
29021881,217079700,217145500,216835700,216962600,303,244000,309800,126900
29021882,216983800,217500700,216975500,217258900,309,8300,525200,283400
29021883,217235000,217603000,217215300,217598800,301,19700,387700,383500
29021884,217599300,217820900,217555500,217555500,302,43800,265400,0
29021885,217555500,217923700,217525600,217845600,305,29900,398100,320000
29021886,217844700,217933400,217695500,217805300,283,149200,237900,109800
29021887,217803300,218077300,217743400,217806900,278,59900,333900,63500
29021888,217809300,217847700,217495600,217593200,290,313700,352100,97600
29021889,217594600,217829200,217544800,217585500,279,49800,284400,40700
29021890,217719300,218015100,217640600,218015100,271,78700,374500,374500
29021891,218013200,218673400,218013200,218527500,293,0,660200,514300
29021892,218522500,218556300,218322600,218361300,302,199900,233700,38700
29021893,218355500,218364500,217917200,217968300,253,438300,447300,51100
29021894,217953900,218069300,217615500,217709400,268,338400,453800,93900
29021895,217710600,218040500,217708500,217732700,301,2100,332000,24200
29021896,217730000,217992200,217598000,217992200,303,132000,394200,394200
29021897,217989000,218048800,217464700,217464700,271,524300,584100,0
29021898,217470200,217490700,216904700,217400900,302,565500,586000,496200
29021899,217405400,217709300,217303100,217303600,304,102300,406200,500
29021900,217421200,217575600,216967400,217006500,322,453800,608200,39100
29021901,217012800,217093200,216659800,216916800,306,353000,433400,257000
29021902,216946200,216946200,216562700,216805900,322,383500,383500,243200
29021903,216804800,217239000,216678200,217208100,309,126600,560800,529900
29021904,217215000,217298300,216745800,216775700,311,469200,552500,29900
29021905,216795700,216991200,216534400,216536000,296,261300,456800,1600
29021906,216546000,216729900,216334900,216368500,297,211100,395000,33600
29021907,216365100,216560100,216303600,216422900,315,61500,256500,119300
29021908,216421000,216591200,216292900,216442200,294,128100,298300,149300
29021909,216443100,216508100,216315900,216315900,231,127200,192200,0
29021910,216315900,216473600,216118900,216424300,307,197000,354700,305400
29021911,216423900,216654000,216066300,216084100,301,357600,587700,17800
29021912,216101100,216589500,216062200,216551100,305,38900,527300,488900
29021913,216539300,216601900,216135900,216573600,293,403400,466000,437700
29021914,216562800,216641300,216477800,216637100,304,85000,163500,159300
29021915,216641700,216830100,216555800,216702100,293,85900,274300,146300
29021916,216707600,217063900,216625200,217063900,304,82400,438700,438700
29021917,217067700,217723400,217017300,217721400,324,50400,706100,704100
29021918,217724500,218065600,217572600,217620400,316,151900,493000,47800
29021919,217618400,217947700,217560300,217703100,309,58100,387400,142800
29021920,217632500,217915700,217549400,217800000,317,83100,366300,250600
29021921,217803900,217976800,217645500,217901400,304,158400,331300,255900
29021922,217956600,218253800,217795200,217796600,310,161400,458600,1400
29021923,217773500,217957000,217615500,217778100,313,158000,341500,162600
29021924,217785500,217862000,217285600,217325600,284,499900,576400,40000
29021925,217376500,217761500,217376500,217747100,294,0,385000,370600
29021926,217748000,217787500,216885400,216885500,322,862600,902100,100
29021927,216859200,217033500,216776100,216926500,312,83100,257400,150400
29021928,216924900,216938600,216168200,216168200,310,756700,770400,0
29021929,216163900,216539700,216099000,216512300,302,64900,440700,413300
29021930,216525400,216694600,216269100,216694100,310,256300,425500,425000
29021931,216693200,216996800,216615800,216704900,310,77400,381000,89100
29021932,216706700,216913000,216586800,216620000,282,119900,326200,33200
29021933,216624300,216674600,216420200,216509300,311,204100,254400,89100
29021934,216516100,216684000,216405800,216405800,267,110300,278200,0
29021935,216415800,216591000,216230100,216246100,275,185700,360900,16000
29021936,216240000,216393700,216090700,216177800,288,149300,303000,87100
29021937,216176000,216385200,216156200,216251100,244,19800,229000,94900
29021938,216253100,216315800,215830300,216091100,266,422800,485500,260800
29021939,216093000,216176700,215496100,215496100,269,596900,680600,0
29021940,215670000,215978500,215535400,215947800,310,134600,443100,412400
29021941,215949600,216079100,215706000,216026400,322,243600,373100,320400
29021942,216027200,216248500,215937800,216030900,305,89400,310700,93100
29021943,216013400,216048300,215365600,215455700,300,647800,682700,90100
29021944,215459900,215783100,215459900,215606000,273,0,323200,146100
29021945,215589000,216033900,215589000,215693900,279,0,444900,104900
29021946,215695900,215696100,215463200,215681800,278,232700,232900,218600
29021947,215676900,215688500,215431600,215431600,258,245300,256900,0
29021948,215433700,215723900,215406100,215723900,270,27600,317800,317800
29021949,215724300,216338000,215686200,216338000,282,38100,651800,651800
29021950,216342400,216428200,216049900,216056100,307,292500,378300,6200
29021951,216043200,216086600,215816000,216063400,257,227200,270600,247400
29021952,216055400,216199300,216023700,216041900,246,31700,175600,18200
29021953,216035200,216437100,215916000,216232700,277,119200,521100,316700
29021954,216234200,216373700,215916000,215916000,281,318200,457700,0
29021955,216086700,216267400,216037000,216123300,268,49700,230400,86300
29021956,216123500,216393400,216032700,216380600,293,90800,360700,347900
29021957,216378200,216378200,215794600,215968100,292,583600,583600,173500
29021958,215962800,216240100,215962800,216099700,288,0,277300,136900
29021959,216087700,216279000,215825000,215949800,269,262700,454000,124800
29021960,215954300,216136600,215779500,215780500,262,174800,357100,1000
29021961,215782500,215789300,215496100,215645500,301,286400,293200,149400
29021962,215641500,216040000,215628200,215990100,302,13300,411800,361900
29021963,215982800,215982800,215646000,215957400,261,336800,336800,311400
29021964,215945300,216201900,215859600,215936000,239,85700,342300,76400
29021965,215936000,216062800,215884500,215928200,249,51500,178300,43700
29021966,215921300,215985500,215781800,215921500,261,139500,203700,139700
29021967,215923400,216132000,215886400,216073500,246,37000,245600,187100
29021968,216073800,216087100,215751000,216002700,246,322800,336100,251700
29021969,216000700,216094200,215905000,215936000,184,95700,189200,31000
29021970,216089200,216156600,215732700,215783900,246,356500,423900,51200
29021971,215777900,216064600,215746700,216026200,287,31200,317900,279500
29021972,216024300,216085700,215877400,215877800,287,146900,208300,400
29021973,215877400,215877800,215462100,215657500,296,415300,415700,195400
29021974,215670000,215747900,215405100,215405100,308,264900,342800,0
29021975,215396100,215581600,215186500,215493500,297,209600,395100,307000
29021976,215494000,215552400,214932900,215262600,321,561100,619500,329700
29021977,215262200,215526700,215188800,215441700,287,73400,337900,252900
29021978,215385400,215385400,215096200,215286100,251,289200,289200,189900
29021979,215281300,215551600,215240300,215316100,247,41000,311300,75800
29021980,215326100,215531000,215326100,215468600,271,0,204900,142500
29021981,215468700,215476700,215266100,215368300,241,202600,210600,102200
29021982,215368400,215581300,215368300,215467500,233,100,213000,99200
29021983,215462200,215520900,215316100,215339500,255,146100,204800,23400
29021984,215337000,215535800,215268500,215336100,243,68500,267300,67600
29021985,215474200,215474700,215038000,215299500,302,436200,436700,261500
29021986,215297500,215389600,215206100,215246800,262,91400,183500,40700
29021987,215234100,215234100,214965100,215022000,282,269000,269000,56900
29021988,215028000,215221400,215019000,215073200,300,9000,202400,54200
29021989,215073600,215112000,214656300,214656300,292,417300,455700,0
29021990,214656300,214984700,214656300,214768000,271,0,328400,111700
29021991,214769500,214990100,214745300,214902800,258,24200,244800,157500
29021992,214901100,215090300,214896700,215049300,230,4400,193600,152600
29021993,215047200,215100500,214796200,215100100,219,251000,304300,303900
29021994,215073200,215119200,214966200,215096500,164,107000,153000,130300
29021995,215098500,215198900,215046000,215171900,179,52500,152900,125900
29021996,215171800,215195800,214847200,214895800,195,324600,348600,48600
29021997,214893800,215036100,214879800,215035600,202,14000,156300,155800
29021998,215035800,215176500,214929000,214929000,194,106800,247500,0
29021999,214925900,215045800,214736300,214736300,204,189600,309500,0
29022000,214746300,214880700,214573100,214799400,276,173200,307600,226300
29022001,214799600,214943200,214671500,214943200,172,128100,271700,271700
29022002,214956800,215048100,214825900,215047700,257,130900,222200,221800
29022003,215052900,215068500,214810600,214810600,173,242300,257900,0
29022004,214814500,215044100,214814100,214927200,167,400,230000,113100
29022005,214936200,215150300,214936200,215150300,131,0,214100,214100
29022006,215128900,215276400,215125300,215267300,136,3600,151100,142000
29022007,215266800,215303400,215008100,215041500,200,258700,295300,33400
29022008,215041000,215041000,214886200,214996500,201,154800,154800,110300
29022009,214998400,215024100,214826200,214856200,230,172200,197900,30000
29022010,214945800,214980000,214792700,214836500,190,153100,187300,43800
29022011,214832300,215196700,214805400,215196700,167,26900,391300,391300
29022012,215200200,215299600,214926200,214926200,193,274000,373400,0
29022013,214935000,215065500,214806200,215043700,152,128800,259300,237500
29022014,215029500,215159400,215014400,215046200,208,15100,145000,31800
29022015,215158900,215195000,215126800,215193500,174,32100,68200,66700
29022016,215186400,215231500,214874000,214874000,151,312400,357500,0
29022017,214833200,214999500,214777900,214999500,200,55300,221600,221600
29022018,215001400,215171300,214816200,215170900,251,185200,355100,354700
29022019,215170000,215183100,214986200,214986200,208,183800,196900,0
29022020,215080600,215187100,214884100,214996100,264,196500,303000,112000
29022021,215001700,215282100,214979400,215246100,255,22300,302700,266700
29022022,215237200,215298000,215129500,215287600,237,107700,168500,158100
29022023,215291900,215476900,215228100,215476400,175,63800,248800,248300
29022024,215473700,215839500,215434600,215815500,217,39100,404900,380900
29022025,215816000,215932400,215709300,215799300,236,106700,223100,90000
29022026,215803400,215886200,215646000,215882700,238,157400,240200,236700
29022027,215899300,216095100,215892100,215980200,230,7200,203000,88100
29022028,215979700,216174900,215926000,216157500,207,53700,248900,231500
29022029,216157000,216157000,215906000,215906000,223,251000,251000,0
29022030,215896000,216222500,215896000,216017700,201,0,326500,121700
29022031,216019000,216033400,215749000,215826800,247,270000,284400,77800
29022032,215824800,215868600,215710200,215754900,263,114600,158400,44700
29022033,215762400,216082400,215762400,216056500,239,0,320000,294100
29022034,216063400,216064400,215891600,215936000,218,171800,172800,44400
29022035,216052300,216511000,216007700,216346800,274,44600,503300,339100
29022036,216346300,216553500,216313200,216506400,278,33100,240300,193200
29022037,216506900,216531700,216234900,216243300,258,272000,296800,8400
29022038,216240900,216251500,216045900,216217900,205,195000,205600,172000
29022039,216218400,216508200,216174400,216235900,216,44000,333800,61500
29022040,216265900,216484300,216265900,216353400,235,0,218400,87500
29022041,216351400,216355900,216145900,216283700,189,205500,210000,137800
29022042,216283300,216421900,216209800,216350200,228,73500,212100,140400
29022043,216348100,216359500,216185900,216214600,132,162200,173600,28700
29022044,216212600,216214600,215926000,215926000,172,286600,288600,0
29022045,216042300,216282500,216037600,216278800,269,4700,244900,241200
29022046,216278300,216278300,215916000,216110900,220,362300,362300,194900
29022047,216125500,216183800,215997200,215999200,232,128300,186600,2000
29022048,215997200,216021400,215776000,215924900,181,221200,245400,148900
29022049,215926900,215971700,215716000,215716000,163,210900,255700,0
29022050,215840600,215840600,215653700,215763000,184,186900,186900,109300
29022051,215755700,215770600,215596000,215717000,142,159700,174600,121000
29022052,215715000,215725000,215555400,215555400,172,159600,169600,0
29022053,215554400,215614700,215486100,215614700,142,68300,128600,128600
29022054,215614700,215725500,215526100,215526100,159,88600,199400,0
29022055,215650900,215863900,215626800,215863400,183,24100,237100,236600
29022056,215860300,215888700,215756000,215801900,169,104300,132700,45900
29022057,215803900,216032200,215803900,215885800,223,0,228300,81900
29022058,215883900,215979700,215766000,215925600,183,117900,213700,159600
29022059,215927100,215927100,215526100,215526100,223,401000,401000,0
29022060,215526100,215671600,215526100,215671600,185,0,145500,145500
29022061,215675200,215820000,215636000,215713000,233,39200,184000,77000
29022062,215712500,215979000,215681400,215820300,240,31100,297600,138900
29022063,215821100,216083400,215821100,216075100,288,0,262300,254000
29022064,216074500,216173100,215956600,215995900,269,117900,216500,39300
29022065,216005900,216507900,216005900,216506800,255,0,502000,500900
29022066,216508800,216508800,216308900,216486100,249,199900,199900,177200
29022067,216496500,216527200,216092200,216124000,300,404300,435000,31800
29022068,216123500,216343300,216065900,216305000,287,57600,277400,239100
29022069,216303000,216529900,216286600,216345900,245,16400,243300,59300
29022070,216355800,216741300,216355800,216529500,268,0,385500,173700
29022071,216523500,216569500,216025900,216289900,226,497600,543600,264000
29022072,216291900,216298500,216204200,216206600,181,87700,94300,2400
29022073,216204100,216294600,216095900,216279700,203,108200,198700,183800
29022074,216279200,216307600,216165900,216165900,172,113300,141700,0
29022075,216279100,216399700,216279100,216399700,146,0,120600,120600
29022076,216404600,216511900,216135900,216357500,253,268700,376000,221600
29022077,216352200,216520600,216288200,216508500,223,64000,232400,220300
29022078,216515300,216781100,216515300,216778600,242,0,265800,263300
29022079,216778100,216857300,216715800,216715800,184,62300,141500,0
29022080,216829500,216933800,216731000,216928400,181,98500,202800,197400
29022081,216926700,216926700,216433100,216798800,268,493600,493600,365700
29022082,216799200,216967900,216763200,216897800,254,36000,204700,134600
29022083,216896600,217026900,216745800,217026800,237,150800,281100,281000
29022084,217050700,217229600,216996400,217065700,267,54300,233200,69300
29022085,217203700,217562400,217199800,217537200,252,3900,362600,337400
29022086,217541200,217649900,217345600,217486900,270,195600,304300,141300
29022087,217492000,217506400,217239800,217317300,242,252200,266600,77500
29022088,217322300,217465600,217265600,217463600,213,56700,200000,198000
29022089,217478800,217478800,216979700,216979700,215,499100,499100,0
29022090,216975700,217119500,216863800,216969900,175,111900,255700,106100
29022091,216970300,217023200,216809700,217020300,268,160600,213500,210600
29022092,217017900,217144000,216861500,217044100,272,156400,282500,182600
29022093,217040200,217188200,216926700,217097700,275,113500,261500,171000
29022094,217101900,217375100,217089100,217105700,232,12800,286000,16600
29022095,217239900,217432700,217152300,217209900,265,87600,280400,57600
29022096,217201900,217297400,217099100,217271200,214,102800,198300,172100
29022097,217273200,217310500,217188700,217252500,170,84500,121800,63800
29022098,217259200,217464300,217185600,217449000,253,73600,278700,263400
29022099,217431900,217431900,217145700,217145700,201,286200,286200,0
29022100,217283400,217534200,217283400,217533300,209,0,250800,249900
29022101,217523000,217523000,217235600,217387700,204,287400,287400,152100
29022102,217388200,217585000,217388200,217549900,241,0,196800,161700
29022103,217552300,217729200,217505600,217715100,235,46700,223600,209500
29022104,217714500,217783200,217625500,217625500,166,89000,157700,0
29022105,217615500,217817800,217603500,217774600,241,12000,214300,171100
29022106,217775500,217777900,217549500,217692400,252,226000,228400,142900
29022107,217687600,217936200,217502000,217895400,228,185600,434200,393400
29022108,217878400,218106800,217771600,218106800,271,106800,335200,335200
29022109,218091700,218411900,217865500,217865500,320,226200,546400,0
29022110,217999300,218041300,217843900,217850100,266,155400,197400,6200
29022111,217852200,218058300,217843200,218013800,288,9000,215100,170600
29022112,218013300,218110100,217769100,217771600,244,244200,341000,2500
29022113,217771100,217899100,217685500,217720000,259,85600,213600,34500
29022114,217731600,217788200,217535600,217535600,233,196000,252600,0
29022115,217674100,217725300,217556300,217578400,185,117800,169000,22100
29022116,217585600,217700400,217395600,217660000,251,190000,304800,264400
29022117,217681100,217685000,217581100,217641200,209,100000,103900,60100
29022118,217640600,217641700,217375600,217499300,216,265000,266100,123700
29022119,217497900,217584200,217425600,217425600,178,72300,158600,0
29022120,217435600,217640300,217316100,217356200,205,119500,324200,40100
